#  Band    State   TwistIndex BandIndex Energy      Kx      Ky      Kz      K1      K2      K3    KmK 
       0        0       10        0    -0.261433  0.1894  0.1093  0.1090  0.2500  0.0000  0.2500      1
       1        1       10        1    -0.250046  0.1894  0.1093  0.1090  0.2500  0.0000  0.2500      1
       2        2       10        2    -0.192423  0.1894  0.1093  0.1090  0.2500  0.0000  0.2500      1
       3        3       10        3    -0.157822  0.1894  0.1093  0.1090  0.2500  0.0000  0.2500      1
       4        4       10        4    -0.121220  0.1894  0.1093  0.1090  0.2500  0.0000  0.2500      1
       5        5       10        5     0.060754  0.1894  0.1093  0.1090  0.2500  0.0000  0.2500      1
       6        6       10        6     0.083376  0.1894  0.1093  0.1090  0.2500  0.0000  0.2500      1
       7        7       10        7     0.102524  0.1894  0.1093  0.1090  0.2500  0.0000  0.2500      1
       8        8       10        8     0.113838  0.1894  0.1093  0.1090  0.2500  0.0000  0.2500      1
       9        9       10        9     0.120020  0.1894  0.1093  0.1090  0.2500  0.0000  0.2500      1
      10       10       10       10     0.122150  0.1894  0.1093  0.1090  0.2500  0.0000  0.2500      1
      11       11       10       11     0.178290  0.1894  0.1093  0.1090  0.2500  0.0000  0.2500      1
      12       12       10       12     0.182359  0.1894  0.1093  0.1090  0.2500  0.0000  0.2500      1
      13       13       10       13     0.201586  0.1894  0.1093  0.1090  0.2500  0.0000  0.2500      1
      14       14       10       14     0.233961  0.1894  0.1093  0.1090  0.2500  0.0000  0.2500      1
      15       15       10       15     0.253470  0.1894  0.1093  0.1090  0.2500  0.0000  0.2500      1
      16       16       10       16     0.268238  0.1894  0.1093  0.1090  0.2500  0.0000  0.2500      1
      17       17       10       17     0.312439  0.1894  0.1093  0.1090  0.2500  0.0000  0.2500      1
      18       18       10       18     0.318832  0.1894  0.1093  0.1090  0.2500  0.0000  0.2500      1
      19       19       10       19     0.346840  0.1894  0.1093  0.1090  0.2500  0.0000  0.2500      1
      20       20       10       20     0.371777  0.1894  0.1093  0.1090  0.2500  0.0000  0.2500      1
      21       21       10       21     0.411450  0.1894  0.1093  0.1090  0.2500  0.0000  0.2500      1
      22       22       10       22     0.439415  0.1894  0.1093  0.1090  0.2500  0.0000  0.2500      1
      23       23       10       23     0.462468  0.1894  0.1093  0.1090  0.2500  0.0000  0.2500      1
      24       24       10       24     0.486188  0.1894  0.1093  0.1090  0.2500  0.0000  0.2500      1
      25       25       10       25     0.496665  0.1894  0.1093  0.1090  0.2500  0.0000  0.2500      1
      26       26       10       26     0.511582  0.1894  0.1093  0.1090  0.2500  0.0000  0.2500      1
      27       27       10       27     0.547196  0.1894  0.1093  0.1090  0.2500  0.0000  0.2500      1
      28       28       10       28     0.547374  0.1894  0.1093  0.1090  0.2500  0.0000  0.2500      1
      29       29       10       29     0.566145  0.1894  0.1093  0.1090  0.2500  0.0000  0.2500      1
      30       30       10       30     0.587614  0.1894  0.1093  0.1090  0.2500  0.0000  0.2500      1
      31       31       10       31     0.597960  0.1894  0.1093  0.1090  0.2500  0.0000  0.2500      1
      32       32       10       32     0.612869  0.1894  0.1093  0.1090  0.2500  0.0000  0.2500      1
      33       33       10       33     0.619173  0.1894  0.1093  0.1090  0.2500  0.0000  0.2500      1
      34       34       10       34     0.626788  0.1894  0.1093  0.1090  0.2500  0.0000  0.2500      1
      35       35       10       35     0.635384  0.1894  0.1093  0.1090  0.2500  0.0000  0.2500      1
      36       36       10       36     0.644800  0.1894  0.1093  0.1090  0.2500  0.0000  0.2500      1
      37       37       10       37     0.662275  0.1894  0.1093  0.1090  0.2500  0.0000  0.2500      1
      38       38       10       38     0.665842  0.1894  0.1093  0.1090  0.2500  0.0000  0.2500      1
      39       39       10       39     0.707606  0.1894  0.1093  0.1090  0.2500  0.0000  0.2500      1
      40       40       10       40     0.753314  0.1894  0.1093  0.1090  0.2500  0.0000  0.2500      1
      41       41       10       41     0.789974  0.1894  0.1093  0.1090  0.2500  0.0000  0.2500      1
      42       42       10       42     0.798866  0.1894  0.1093  0.1090  0.2500  0.0000  0.2500      1
      43       43       10       43     0.808281  0.1894  0.1093  0.1090  0.2500  0.0000  0.2500      1
      44       44       10       44     0.817699  0.1894  0.1093  0.1090  0.2500  0.0000  0.2500      1
      45       45       10       45     0.820872  0.1894  0.1093  0.1090  0.2500  0.0000  0.2500      1
      46       46       10       46     0.827841  0.1894  0.1093  0.1090  0.2500  0.0000  0.2500      1
      47       47       10       47     0.832210  0.1894  0.1093  0.1090  0.2500  0.0000  0.2500      1
      48       48       10       48     0.853588  0.1894  0.1093  0.1090  0.2500  0.0000  0.2500      1
      49       49       10       49     0.871285  0.1894  0.1093  0.1090  0.2500  0.0000  0.2500      1
      50       50       10       50     0.886247  0.1894  0.1093  0.1090  0.2500  0.0000  0.2500      1
      51       51       10       51     0.887828  0.1894  0.1093  0.1090  0.2500  0.0000  0.2500      1
      52       52       10       52     0.892674  0.1894  0.1093  0.1090  0.2500  0.0000  0.2500      1
      53       53       10       53     0.901833  0.1894  0.1093  0.1090  0.2500  0.0000  0.2500      1
      54       54       10       54     0.915711  0.1894  0.1093  0.1090  0.2500  0.0000  0.2500      1
      55       55       10       55     0.941600  0.1894  0.1093  0.1090  0.2500  0.0000  0.2500      1
      56       56       10       56     0.947974  0.1894  0.1093  0.1090  0.2500  0.0000  0.2500      1
      57       57       10       57     0.971039  0.1894  0.1093  0.1090  0.2500  0.0000  0.2500      1
      58       58       10       58     0.983312  0.1894  0.1093  0.1090  0.2500  0.0000  0.2500      1
      59       59       10       59     0.989941  0.1894  0.1093  0.1090  0.2500  0.0000  0.2500      1
      60       60       10       60     1.009314  0.1894  0.1093  0.1090  0.2500  0.0000  0.2500      1
      61       61       10       61     1.012991  0.1894  0.1093  0.1090  0.2500  0.0000  0.2500      1
      62       62       10       62     1.014110  0.1894  0.1093  0.1090  0.2500  0.0000  0.2500      1
      63       63       10       63     1.045486  0.1894  0.1093  0.1090  0.2500  0.0000  0.2500      1
      64       64       10       64     1.057622  0.1894  0.1093  0.1090  0.2500  0.0000  0.2500      1
      65       65       10       65     1.070696  0.1894  0.1093  0.1090  0.2500  0.0000  0.2500      1
      66       66       10       66     1.074754  0.1894  0.1093  0.1090  0.2500  0.0000  0.2500      1
      67       67       10       67     1.105285  0.1894  0.1093  0.1090  0.2500  0.0000  0.2500      1
      68       68       10       68     1.108858  0.1894  0.1093  0.1090  0.2500  0.0000  0.2500      1
      69       69       10       69     1.118011  0.1894  0.1093  0.1090  0.2500  0.0000  0.2500      1
      70       70       10       70     1.130796  0.1894  0.1093  0.1090  0.2500  0.0000  0.2500      1
      71       71       10       71     1.143247  0.1894  0.1093  0.1090  0.2500  0.0000  0.2500      1
      72       72       10       72     1.155206  0.1894  0.1093  0.1090  0.2500  0.0000  0.2500      1
      73       73       10       73     1.159675  0.1894  0.1093  0.1090  0.2500  0.0000  0.2500      1
      74       74       10       74     1.171159  0.1894  0.1093  0.1090  0.2500  0.0000  0.2500      1
      75       75       10       75     1.181239  0.1894  0.1093  0.1090  0.2500  0.0000  0.2500      1
      76       76       10       76     1.194748  0.1894  0.1093  0.1090  0.2500  0.0000  0.2500      1
      77       77       10       77     1.200301  0.1894  0.1093  0.1090  0.2500  0.0000  0.2500      1
      78       78       10       78     1.203825  0.1894  0.1093  0.1090  0.2500  0.0000  0.2500      1
      79       79       10       79     1.218581  0.1894  0.1093  0.1090  0.2500  0.0000  0.2500      1
      80       80       10       80     1.223120  0.1894  0.1093  0.1090  0.2500  0.0000  0.2500      1
      81       81       10       81     1.229300  0.1894  0.1093  0.1090  0.2500  0.0000  0.2500      1
      82       82       10       82     1.250322  0.1894  0.1093  0.1090  0.2500  0.0000  0.2500      1
      83       83       10       83     1.262042  0.1894  0.1093  0.1090  0.2500  0.0000  0.2500      1
      84       84       10       84     1.263155  0.1894  0.1093  0.1090  0.2500  0.0000  0.2500      1
      85       85       10       85     1.270183  0.1894  0.1093  0.1090  0.2500  0.0000  0.2500      1
      86       86       10       86     1.281807  0.1894  0.1093  0.1090  0.2500  0.0000  0.2500      1
      87       87       10       87     1.291711  0.1894  0.1093  0.1090  0.2500  0.0000  0.2500      1
      88       88       10       88     1.293305  0.1894  0.1093  0.1090  0.2500  0.0000  0.2500      1
      89       89       10       89     1.302615  0.1894  0.1093  0.1090  0.2500  0.0000  0.2500      1
      90       90       10       90     1.312452  0.1894  0.1093  0.1090  0.2500  0.0000  0.2500      1
      91       91       10       91     1.328531  0.1894  0.1093  0.1090  0.2500  0.0000  0.2500      1
      92       92       10       92     1.336278  0.1894  0.1093  0.1090  0.2500  0.0000  0.2500      1
      93       93       10       93     1.340809  0.1894  0.1093  0.1090  0.2500  0.0000  0.2500      1
      94       94       10       94     1.348453  0.1894  0.1093  0.1090  0.2500  0.0000  0.2500      1
      95       95       10       95     1.359226  0.1894  0.1093  0.1090  0.2500  0.0000  0.2500      1
      96       96       10       96     1.364221  0.1894  0.1093  0.1090  0.2500  0.0000  0.2500      1
      97       97       10       97     1.375234  0.1894  0.1093  0.1090  0.2500  0.0000  0.2500      1
      98       98       10       98     1.387363  0.1894  0.1093  0.1090  0.2500  0.0000  0.2500      1
      99       99       10       99     1.397840  0.1894  0.1093  0.1090  0.2500  0.0000  0.2500      1
