#  Band    State   TwistIndex BandIndex Energy      Kx      Ky      Kz      K1      K2      K3    KmK 
       0        0       11        0    -0.258169  0.2193  0.1266  0.0316  0.2895  0.0000 -0.0000      1
       1        1       11        1    -0.238916  0.2193  0.1266  0.0316  0.2895  0.0000 -0.0000      1
       2        2       11        2    -0.198163  0.2193  0.1266  0.0316  0.2895  0.0000 -0.0000      1
       3        3       11        3    -0.154228  0.2193  0.1266  0.0316  0.2895  0.0000 -0.0000      1
       4        4       11        4    -0.131885  0.2193  0.1266  0.0316  0.2895  0.0000 -0.0000      1
       5        5       11        5     0.052730  0.2193  0.1266  0.0316  0.2895  0.0000 -0.0000      1
       6        6       11        6     0.076488  0.2193  0.1266  0.0316  0.2895  0.0000 -0.0000      1
       7        7       11        7     0.087621  0.2193  0.1266  0.0316  0.2895  0.0000 -0.0000      1
       8        8       11        8     0.104950  0.2193  0.1266  0.0316  0.2895  0.0000 -0.0000      1
       9        9       11        9     0.120805  0.2193  0.1266  0.0316  0.2895  0.0000 -0.0000      1
      10       10       11       10     0.126765  0.2193  0.1266  0.0316  0.2895  0.0000 -0.0000      1
      11       11       11       11     0.171919  0.2193  0.1266  0.0316  0.2895  0.0000 -0.0000      1
      12       12       11       12     0.175766  0.2193  0.1266  0.0316  0.2895  0.0000 -0.0000      1
      13       13       11       13     0.187095  0.2193  0.1266  0.0316  0.2895  0.0000 -0.0000      1
      14       14       11       14     0.246672  0.2193  0.1266  0.0316  0.2895  0.0000 -0.0000      1
      15       15       11       15     0.264098  0.2193  0.1266  0.0316  0.2895  0.0000 -0.0000      1
      16       16       11       16     0.269995  0.2193  0.1266  0.0316  0.2895  0.0000 -0.0000      1
      17       17       11       17     0.311790  0.2193  0.1266  0.0316  0.2895  0.0000 -0.0000      1
      18       18       11       18     0.317170  0.2193  0.1266  0.0316  0.2895  0.0000 -0.0000      1
      19       19       11       19     0.356212  0.2193  0.1266  0.0316  0.2895  0.0000 -0.0000      1
      20       20       11       20     0.363972  0.2193  0.1266  0.0316  0.2895  0.0000 -0.0000      1
      21       21       11       21     0.427455  0.2193  0.1266  0.0316  0.2895  0.0000 -0.0000      1
      22       22       11       22     0.441712  0.2193  0.1266  0.0316  0.2895  0.0000 -0.0000      1
      23       23       11       23     0.488450  0.2193  0.1266  0.0316  0.2895  0.0000 -0.0000      1
      24       24       11       24     0.497544  0.2193  0.1266  0.0316  0.2895  0.0000 -0.0000      1
      25       25       11       25     0.506612  0.2193  0.1266  0.0316  0.2895  0.0000 -0.0000      1
      26       26       11       26     0.530210  0.2193  0.1266  0.0316  0.2895  0.0000 -0.0000      1
      27       27       11       27     0.534469  0.2193  0.1266  0.0316  0.2895  0.0000 -0.0000      1
      28       28       11       28     0.562176  0.2193  0.1266  0.0316  0.2895  0.0000 -0.0000      1
      29       29       11       29     0.574786  0.2193  0.1266  0.0316  0.2895  0.0000 -0.0000      1
      30       30       11       30     0.575482  0.2193  0.1266  0.0316  0.2895  0.0000 -0.0000      1
      31       31       11       31     0.586517  0.2193  0.1266  0.0316  0.2895  0.0000 -0.0000      1
      32       32       11       32     0.593950  0.2193  0.1266  0.0316  0.2895  0.0000 -0.0000      1
      33       33       11       33     0.605458  0.2193  0.1266  0.0316  0.2895  0.0000 -0.0000      1
      34       34       11       34     0.649201  0.2193  0.1266  0.0316  0.2895  0.0000 -0.0000      1
      35       35       11       35     0.658681  0.2193  0.1266  0.0316  0.2895  0.0000 -0.0000      1
      36       36       11       36     0.690073  0.2193  0.1266  0.0316  0.2895  0.0000 -0.0000      1
      37       37       11       37     0.696346  0.2193  0.1266  0.0316  0.2895  0.0000 -0.0000      1
      38       38       11       38     0.710861  0.2193  0.1266  0.0316  0.2895  0.0000 -0.0000      1
      39       39       11       39     0.715960  0.2193  0.1266  0.0316  0.2895  0.0000 -0.0000      1
      40       40       11       40     0.773125  0.2193  0.1266  0.0316  0.2895  0.0000 -0.0000      1
      41       41       11       41     0.782730  0.2193  0.1266  0.0316  0.2895  0.0000 -0.0000      1
      42       42       11       42     0.790893  0.2193  0.1266  0.0316  0.2895  0.0000 -0.0000      1
      43       43       11       43     0.802958  0.2193  0.1266  0.0316  0.2895  0.0000 -0.0000      1
      44       44       11       44     0.810216  0.2193  0.1266  0.0316  0.2895  0.0000 -0.0000      1
      45       45       11       45     0.819838  0.2193  0.1266  0.0316  0.2895  0.0000 -0.0000      1
      46       46       11       46     0.828668  0.2193  0.1266  0.0316  0.2895  0.0000 -0.0000      1
      47       47       11       47     0.831378  0.2193  0.1266  0.0316  0.2895  0.0000 -0.0000      1
      48       48       11       48     0.841975  0.2193  0.1266  0.0316  0.2895  0.0000 -0.0000      1
      49       49       11       49     0.852359  0.2193  0.1266  0.0316  0.2895  0.0000 -0.0000      1
      50       50       11       50     0.857207  0.2193  0.1266  0.0316  0.2895  0.0000 -0.0000      1
      51       51       11       51     0.866302  0.2193  0.1266  0.0316  0.2895  0.0000 -0.0000      1
      52       52       11       52     0.872874  0.2193  0.1266  0.0316  0.2895  0.0000 -0.0000      1
      53       53       11       53     0.876496  0.2193  0.1266  0.0316  0.2895  0.0000 -0.0000      1
      54       54       11       54     0.900751  0.2193  0.1266  0.0316  0.2895  0.0000 -0.0000      1
      55       55       11       55     0.907785  0.2193  0.1266  0.0316  0.2895  0.0000 -0.0000      1
      56       56       11       56     0.932108  0.2193  0.1266  0.0316  0.2895  0.0000 -0.0000      1
      57       57       11       57     0.964334  0.2193  0.1266  0.0316  0.2895  0.0000 -0.0000      1
      58       58       11       58     0.977972  0.2193  0.1266  0.0316  0.2895  0.0000 -0.0000      1
      59       59       11       59     0.982464  0.2193  0.1266  0.0316  0.2895  0.0000 -0.0000      1
      60       60       11       60     0.994072  0.2193  0.1266  0.0316  0.2895  0.0000 -0.0000      1
      61       61       11       61     1.020722  0.2193  0.1266  0.0316  0.2895  0.0000 -0.0000      1
      62       62       11       62     1.034855  0.2193  0.1266  0.0316  0.2895  0.0000 -0.0000      1
      63       63       11       63     1.037956  0.2193  0.1266  0.0316  0.2895  0.0000 -0.0000      1
      64       64       11       64     1.053276  0.2193  0.1266  0.0316  0.2895  0.0000 -0.0000      1
      65       65       11       65     1.053401  0.2193  0.1266  0.0316  0.2895  0.0000 -0.0000      1
      66       66       11       66     1.072658  0.2193  0.1266  0.0316  0.2895  0.0000 -0.0000      1
      67       67       11       67     1.082465  0.2193  0.1266  0.0316  0.2895  0.0000 -0.0000      1
      68       68       11       68     1.103157  0.2193  0.1266  0.0316  0.2895  0.0000 -0.0000      1
      69       69       11       69     1.122210  0.2193  0.1266  0.0316  0.2895  0.0000 -0.0000      1
      70       70       11       70     1.125988  0.2193  0.1266  0.0316  0.2895  0.0000 -0.0000      1
      71       71       11       71     1.131868  0.2193  0.1266  0.0316  0.2895  0.0000 -0.0000      1
      72       72       11       72     1.150298  0.2193  0.1266  0.0316  0.2895  0.0000 -0.0000      1
      73       73       11       73     1.162152  0.2193  0.1266  0.0316  0.2895  0.0000 -0.0000      1
      74       74       11       74     1.174682  0.2193  0.1266  0.0316  0.2895  0.0000 -0.0000      1
      75       75       11       75     1.183035  0.2193  0.1266  0.0316  0.2895  0.0000 -0.0000      1
      76       76       11       76     1.187297  0.2193  0.1266  0.0316  0.2895  0.0000 -0.0000      1
      77       77       11       77     1.193181  0.2193  0.1266  0.0316  0.2895  0.0000 -0.0000      1
      78       78       11       78     1.214049  0.2193  0.1266  0.0316  0.2895  0.0000 -0.0000      1
      79       79       11       79     1.215673  0.2193  0.1266  0.0316  0.2895  0.0000 -0.0000      1
      80       80       11       80     1.218334  0.2193  0.1266  0.0316  0.2895  0.0000 -0.0000      1
      81       81       11       81     1.236318  0.2193  0.1266  0.0316  0.2895  0.0000 -0.0000      1
      82       82       11       82     1.240616  0.2193  0.1266  0.0316  0.2895  0.0000 -0.0000      1
      83       83       11       83     1.247886  0.2193  0.1266  0.0316  0.2895  0.0000 -0.0000      1
      84       84       11       84     1.257738  0.2193  0.1266  0.0316  0.2895  0.0000 -0.0000      1
      85       85       11       85     1.266147  0.2193  0.1266  0.0316  0.2895  0.0000 -0.0000      1
      86       86       11       86     1.276663  0.2193  0.1266  0.0316  0.2895  0.0000 -0.0000      1
      87       87       11       87     1.286138  0.2193  0.1266  0.0316  0.2895  0.0000 -0.0000      1
      88       88       11       88     1.290259  0.2193  0.1266  0.0316  0.2895  0.0000 -0.0000      1
      89       89       11       89     1.298076  0.2193  0.1266  0.0316  0.2895  0.0000 -0.0000      1
      90       90       11       90     1.301285  0.2193  0.1266  0.0316  0.2895  0.0000 -0.0000      1
      91       91       11       91     1.314764  0.2193  0.1266  0.0316  0.2895  0.0000 -0.0000      1
      92       92       11       92     1.325568  0.2193  0.1266  0.0316  0.2895  0.0000 -0.0000      1
      93       93       11       93     1.329851  0.2193  0.1266  0.0316  0.2895  0.0000 -0.0000      1
      94       94       11       94     1.347600  0.2193  0.1266  0.0316  0.2895  0.0000 -0.0000      1
      95       95       11       95     1.361700  0.2193  0.1266  0.0316  0.2895  0.0000 -0.0000      1
      96       96       11       96     1.362342  0.2193  0.1266  0.0316  0.2895  0.0000 -0.0000      1
      97       97       11       97     1.383175  0.2193  0.1266  0.0316  0.2895  0.0000 -0.0000      1
      98       98       11       98     1.390549  0.2193  0.1266  0.0316  0.2895  0.0000 -0.0000      1
      99       99       11       99     1.390851  0.2193  0.1266  0.0316  0.2895  0.0000 -0.0000      1
