#   index    LocalEnergy         LocalEnergy_sq      LocalPotential      Kinetic             LocalECP            NonLocalECP         ElecElec            IonIon              BlockWeight         BlockCPU            AcceptRatio         
         0   -3.5790611127e+01    1.2816038339e+03   -4.7986097909e+01    1.2195486782e+01   -8.7134054778e+00    3.6328105681e+00   -6.4874035248e+00   -3.6418099474e+01    2.0478327270e+04    2.0487873000e+00    9.9894660472e-01
         1   -3.5814681911e+01    1.2833606183e+03   -4.7920043389e+01    1.2105361478e+01   -8.7099236284e+00    3.6745383761e+00   -6.4665586625e+00   -3.6418099474e+01    2.0486999516e+04    2.0545190900e+00    9.9899059985e-01
         2   -3.5823413441e+01    1.2839627945e+03   -4.7889352841e+01    1.2065939400e+01   -8.7610758691e+00    3.7479785964e+00   -6.4581560939e+00   -3.6418099474e+01    2.0511900355e+04    2.0553161820e+00    9.9906363130e-01
         3   -3.5823792811e+01    1.2840369075e+03   -4.7972105167e+01    1.2148312355e+01   -8.6960677348e+00    3.5976187232e+00   -6.4555566807e+00   -3.6418099474e+01    2.0448384457e+04    2.0611198140e+00    9.9903762855e-01
         4   -3.5817900491e+01    1.2835940048e+03   -4.8013492877e+01    1.2195592386e+01   -8.7015605095e+00    3.5656666237e+00   -6.4594995173e+00   -3.6418099474e+01    2.0610857100e+04    2.0669238920e+00    9.9905052983e-01
         5   -3.5822743102e+01    1.2839596162e+03   -4.7993558361e+01    1.2170815259e+01   -8.7557292515e+00    3.6340108441e+00   -6.4537404790e+00   -3.6418099474e+01    2.0597804247e+04    2.0683942170e+00    9.9908802785e-01
         6   -3.5811154753e+01    1.2831023153e+03   -4.8058144852e+01    1.2246990099e+01   -8.7045055387e+00    3.5320830175e+00   -6.4676228571e+00   -3.6418099474e+01    2.0438286847e+04    2.0311962320e+00    9.9897435001e-01
         7   -3.5801954117e+01    1.2824710678e+03   -4.7978823165e+01    1.2176869049e+01   -8.7388048411e+00    3.6543795774e+00   -6.4762984276e+00   -3.6418099474e+01    2.0428907418e+04    2.0474194830e+00    9.9895646884e-01
         8   -3.5803650912e+01    1.2825896967e+03   -4.7935694277e+01    1.2132043365e+01   -8.7516184169e+00    3.7148716238e+00   -6.4808480099e+00   -3.6418099474e+01    2.0384785652e+04    2.0357999510e+00    9.9896812939e-01
         9   -3.5806437877e+01    1.2827910343e+03   -4.8007704520e+01    1.2201266643e+01   -8.8143670729e+00    3.7121786189e+00   -6.4874165914e+00   -3.6418099474e+01    2.0476144947e+04    2.0607649960e+00    9.9898322939e-01
        10   -3.5818460721e+01    1.2836864946e+03   -4.8054643238e+01    1.2236182517e+01   -8.8236249641e+00    3.6570314147e+00   -6.4699502145e+00   -3.6418099474e+01    2.0545410968e+04    2.0559945530e+00    9.9902305045e-01
        11   -3.5821571599e+01    1.2839410334e+03   -4.8025110703e+01    1.2203539104e+01   -8.8414394251e+00    3.7052872367e+00   -6.4708590405e+00   -3.6418099474e+01    2.0666518059e+04    2.0895523660e+00    9.9889921130e-01
        12   -3.5841823902e+01    1.2853869332e+03   -4.8026481949e+01    1.2184658047e+01   -8.8848762110e+00    3.7361441385e+00   -6.4596504024e+00   -3.6418099474e+01    2.0793025562e+04    2.0834466180e+00    9.9896589871e-01
        13   -3.5838376772e+01    1.2852209927e+03   -4.7894851211e+01    1.2056474439e+01   -8.8516578864e+00    3.8335138456e+00   -6.4586076959e+00   -3.6418099474e+01    2.0803912701e+04    2.0879307220e+00    9.9900941485e-01
        14   -3.5822732534e+01    1.2840371730e+03   -4.7779568381e+01    1.1956835847e+01   -8.8086120660e+00    3.9305268745e+00   -6.4833837157e+00   -3.6418099474e+01    2.0679495544e+04    2.0768808790e+00    9.9896730608e-01
        15   -3.5820485695e+01    1.2838162608e+03   -4.7830664167e+01    1.2010178471e+01   -8.7711285211e+00    3.8590078833e+00   -6.5004440545e+00   -3.6418099474e+01    2.0729009571e+04    2.0825572250e+00    9.9896635129e-01
        16   -3.5805289681e+01    1.2826623784e+03   -4.7871445848e+01    1.2066156168e+01   -8.7116849243e+00    3.7601988644e+00   -6.5018603144e+00   -3.6418099474e+01    2.0628478110e+04    2.0782467890e+00    9.9894586342e-01
        17   -3.5814506797e+01    1.2833718157e+03   -4.7885332680e+01    1.2070825883e+01   -8.7072547975e+00    3.7089593993e+00   -6.4689378071e+00   -3.6418099474e+01    2.0605898478e+04    2.0794701660e+00    9.9900524068e-01
        18   -3.5825834265e+01    1.2841925245e+03   -4.7952382291e+01    1.2126548026e+01   -8.7678072482e+00    3.6964591707e+00   -6.4629347389e+00   -3.6418099474e+01    2.0698046449e+04    2.0742450440e+00    9.9896992953e-01
        19   -3.5826510573e+01    1.2842400396e+03   -4.7926240424e+01    1.2099729851e+01   -8.7824320708e+00    3.7517218139e+00   -6.4774306928e+00   -3.6418099474e+01    2.0671885570e+04    2.0830037470e+00    9.9900313744e-01
        20   -3.5800436685e+01    1.2823381955e+03   -4.8054426224e+01    1.2253989540e+01   -8.7785669121e+00    3.6303708847e+00   -6.4881307229e+00   -3.6418099474e+01    2.0635582560e+04    2.0713136160e+00    9.9903970599e-01
        21   -3.5800452367e+01    1.2823279586e+03   -4.8011104266e+01    1.2210651900e+01   -8.7977653309e+00    3.6945693689e+00   -6.4898088302e+00   -3.6418099474e+01    2.0440640299e+04    2.0393386100e+00    9.9898503228e-01
        22   -3.5817207825e+01    1.2835421953e+03   -4.7972827475e+01    1.2155619650e+01   -8.8033410926e+00    3.7387979517e+00   -6.4901848600e+00   -3.6418099474e+01    2.0407788830e+04    2.0443931460e+00    9.9901994414e-01
        23   -3.5808245919e+01    1.2828943057e+03   -4.7912717346e+01    1.2104471427e+01   -8.7840079043e+00    3.7889972756e+00   -6.4996072431e+00   -3.6418099474e+01    2.0442489128e+04    2.0422598730e+00    9.9895358750e-01
        24   -3.5799160333e+01    1.2822437817e+03   -4.7986531154e+01    1.2187370821e+01   -8.7375418866e+00    3.6764208081e+00   -6.5073106011e+00   -3.6418099474e+01    2.0402126548e+04    2.0409163120e+00    9.9897084048e-01
        25   -3.5834114402e+01    1.2848008930e+03   -4.7988309478e+01    1.2154195077e+01   -8.7991391281e+00    3.7135474783e+00   -6.4846183542e+00   -3.6418099474e+01    2.0455695379e+04    2.0498441220e+00    9.9903956302e-01
        26   -3.5821164384e+01    1.2838497265e+03   -4.7956784724e+01    1.2135620340e+01   -8.7624664876e+00    3.7115866340e+00   -6.4878053958e+00   -3.6418099474e+01    2.0497741665e+04    2.0523402680e+00    9.9899288398e-01
        27   -3.5818774972e+01    1.2836643115e+03   -4.7917380440e+01    1.2098605468e+01   -8.8477370675e+00    3.8349632932e+00   -6.4865071917e+00   -3.6418099474e+01    2.0520036487e+04    2.0717975920e+00    9.9895920356e-01
        28   -3.5823859427e+01    1.2840483871e+03   -4.7908956816e+01    1.2085097389e+01   -8.8712552421e+00    3.8491487012e+00   -6.4687508006e+00   -3.6418099474e+01    2.0613240812e+04    2.0667479910e+00    9.9894310802e-01
        29   -3.5826084878e+01    1.2841936916e+03   -4.7960835318e+01    1.2134750440e+01   -8.7803940274e+00    3.7190515863e+00   -6.4813934024e+00   -3.6418099474e+01    2.0657919467e+04    2.0727276440e+00    9.9901629255e-01
        30   -3.5824155183e+01    1.2840522230e+03   -4.7946410201e+01    1.2122255018e+01   -8.7621039072e+00    3.6932545055e+00   -6.4594613253e+00   -3.6418099474e+01    2.0600140678e+04    2.0642348740e+00    9.9905166436e-01
        31   -3.5823347988e+01    1.2840268613e+03   -4.8011652009e+01    1.2188304022e+01   -8.7297266088e+00    3.5789548345e+00   -6.4427807608e+00   -3.6418099474e+01    2.0640557709e+04    2.0699128590e+00    9.9900164029e-01
        32   -3.5826302156e+01    1.2842445868e+03   -4.7983656610e+01    1.2157354454e+01   -8.7639931596e+00    3.6508258552e+00   -6.4523898315e+00   -3.6418099474e+01    2.0579379388e+04    2.0963596760e+00    9.9900383886e-01
        33   -3.5818375506e+01    1.2836802664e+03   -4.7914772196e+01    1.2096396689e+01   -8.7762263077e+00    3.7253490927e+00   -6.4457955065e+00   -3.6418099474e+01    2.0596971466e+04    2.0639954930e+00    9.9901862872e-01
        34   -3.5826420584e+01    1.2842812062e+03   -4.7871870072e+01    1.2045449488e+01   -8.7627162520e+00    3.7123251475e+00   -6.4033794931e+00   -3.6418099474e+01    2.0721888712e+04    2.0769074230e+00    9.9901420782e-01
        35   -3.5827017969e+01    1.2842816123e+03   -4.7863943825e+01    1.2036925856e+01   -8.8243749494e+00    3.7764311027e+00   -6.3979005045e+00   -3.6418099474e+01    2.0790335390e+04    2.0920117850e+00    9.9898312538e-01
        36   -3.5814725074e+01    1.2834183273e+03   -4.7946521424e+01    1.2131796351e+01   -8.7602550616e+00    3.6669631954e+00   -6.4351300839e+00   -3.6418099474e+01    2.0657407884e+04    2.0675944190e+00    9.9901293044e-01
        37   -3.5838010538e+01    1.2850962513e+03   -4.7947917940e+01    1.2109907403e+01   -8.7451624371e+00    3.6694912482e+00   -6.4541472772e+00   -3.6418099474e+01    2.0553824674e+04    2.0532182310e+00    9.9900943298e-01
        38   -3.5815782239e+01    1.2834785064e+03   -4.7914028183e+01    1.2098245944e+01   -8.7036210835e+00    3.6741690538e+00   -6.4664766790e+00   -3.6418099474e+01    2.0557841417e+04    2.0551479950e+00    9.9902024140e-01
        39   -3.5826880008e+01    1.2842726209e+03   -4.7933795589e+01    1.2106915581e+01   -8.8161285636e+00    3.7621660030e+00   -6.4617335543e+00   -3.6418099474e+01    2.0593268098e+04    2.0558111350e+00    9.9909469931e-01
        40   -3.5823020445e+01    1.2839779495e+03   -4.7992602224e+01    1.2169581779e+01   -8.8790932315e+00    3.7790534475e+00   -6.4744629654e+00   -3.6418099474e+01    2.0472615350e+04    2.0443114140e+00    9.9899339865e-01
        41   -3.5834174590e+01    1.2848085055e+03   -4.7998698970e+01    1.2164524380e+01   -8.8688298902e+00    3.7866972032e+00   -6.4984668083e+00   -3.6418099474e+01    2.0456259553e+04    2.0473533420e+00    9.9896277878e-01
        42   -3.5838696011e+01    1.2850871310e+03   -4.7928238482e+01    1.2089542472e+01   -8.8512080594e+00    3.8096126562e+00   -6.4685436051e+00   -3.6418099474e+01    2.0409270004e+04    2.0493006300e+00    9.9897784157e-01
        43   -3.5834628296e+01    1.2848190376e+03   -4.7927744078e+01    1.2093115783e+01   -8.8312958186e+00    3.7620851035e+00   -6.4404338889e+00   -3.6418099474e+01    2.0455135773e+04    2.0478684540e+00    9.9892954933e-01
        44   -3.5836767989e+01    1.2849966244e+03   -4.8008606824e+01    1.2171838835e+01   -8.8542503733e+00    3.6969445948e+00   -6.4332015710e+00   -3.6418099474e+01    2.0580384427e+04    2.0644385410e+00    9.9897602155e-01
        45   -3.5824244295e+01    1.2841006058e+03   -4.7885545632e+01    1.2061301336e+01   -8.8147933226e+00    3.7788434051e+00   -6.4314962398e+00   -3.6418099474e+01    2.0651263218e+04    2.0786431220e+00    9.9889149442e-01
        46   -3.5831417088e+01    1.2846478521e+03   -4.7851940591e+01    1.2020523503e+01   -8.8036438558e+00    3.7971767662e+00   -6.4273740275e+00   -3.6418099474e+01    2.0817555367e+04    2.1046939310e+00    9.9901017614e-01
        47   -3.5839465009e+01    1.2851493683e+03   -4.7812068005e+01    1.1972602996e+01   -8.7743323496e+00    3.8439281752e+00   -6.4635643566e+00   -3.6418099474e+01    2.0829091664e+04    2.0903353910e+00    9.9896778530e-01
        48   -3.5811697681e+01    1.2831607138e+03   -4.7896462903e+01    1.2084765222e+01   -8.7430126133e+00    3.7496453415e+00   -6.4849961565e+00   -3.6418099474e+01    2.0879514523e+04    2.0920749010e+00    9.9902185437e-01
        49   -3.5796501395e+01    1.2820964397e+03   -4.7938324503e+01    1.2141823108e+01   -8.7942099851e+00    3.7489855890e+00   -6.4750006323e+00   -3.6418099474e+01    2.0885591824e+04    2.0830515420e+00    9.9900352101e-01
        50   -3.5807713440e+01    1.2828817351e+03   -4.7786765871e+01    1.1979052431e+01   -8.8356132351e+00    3.9493178987e+00   -6.4823710605e+00   -3.6418099474e+01    2.0705576145e+04    2.0757378310e+00    9.9903088076e-01
        51   -3.5815696712e+01    1.2835045447e+03   -4.7795207723e+01    1.1979511011e+01   -8.7697569063e+00    3.8847331936e+00   -6.4920845360e+00   -3.6418099474e+01    2.0624632139e+04    2.0718555430e+00    9.9896287113e-01
        52   -3.5827999794e+01    1.2843338017e+03   -4.7853031633e+01    1.2025031838e+01   -8.7466259695e+00    3.8249913703e+00   -6.5132975593e+00   -3.6418099474e+01    2.0667343156e+04    2.0704510020e+00    9.9892691255e-01
        53   -3.5839930382e+01    1.2851636442e+03   -4.7924277132e+01    1.2084346750e+01   -8.7067306168e+00    3.7086819636e+00   -6.5081290049e+00   -3.6418099474e+01    2.0589722936e+04    2.0615290130e+00    9.9903198274e-01
        54   -3.5836842484e+01    1.2849839200e+03   -4.7848137009e+01    1.2011294525e+01   -8.7515505174e+00    3.8252669996e+00   -6.5037540167e+00   -3.6418099474e+01    2.0662514535e+04    2.0667692370e+00    9.9895766351e-01
        55   -3.5843233204e+01    1.2854776816e+03   -4.7969176833e+01    1.2125943629e+01   -8.7766976324e+00    3.7380744391e+00   -6.5124541657e+00   -3.6418099474e+01    2.0748803009e+04    2.0839884230e+00    9.9899641256e-01
        56   -3.5834638365e+01    1.2848520273e+03   -4.7977563995e+01    1.2142925630e+01   -8.9252809643e+00    3.8710823426e+00   -6.5052658987e+00   -3.6418099474e+01    2.0792617135e+04    2.0879790830e+00    9.9896599817e-01
        57   -3.5846910927e+01    1.2857690559e+03   -4.8107911633e+01    1.2261000706e+01   -8.8986800951e+00    3.7026667895e+00   -6.4937988528e+00   -3.6418099474e+01    2.0830779474e+04    2.0928452940e+00    9.9902608314e-01
        58   -3.5853593637e+01    1.2862564909e+03   -4.8032010045e+01    1.2178416408e+01   -8.9570466868e+00    3.8493538792e+00   -6.5062177635e+00   -3.6418099474e+01    2.0795051083e+04    2.0929817410e+00    9.9896251305e-01
        59   -3.5859589972e+01    1.2867089555e+03   -4.7970617598e+01    1.2111027627e+01   -8.9753471197e+00    3.9179053792e+00   -6.4950763836e+00   -3.6418099474e+01    2.0807272669e+04    2.0844767310e+00    9.9900083092e-01
        60   -3.5854234511e+01    1.2862307859e+03   -4.7972255119e+01    1.2118020609e+01   -8.9907456577e+00    3.9290006663e+00   -6.4924106539e+00   -3.6418099474e+01    2.0878098106e+04    2.0969107580e+00    9.9895471218e-01
        61   -3.5851045220e+01    1.2860164925e+03   -4.7999003154e+01    1.2147957934e+01   -8.9863689386e+00    3.8834317176e+00   -6.4779664590e+00   -3.6418099474e+01    2.0823556966e+04    2.1057340790e+00    9.9895881219e-01
        62   -3.5829357441e+01    1.2845053930e+03   -4.8099614463e+01    1.2270257022e+01   -8.9347971751e+00    3.7241447092e+00   -6.4708625227e+00   -3.6418099474e+01    2.0957068050e+04    2.0994582830e+00    9.9900495478e-01
        63   -3.5842309139e+01    1.2854463259e+03   -4.8051425032e+01    1.2209115893e+01   -8.9365784788e+00    3.7743146613e+00   -6.4710617407e+00   -3.6418099474e+01    2.0977496236e+04    2.0903573980e+00    9.9888834413e-01
        64   -3.5861549553e+01    1.2869009984e+03   -4.8012065760e+01    1.2150516207e+01   -8.8881060201e+00    3.7574402400e+00   -6.4633005053e+00   -3.6418099474e+01    2.0889210550e+04    2.0842369010e+00    9.9898946029e-01
        65   -3.5826004593e+01    1.2842991500e+03   -4.7991599867e+01    1.2165595274e+01   -8.9298374666e+00    3.7977443869e+00   -6.4414073136e+00   -3.6418099474e+01    2.0884217365e+04    2.0868897860e+00    9.9897754008e-01
        66   -3.5836681322e+01    1.2850974999e+03   -4.8034417493e+01    1.2197736171e+01   -8.9592179872e+00    3.7855261535e+00   -6.4426261847e+00   -3.6418099474e+01    2.0813405429e+04    2.0810417550e+00    9.9891390138e-01
        67   -3.5830625670e+01    1.2846169498e+03   -4.7886824020e+01    1.2056198350e+01   -8.9141342683e+00    3.9084572410e+00   -6.4630475181e+00   -3.6418099474e+01    2.0785241638e+04    2.0838603350e+00    9.9889187443e-01
        68   -3.5803795939e+01    1.2826250336e+03   -4.7944567593e+01    1.2140771654e+01   -8.8067598088e+00    3.7518831072e+00   -6.4715914171e+00   -3.6418099474e+01    2.0766685646e+04    2.0825532130e+00    9.9897880592e-01
        69   -3.5807753617e+01    1.2828929051e+03   -4.7959937254e+01    1.2152183637e+01   -8.8334254348e+00    3.7350639692e+00   -6.4434763141e+00   -3.6418099474e+01    2.0522715105e+04    2.0583270400e+00    9.9900479508e-01
        70   -3.5792847242e+01    1.2818513779e+03   -4.7900144668e+01    1.2107297426e+01   -8.8405005180e+00    3.7964665922e+00   -6.4380112682e+00   -3.6418099474e+01    2.0509998463e+04    2.0603646010e+00    9.9897993998e-01
        71   -3.5815682904e+01    1.2834877798e+03   -4.7923870385e+01    1.2108187481e+01   -8.7792233912e+00    3.7317102406e+00   -6.4582577604e+00   -3.6418099474e+01    2.0550347813e+04    2.0803310400e+00    9.9902690605e-01
        72   -3.5805190828e+01    1.2827123013e+03   -4.7909017663e+01    1.2103826835e+01   -8.7778477567e+00    3.7436308692e+00   -6.4567013017e+00   -3.6418099474e+01    2.0505709000e+04    2.0585243730e+00    9.9894824824e-01
        73   -3.5802792256e+01    1.2825093792e+03   -4.7933687731e+01    1.2130895475e+01   -8.7754230433e+00    3.6944465578e+00   -6.4346117713e+00   -3.6418099474e+01    2.0632451224e+04    2.0754304540e+00    9.9898592056e-01
        74   -3.5811545186e+01    1.2831535144e+03   -4.7931322823e+01    1.2119777637e+01   -8.8006693125e+00    3.7055224957e+00   -6.4180765316e+00   -3.6418099474e+01    2.0811157683e+04    2.0798695320e+00    9.9898091532e-01
        75   -3.5802680666e+01    1.2825370328e+03   -4.7834899390e+01    1.2032218724e+01   -8.8577497438e+00    3.8572094306e+00   -6.4162596024e+00   -3.6418099474e+01    2.0887538089e+04    2.0893249970e+00    9.9897280409e-01
        76   -3.5814915720e+01    1.2834047911e+03   -4.7846666602e+01    1.2031750882e+01   -8.8376316845e+00    3.8410576489e+00   -6.4319930924e+00   -3.6418099474e+01    2.0817157309e+04    2.0766477770e+00    9.9894176083e-01
        77   -3.5831823313e+01    1.2845982823e+03   -4.7896118781e+01    1.2064295468e+01   -8.9116428279e+00    3.8923277814e+00   -6.4587042601e+00   -3.6418099474e+01    2.0772851639e+04    2.1097666700e+00    9.9898912102e-01
        78   -3.5853342935e+01    1.2861929973e+03   -4.7998371276e+01    1.2145028341e+01   -8.9420604506e+00    3.8621688808e+00   -6.5003802319e+00   -3.6418099474e+01    2.0869836636e+04    2.0873729770e+00    9.9900565459e-01
        79   -3.5834841935e+01    1.2848075530e+03   -4.7965356322e+01    1.2130514387e+01   -8.8908578879e+00    3.8522963079e+00   -6.5086952682e+00   -3.6418099474e+01    2.0968788444e+04    2.0911040740e+00    9.9895433830e-01
        80   -3.5824760616e+01    1.2840958887e+03   -4.7988690015e+01    1.2163929399e+01   -8.8142763277e+00    3.7571659871e+00   -6.5134802006e+00   -3.6418099474e+01    2.1036264524e+04    2.1160145500e+00    9.9900199601e-01
        81   -3.5826047483e+01    1.2841972514e+03   -4.7907358306e+01    1.2081310823e+01   -8.8723419905e+00    3.8580828445e+00   -6.4749996855e+00   -3.6418099474e+01    2.0946458167e+04    2.0964920860e+00    9.9901129847e-01
        82   -3.5835255161e+01    1.2848609668e+03   -4.7957813934e+01    1.2122558772e+01   -8.8042214833e+00    3.7810483564e+00   -6.5165413327e+00   -3.6418099474e+01    2.0934775356e+04    2.0922558950e+00    9.9904304751e-01
        83   -3.5832457269e+01    1.2846763053e+03   -4.8049757123e+01    1.2217299854e+01   -8.7382327437e+00    3.6376477277e+00   -6.5310726330e+00   -3.6418099474e+01    2.1026329031e+04    2.0984851090e+00    9.9908124448e-01
        84   -3.5836280462e+01    1.2849741485e+03   -4.7989081168e+01    1.2152800706e+01   -8.8020419580e+00    3.7717355251e+00   -6.5406752611e+00   -3.6418099474e+01    2.0904885495e+04    2.0856783260e+00    9.9890672297e-01
        85   -3.5839612602e+01    1.2851763518e+03   -4.7856171283e+01    1.2016558682e+01   -8.9049163612e+00    3.9877976246e+00   -6.5209530725e+00   -3.6418099474e+01    2.0833300864e+04    2.0873362090e+00    9.9902117418e-01
        86   -3.5838529854e+01    1.2852139956e+03   -4.7969398007e+01    1.2130868154e+01   -8.9108241435e+00    3.8548644585e+00   -6.4953388482e+00   -3.6418099474e+01    2.0823302531e+04    2.0878557620e+00    9.9902418110e-01
        87   -3.5812704692e+01    1.2832806828e+03   -4.7941612940e+01    1.2128908249e+01   -8.9893684263e+00    3.9753017229e+00   -6.5094467626e+00   -3.6418099474e+01    2.0769079161e+04    2.0770649970e+00    9.9899084020e-01
        88   -3.5826367312e+01    1.2842232064e+03   -4.7969526488e+01    1.2143159175e+01   -8.9468684193e+00    3.9219137490e+00   -6.5264723432e+00   -3.6418099474e+01    2.0845388108e+04    2.0798123860e+00    9.9899960944e-01
        89   -3.5812796779e+01    1.2832421620e+03   -4.8057026670e+01    1.2244229891e+01   -8.7997712078e+00    3.6902273259e+00   -6.5293833135e+00   -3.6418099474e+01    2.0956011035e+04    2.0954542950e+00    9.9895564294e-01
        90   -3.5841796548e+01    1.2853204045e+03   -4.8102317993e+01    1.2260521445e+01   -8.8428113493e+00    3.6453838009e+00   -6.4867909702e+00   -3.6418099474e+01    2.0936670434e+04    2.2314696800e+00    9.9903797607e-01
        91   -3.5830979702e+01    1.2845687042e+03   -4.8012155338e+01    1.2181175636e+01   -8.8932732848e+00    3.7540243452e+00   -6.4548069242e+00   -3.6418099474e+01    2.0814914960e+04    2.0878987460e+00    9.9904954055e-01
        92   -3.5835759440e+01    1.2848939087e+03   -4.8000699229e+01    1.2164939789e+01   -8.9489975189e+00    3.8218466388e+00   -6.4554488751e+00   -3.6418099474e+01    2.0704954259e+04    2.0697198830e+00    9.9898575223e-01
        93   -3.5829319508e+01    1.2844197357e+03   -4.7997352872e+01    1.2168033364e+01   -8.9486621772e+00    3.8418689932e+00   -6.4724602134e+00   -3.6418099474e+01    2.0721454357e+04    2.0737572890e+00    9.9897284591e-01
        94   -3.5844480224e+01    1.2855394548e+03   -4.8063186459e+01    1.2218706236e+01   -8.9432203325e+00    3.7799278243e+00   -6.4817944770e+00   -3.6418099474e+01    2.0723431314e+04    2.0774872550e+00    9.9900726626e-01
        95   -3.5852486997e+01    1.2860934302e+03   -4.7965437492e+01    1.2112950495e+01   -8.9721478877e+00    3.8959737213e+00   -6.4711638513e+00   -3.6418099474e+01    2.0741985651e+04    2.0765844930e+00    9.9903391126e-01
        96   -3.5839402133e+01    1.2851480989e+03   -4.8040830000e+01    1.2201427867e+01   -8.9245193395e+00    3.7905272859e+00   -6.4887384726e+00   -3.6418099474e+01    2.0721597227e+04    2.0846099360e+00    9.9899342972e-01
        97   -3.5829773260e+01    1.2844248031e+03   -4.7935903903e+01    1.2106130643e+01   -8.9236379289e+00    3.9098973928e+00   -6.5040638931e+00   -3.6418099474e+01    2.0718616587e+04    2.0732676250e+00    9.9895201324e-01
        98   -3.5812310105e+01    1.2832238137e+03   -4.7937560834e+01    1.2125250729e+01   -8.9432258043e+00    3.9403625029e+00   -6.5165980582e+00   -3.6418099474e+01    2.0864320793e+04    2.0878952930e+00    9.9890141481e-01
        99   -3.5807848501e+01    1.2829060526e+03   -4.8031674625e+01    1.2223826123e+01   -8.9213789516e+00    3.8086383439e+00   -6.5008345429e+00   -3.6418099474e+01    2.0850744021e+04    2.1204593850e+00    9.9895038560e-01
       100   -3.5836177094e+01    1.2849369494e+03   -4.8051348909e+01    1.2215171815e+01   -8.8982921838e+00    3.7609816343e+00   -6.4959388855e+00   -3.6418099474e+01    2.0862182252e+04    2.0866653130e+00    9.9892501096e-01
       101   -3.5826395360e+01    1.2842454409e+03   -4.8064682075e+01    1.2238286715e+01   -8.8335554959e+00    3.6853101027e+00   -6.4983372080e+00   -3.6418099474e+01    2.0990214698e+04    2.1052803890e+00    9.9894532712e-01
       102   -3.5828195868e+01    1.2843682120e+03   -4.7947464714e+01    1.2119268845e+01   -8.8717593680e+00    3.8424144561e+00   -6.5000203275e+00   -3.6418099474e+01    2.0965244080e+04    2.0946481710e+00    9.9895088221e-01
       103   -3.5837436710e+01    1.2850466111e+03   -4.7984276720e+01    1.2146840009e+01   -8.8312907285e+00    3.7708484016e+00   -6.5057349184e+00   -3.6418099474e+01    2.0959861093e+04    2.1014221270e+00    9.9900840978e-01
       104   -3.5826725269e+01    1.2842487389e+03   -4.8017785409e+01    1.2191060140e+01   -8.7969057705e+00    3.6953460032e+00   -6.4981261676e+00   -3.6418099474e+01    2.0930928444e+04    2.0988028340e+00    9.9895936402e-01
       105   -3.5839014479e+01    1.2851662092e+03   -4.8022017522e+01    1.2183003043e+01   -8.8456623172e+00    3.7435256759e+00   -6.5017814065e+00   -3.6418099474e+01    2.1135981325e+04    2.1167873310e+00    9.9891877281e-01
       106   -3.5856314591e+01    1.2864209994e+03   -4.7995692513e+01    1.2139377922e+01   -8.8094636213e+00    3.7325538750e+00   -6.5006832930e+00   -3.6418099474e+01    2.1204055818e+04    2.1272760870e+00    9.9898777243e-01
       107   -3.5837099442e+01    1.2849816090e+03   -4.7891481199e+01    1.2054381756e+01   -8.7909178607e+00    3.8241898793e+00   -6.5066537431e+00   -3.6418099474e+01    2.1134884009e+04    2.1199026100e+00    9.9896940658e-01
       108   -3.5824884057e+01    1.2840965872e+03   -4.7958575365e+01    1.2133691308e+01   -8.7978929908e+00    3.7396523824e+00   -6.4822352829e+00   -3.6418099474e+01    2.1021927653e+04    2.0993626180e+00    9.9894868067e-01
       109   -3.5829170803e+01    1.2844830794e+03   -4.7877166325e+01    1.2047995522e+01   -8.7922958668e+00    3.8107792616e+00   -6.4775502452e+00   -3.6418099474e+01    2.0960999746e+04    2.1039954910e+00    9.9902733678e-01
       110   -3.5833136445e+01    1.2847500744e+03   -4.7941642538e+01    1.2108506093e+01   -8.8875417640e+00    3.8471628561e+00   -6.4831641563e+00   -3.6418099474e+01    2.1097329025e+04    2.1364048470e+00    9.9910299633e-01
       111   -3.5828683268e+01    1.2844162133e+03   -4.8026518042e+01    1.2197834774e+01   -8.8947982437e+00    3.7592725931e+00   -6.4728929175e+00   -3.6418099474e+01    2.1232412041e+04    2.1583414740e+00    9.9893390192e-01
       112   -3.5830961701e+01    1.2845917286e+03   -4.7890184622e+01    1.2059222921e+01   -8.9538504641e+00    3.9268631292e+00   -6.4450978126e+00   -3.6418099474e+01    2.1180355078e+04    2.1616142750e+00    9.9893802804e-01
       113   -3.5815268696e+01    1.2834686598e+03   -4.7941640561e+01    1.2126371865e+01   -8.9615735820e+00    3.8755010802e+00   -6.4374685852e+00   -3.6418099474e+01    2.1347322080e+04    2.1717638790e+00    9.9893816971e-01
       114   -3.5812284217e+01    1.2832428548e+03   -4.7977924601e+01    1.2165640384e+01   -9.0090113357e+00    3.8708889853e+00   -6.4217027761e+00   -3.6418099474e+01    2.1324901842e+04    2.1728233320e+00    9.9895051520e-01
       115   -3.5823571775e+01    1.2840744829e+03   -4.7845923028e+01    1.2022351253e+01   -9.0539313683e+00    4.0270754680e+00   -6.4009676535e+00   -3.6418099474e+01    2.1189051204e+04    2.1545283570e+00    9.9899076015e-01
       116   -3.5834822917e+01    1.2848774961e+03   -4.7834322357e+01    1.1999499440e+01   -9.0596864880e+00    4.0664599734e+00   -6.4229963683e+00   -3.6418099474e+01    2.1000334024e+04    2.1076878180e+00    9.9895768153e-01
       117   -3.5821088596e+01    1.2838546935e+03   -4.7907205020e+01    1.2086116425e+01   -9.0036803781e+00    3.9454163745e+00   -6.4308415426e+00   -3.6418099474e+01    2.0876971433e+04    2.0980006160e+00    9.9890199351e-01
       118   -3.5811467934e+01    1.2831549457e+03   -4.8024051022e+01    1.2212583087e+01   -8.9328988793e+00    3.7599482119e+00   -6.4330008800e+00   -3.6418099474e+01    2.0912566352e+04    2.1065312350e+00    9.9896203223e-01
       119   -3.5814739560e+01    1.2833938874e+03   -4.7953951232e+01    1.2139211672e+01   -8.8660346435e+00    3.7292855052e+00   -6.3991026192e+00   -3.6418099474e+01    2.0945723222e+04    2.0960532430e+00    9.9900116587e-01
       120   -3.5825267879e+01    1.2841667273e+03   -4.7901554527e+01    1.2076286647e+01   -8.8939810969e+00    3.7923644235e+00   -6.3818383792e+00   -3.6418099474e+01    2.0949128476e+04    2.1169186840e+00    9.9896882968e-01
       121   -3.5806997258e+01    1.2828711385e+03   -4.7921723356e+01    1.2114726098e+01   -8.9079092219e+00    3.8171674116e+00   -6.4128820713e+00   -3.6418099474e+01    2.0672090820e+04    2.0833079450e+00    9.9901033535e-01
       122   -3.5798968183e+01    1.2822999499e+03   -4.7906241237e+01    1.2107273053e+01   -8.9746083181e+00    3.9255450262e+00   -6.4390784706e+00   -3.6418099474e+01    2.0586387718e+04    2.0713170430e+00    9.9895422161e-01
       123   -3.5805178018e+01    1.2827354517e+03   -4.7913328347e+01    1.2108150329e+01   -8.9516784753e+00    3.8651060968e+00   -6.4086564946e+00   -3.6418099474e+01    2.0539182776e+04    2.0763529430e+00    9.9896911159e-01
       124   -3.5803379135e+01    1.2825922271e+03   -4.7939669163e+01    1.2136290028e+01   -8.9991494562e+00    3.9014358005e+00   -6.4238560331e+00   -3.6418099474e+01    2.0475778886e+04    2.0426622430e+00    9.9896937779e-01
       125   -3.5783738870e+01    1.2811774690e+03   -4.7897133280e+01    1.2113394410e+01   -8.9785921281e+00    3.9177765566e+00   -6.4182182343e+00   -3.6418099474e+01    2.0419620355e+04    2.0332280110e+00    9.9893878150e-01
       126   -3.5794469628e+01    1.2819387088e+03   -4.7862086444e+01    1.2067616816e+01   -8.9678783683e+00    3.9648768174e+00   -6.4409854191e+00   -3.6418099474e+01    2.0277995803e+04    2.0233053190e+00    9.9895579472e-01
       127   -3.5793380887e+01    1.2818452992e+03   -4.7983517028e+01    1.2190136141e+01   -8.9675308298e+00    3.8375982272e+00   -6.4354849509e+00   -3.6418099474e+01    2.0254888348e+04    2.0174528720e+00    9.9898986694e-01
       128   -3.5782120295e+01    1.2810117080e+03   -4.7913817078e+01    1.2131696782e+01   -8.9442846762e+00    3.8950034754e+00   -6.4464364028e+00   -3.6418099474e+01    2.0113774783e+04    2.0199440210e+00    9.9894378448e-01
       129   -3.5797626345e+01    1.2821465052e+03   -4.8009848924e+01    1.2212222580e+01   -8.8743908075e+00    3.7318948036e+00   -6.4492534461e+00   -3.6418099474e+01    2.0034064775e+04    1.9995921170e+00    9.9900531213e-01
       130   -3.5792375424e+01    1.2818023365e+03   -4.7949858760e+01    1.2157483336e+01   -8.9792454703e+00    3.8815888253e+00   -6.4341026405e+00   -3.6418099474e+01    2.0125270414e+04    2.0235706470e+00    9.9894957983e-01
       131   -3.5816900118e+01    1.2835443171e+03   -4.8061607587e+01    1.2244707468e+01   -8.9882422706e+00    3.7856578543e+00   -6.4409236962e+00   -3.6418099474e+01    2.0282584613e+04    2.0312488730e+00    9.9896283827e-01
       132   -3.5807341715e+01    1.2828756158e+03   -4.8112379986e+01    1.2305038270e+01   -8.9374673474e+00    3.7136932763e+00   -6.4705064402e+00   -3.6418099474e+01    2.0272874377e+04    2.0275827480e+00    9.9896595217e-01
       133   -3.5808386166e+01    1.2829441126e+03   -4.7994447333e+01    1.2186061166e+01   -8.8902802033e+00    3.7941484059e+00   -6.4802160611e+00   -3.6418099474e+01    2.0302618457e+04    2.0341729070e+00    9.9894813126e-01
       134   -3.5801294616e+01    1.2824027552e+03   -4.8049253097e+01    1.2247958482e+01   -8.8488141196e+00    3.6816672150e+00   -6.4640067185e+00   -3.6418099474e+01    2.0384728145e+04    2.0418254680e+00    9.9907333445e-01
       135   -3.5803885587e+01    1.2826276317e+03   -4.7920331080e+01    1.2116445493e+01   -8.8283534549e+00    3.8227854114e+00   -6.4966635624e+00   -3.6418099474e+01    2.0339247913e+04    2.0300986260e+00    9.9899223282e-01
       136   -3.5804655625e+01    1.2826668222e+03   -4.7939772821e+01    1.2135117196e+01   -8.6769831832e+00    3.6637915426e+00   -6.5084817067e+00   -3.6418099474e+01    2.0311027359e+04    2.0274781720e+00    9.9898727768e-01
       137   -3.5803300401e+01    1.2825921285e+03   -4.7893840037e+01    1.2090539636e+01   -8.7014016491e+00    3.7163107255e+00   -6.4906496392e+00   -3.6418099474e+01    2.0199411835e+04    2.0208743870e+00    9.9902762947e-01
       138   -3.5798135947e+01    1.2822165443e+03   -4.7891270037e+01    1.2093134091e+01   -8.6757233655e+00    3.6932616929e+00   -6.4907088905e+00   -3.6418099474e+01    2.0151568430e+04    2.0189325690e+00    9.9901999702e-01
       139   -3.5811864489e+01    1.2831758087e+03   -4.8025003417e+01    1.2213138928e+01   -8.6474275013e+00    3.5319018549e+00   -6.4913782967e+00   -3.6418099474e+01    2.0080676501e+04    2.0268669600e+00    9.9894701643e-01
       140   -3.5801823935e+01    1.2824874676e+03   -4.7999577908e+01    1.2197753973e+01   -8.7067396277e+00    3.6040823558e+00   -6.4788211614e+00   -3.6418099474e+01    2.0209923195e+04    2.0117829490e+00    9.9905461665e-01
       141   -3.5810469155e+01    1.2831268502e+03   -4.7920672348e+01    1.2110203194e+01   -8.7740515936e+00    3.7450331264e+00   -6.4735544070e+00   -3.6418099474e+01    2.0183984890e+04    2.0201288060e+00    9.9905689089e-01
       142   -3.5832239719e+01    1.2846598094e+03   -4.7816356757e+01    1.1984117038e+01   -8.8022343765e+00    3.8885661276e+00   -6.4845890339e+00   -3.6418099474e+01    2.0087950890e+04    2.0116377250e+00    9.9900052641e-01
       143   -3.5820404404e+01    1.2837910518e+03   -4.7908595938e+01    1.2088191535e+01   -8.8093866129e+00    3.7763613330e+00   -6.4574711844e+00   -3.6418099474e+01    2.0086422422e+04    2.0095722340e+00    9.9893655615e-01
       144   -3.5829146575e+01    1.2844311937e+03   -4.7846160774e+01    1.2017014199e+01   -8.7590018722e+00    3.7881724947e+00   -6.4572319226e+00   -3.6418099474e+01    2.0029477067e+04    2.0033273790e+00    9.9892985560e-01
       145   -3.5846494951e+01    1.2856932950e+03   -4.7926412364e+01    1.2079917414e+01   -8.6584152510e+00    3.6315595729e+00   -6.4814572119e+00   -3.6418099474e+01    2.0146604029e+04    2.0114764680e+00    9.9896960969e-01
       146   -3.5830947115e+01    1.2845811458e+03   -4.7997506143e+01    1.2166559027e+01   -8.6511597703e+00    3.5480473722e+00   -6.4762942703e+00   -3.6418099474e+01    2.0278641664e+04    2.0195239170e+00    9.9899771006e-01
       147   -3.5839392595e+01    1.2852763440e+03   -4.7983956427e+01    1.2144563832e+01   -8.7168460821e+00    3.6512181067e+00   -6.5002289776e+00   -3.6418099474e+01    2.0504195112e+04    2.0602153610e+00    9.9900701708e-01
       148   -3.5821289023e+01    1.2838860671e+03   -4.7990394811e+01    1.2169105787e+01   -8.6741851498e+00    3.6150208586e+00   -6.5131310452e+00   -3.6418099474e+01    2.0472465490e+04    2.0448413210e+00    9.9899170336e-01
       149   -3.5832022711e+01    1.2846700593e+03   -4.8081246304e+01    1.2249223592e+01   -8.6705767692e+00    3.5035628048e+00   -6.4961328650e+00   -3.6418099474e+01    2.0351235006e+04    2.0419147590e+00    9.9906449212e-01
       150   -3.5814432324e+01    1.2833844483e+03   -4.7992851439e+01    1.2178419114e+01   -8.7199746385e+00    3.6348194100e+00   -6.4895967359e+00   -3.6418099474e+01    2.0312810817e+04    2.0309006460e+00    9.9898376128e-01
       151   -3.5822047802e+01    1.2839181924e+03   -4.7919772461e+01    1.2097724659e+01   -8.7124612094e+00    3.6757133909e+00   -6.4649251679e+00   -3.6418099474e+01    2.0269011795e+04    2.0256374120e+00    9.9900083880e-01
       152   -3.5827035961e+01    1.2843171630e+03   -4.7946209778e+01    1.2119173817e+01   -8.7320340712e+00    3.6948940318e+00   -6.4909702643e+00   -3.6418099474e+01    2.0276054617e+04    2.0189578190e+00    9.9899232618e-01
       153   -3.5837990821e+01    1.2850755774e+03   -4.7877744985e+01    1.2039754164e+01   -8.7228442675e+00    3.7590781744e+00   -6.4958794178e+00   -3.6418099474e+01    2.0537701283e+04    2.0570965820e+00    9.9895474625e-01
       154   -3.5839582657e+01    1.2852061917e+03   -4.7902800923e+01    1.2063218266e+01   -8.7124488803e+00    3.7321978770e+00   -6.5044504461e+00   -3.6418099474e+01    2.0610077151e+04    2.0698643510e+00    9.9891339008e-01
       155   -3.5818137849e+01    1.2836138860e+03   -4.7811940808e+01    1.1993802959e+01   -8.6182058813e+00    3.7129563469e+00   -6.4885917993e+00   -3.6418099474e+01    2.0636008758e+04    2.0653744550e+00    9.9895823239e-01
       156   -3.5812172620e+01    1.2831974192e+03   -4.7835493275e+01    1.2023320655e+01   -8.5272072811e+00    3.6225775774e+00   -6.5127640970e+00   -3.6418099474e+01    2.0656936728e+04    2.0722281750e+00    9.9899569237e-01
       157   -3.5803533862e+01    1.2825830236e+03   -4.7785191761e+01    1.1981657900e+01   -8.5328866308e+00    3.6587856611e+00   -6.4929913174e+00   -3.6418099474e+01    2.0596133401e+04    2.0661062210e+00    9.9899796820e-01
       158   -3.5778203138e+01    1.2807895973e+03   -4.7758020367e+01    1.1979817229e+01   -8.5924077503e+00    3.7647349663e+00   -6.5122481086e+00   -3.6418099474e+01    2.0575728928e+04    2.0637797540e+00    9.9901458689e-01
       159   -3.5793367708e+01    1.2819027528e+03   -4.7716146297e+01    1.1922778589e+01   -8.7452951807e+00    3.9395493296e+00   -6.4923009717e+00   -3.6418099474e+01    2.0647782617e+04    2.0722471770e+00    9.9894871529e-01
       160   -3.5790922936e+01    1.2817001530e+03   -4.7782135270e+01    1.1991212334e+01   -8.8113358625e+00    3.9205872510e+00   -6.4732871843e+00   -3.6418099474e+01    2.0550615992e+04    2.0670541460e+00    9.9892290801e-01
       161   -3.5797235447e+01    1.2821453126e+03   -4.7860750109e+01    1.2063514662e+01   -8.8038832534e+00    3.8374338922e+00   -6.4762012740e+00   -3.6418099474e+01    2.0461840598e+04    2.0457688690e+00    9.9899489771e-01
       162   -3.5810956595e+01    1.2831196225e+03   -4.7830086072e+01    1.2019129477e+01   -8.8586973215e+00    3.9099661747e+00   -6.4632554508e+00   -3.6418099474e+01    2.0431953439e+04    2.0374891480e+00    9.9899327451e-01
       163   -3.5821743297e+01    1.2839060127e+03   -4.7892029165e+01    1.2070285868e+01   -8.7894534318e+00    3.7840110793e+00   -6.4684873380e+00   -3.6418099474e+01    2.0276954568e+04    2.0297871850e+00    9.9890787388e-01
       164   -3.5826005674e+01    1.2842309686e+03   -4.7879480870e+01    1.2053475196e+01   -8.7891881773e+00    3.7871550682e+00   -6.4593482871e+00   -3.6418099474e+01    2.0373865171e+04    2.0499493530e+00    9.9899371687e-01
       165   -3.5832352487e+01    1.2846590038e+03   -4.7847712405e+01    1.2015359918e+01   -8.8314490370e+00    3.8855444598e+00   -6.4837083536e+00   -3.6418099474e+01    2.0401984363e+04    2.0346988710e+00    9.9894602677e-01
       166   -3.5829244845e+01    1.2844300237e+03   -4.7834662524e+01    1.2005417679e+01   -8.8183789751e+00    3.8842623976e+00   -6.4824464723e+00   -3.6418099474e+01    2.0271341420e+04    2.0182675490e+00    9.9901322281e-01
       167   -3.5840639381e+01    1.2852660676e+03   -4.7799640221e+01    1.1959000840e+01   -8.8439055192e+00    3.9533930548e+00   -6.4910282823e+00   -3.6418099474e+01    2.0286674112e+04    2.0308369850e+00    9.9896454810e-01
       168   -3.5839628713e+01    1.2852424139e+03   -4.7832330881e+01    1.1992702168e+01   -8.9002774714e+00    3.9602299588e+00   -6.4741838943e+00   -3.6418099474e+01    2.0379224538e+04    2.0456512000e+00    9.9896231376e-01
       169   -3.5842972407e+01    1.2855187975e+03   -4.7899142414e+01    1.2056170007e+01   -8.9132911054e+00    3.8831112425e+00   -6.4508630765e+00   -3.6418099474e+01    2.0363074308e+04    2.0298312290e+00    9.9898951623e-01
       170   -3.5837849758e+01    1.2850729376e+03   -4.7939295895e+01    1.2101446138e+01   -8.8778133730e+00    3.7928324842e+00   -6.4362155325e+00   -3.6418099474e+01    2.0399355772e+04    2.0283401860e+00    9.9896858474e-01
       171   -3.5832280976e+01    1.2846813235e+03   -4.7908038492e+01    1.2075757516e+01   -8.9115526149e+00    3.8566326109e+00   -6.4350190134e+00   -3.6418099474e+01    2.0565182779e+04    2.0569289690e+00    9.9894753661e-01
       172   -3.5828709498e+01    1.2844423723e+03   -4.7975022521e+01    1.2146313023e+01   -8.9454799674e+00    3.8423873769e+00   -6.4538304563e+00   -3.6418099474e+01    2.0523715862e+04    2.0491641810e+00    9.9890540926e-01
       173   -3.5834236171e+01    1.2848094048e+03   -4.7956766769e+01    1.2122530597e+01   -8.9077749973e+00    3.8341161495e+00   -6.4650084466e+00   -3.6418099474e+01    2.0447521664e+04    2.0382635260e+00    9.9906893058e-01
       174   -3.5845478057e+01    1.2855856577e+03   -4.7885935916e+01    1.2040457860e+01   -8.8830928071e+00    3.9020480994e+00   -6.4867917344e+00   -3.6418099474e+01    2.0458113575e+04    2.0386071010e+00    9.9894182481e-01
       175   -3.5845954836e+01    1.2856183739e+03   -4.7880240669e+01    1.2034285833e+01   -8.9238064198e+00    3.9430118016e+00   -6.4813465770e+00   -3.6418099474e+01    2.0551988102e+04    2.0650643800e+00    9.9891890764e-01
       176   -3.5849683042e+01    1.2858957235e+03   -4.7944684445e+01    1.2095001403e+01   -8.9109245303e+00    3.8543656613e+00   -6.4700261020e+00   -3.6418099474e+01    2.0460415032e+04    2.0477427330e+00    9.9902398994e-01
       177   -3.5857629053e+01    1.2864494953e+03   -4.8050416555e+01    1.2192787502e+01   -8.8937535341e+00    3.7605494362e+00   -6.4991129826e+00   -3.6418099474e+01    2.0404885972e+04    2.0481089060e+00    9.9898269353e-01
       178   -3.5850728994e+01    1.2859468156e+03   -4.8067260527e+01    1.2216531534e+01   -8.8534298599e+00    3.6917673896e+00   -6.4874985826e+00   -3.6418099474e+01    2.0463963014e+04    2.0421859300e+00    9.9898747259e-01
       179   -3.5837183032e+01    1.2849740315e+03   -4.7960373501e+01    1.2123190469e+01   -8.8347516147e+00    3.7718979346e+00   -6.4794203471e+00   -3.6418099474e+01    2.0474755978e+04    2.0474346290e+00    9.9908062580e-01
       180   -3.5850160222e+01    1.2859148129e+03   -4.7947907562e+01    1.2097747340e+01   -8.8692699934e+00    3.8152013601e+00   -6.4757394547e+00   -3.6418099474e+01    2.0502144040e+04    2.0476996000e+00    9.9890053597e-01
       181   -3.5851338490e+01    1.2860232740e+03   -4.8004213386e+01    1.2152874895e+01   -8.8852924072e+00    3.7723957203e+00   -6.4732172247e+00   -3.6418099474e+01    2.0630493035e+04    2.0662766030e+00    9.9901996094e-01
       182   -3.5844762473e+01    1.2855567567e+03   -4.8071727156e+01    1.2226964683e+01   -8.7681091330e+00    3.5709942272e+00   -6.4565127756e+00   -3.6418099474e+01    2.0655672630e+04    2.0713005030e+00    9.9901432514e-01
       183   -3.5853525302e+01    1.2861878270e+03   -4.8040215471e+01    1.2186690170e+01   -8.7886379327e+00    3.6286088009e+00   -6.4620868652e+00   -3.6418099474e+01    2.0550175470e+04    2.0576062200e+00    9.9902305045e-01
       184   -3.5827361997e+01    1.2842915131e+03   -4.7958313393e+01    1.2130951396e+01   -8.8617890664e+00    3.7863588420e+00   -6.4647836945e+00   -3.6418099474e+01    2.0521470806e+04    2.0490480680e+00    9.9903757127e-01
       185   -3.5820435085e+01    1.2838245915e+03   -4.8007577007e+01    1.2187141922e+01   -8.8638538650e+00    3.7458064819e+00   -6.4714301497e+00   -3.6418099474e+01    2.0426402600e+04    2.0451595110e+00    9.9903139402e-01
       186   -3.5818582762e+01    1.2837020364e+03   -4.7858386296e+01    1.2039803534e+01   -8.8030433701e+00    3.8435533771e+00   -6.4807968286e+00   -3.6418099474e+01    2.0552476740e+04    2.0490835840e+00    9.9894007423e-01
       187   -3.5789960787e+01    1.2816203904e+03   -4.7827712815e+01    1.2037752028e+01   -8.7870019748e+00    3.8404904886e+00   -6.4631018541e+00   -3.6418099474e+01    2.0522626635e+04    2.0524427270e+00    9.9896145014e-01
       188   -3.5804534795e+01    1.2826586864e+03   -4.7797075334e+01    1.1992540539e+01   -8.7741654862e+00    3.8467097734e+00   -6.4515201469e+00   -3.6418099474e+01    2.0318850464e+04    2.0318275680e+00    9.9892792115e-01
       189   -3.5805069529e+01    1.2827217721e+03   -4.7865735877e+01    1.2060666349e+01   -8.8010962205e+00    3.8166100700e+00   -6.4631502524e+00   -3.6418099474e+01    2.0274786625e+04    2.0221302760e+00    9.9898900232e-01
       190   -3.5824595085e+01    1.2841090121e+03   -4.7905066662e+01    1.2080471577e+01   -8.7770846376e+00    3.7552093335e+00   -6.4650918837e+00   -3.6418099474e+01    2.0286226876e+04    2.0249456430e+00    9.9899639406e-01
       191   -3.5848879804e+01    1.2858427007e+03   -4.7884147949e+01    1.2035268145e+01   -8.7658426476e+00    3.7369634729e+00   -6.4371693001e+00   -3.6418099474e+01    2.0467328513e+04    2.0409861120e+00    9.9892832707e-01
       192   -3.5829369294e+01    1.2844125107e+03   -4.7841798176e+01    1.2012428883e+01   -8.7455620280e+00    3.7429888292e+00   -6.4211255034e+00   -3.6418099474e+01    2.0737113092e+04    2.0817814320e+00    9.9891503520e-01
       193   -3.5842700246e+01    1.2853682764e+03   -4.7927425398e+01    1.2084725152e+01   -8.7187770716e+00    3.6342501187e+00   -6.4247989710e+00   -3.6418099474e+01    2.0849175366e+04    2.0935370380e+00    9.9894479352e-01
       194   -3.5820125916e+01    1.2837567082e+03   -4.7804841642e+01    1.1984715727e+01   -8.7903249346e+00    3.8312390582e+00   -6.4276562917e+00   -3.6418099474e+01    2.0941945716e+04    2.0910049840e+00    9.9896507512e-01
       195   -3.5824061345e+01    1.2840379315e+03   -4.7774704827e+01    1.1950643482e+01   -8.8249248088e+00    3.8946783935e+00   -6.4263589375e+00   -3.6418099474e+01    2.0989467430e+04    2.0993342560e+00    9.9898955534e-01
       196   -3.5814735335e+01    1.2833702707e+03   -4.7898160882e+01    1.2083425547e+01   -8.7182484369e+00    3.6937499957e+00   -6.4555629664e+00   -3.6418099474e+01    2.0973456615e+04    2.0902192650e+00    9.9897180989e-01
       197   -3.5831513926e+01    1.2845950593e+03   -4.7957586808e+01    1.2126072882e+01   -8.6853779066e+00    3.6104925632e+00   -6.4646019906e+00   -3.6418099474e+01    2.0993841624e+04    2.1063929320e+00    9.9899480223e-01
       198   -3.5822995396e+01    1.2839558786e+03   -4.7898312514e+01    1.2075317118e+01   -8.7532578747e+00    3.7327443577e+00   -6.4596995231e+00   -3.6418099474e+01    2.0783028844e+04    2.0729689870e+00    9.9900516831e-01
       199   -3.5813414479e+01    1.2832828137e+03   -4.7937312376e+01    1.2123897897e+01   -8.7155789758e+00    3.6741179849e+00   -6.4777519112e+00   -3.6418099474e+01    2.0705277685e+04    2.0708639480e+00    9.9902393599e-01
