#  Band    State   TwistIndex BandIndex Energy      Kx      Ky      Kz      K1      K2      K3    KmK 
       0        0        9        0    -0.257031  0.2083  0.1203  0.1199  0.2750 -0.0000  0.2750      1
       1        1        9        1    -0.247607  0.2083  0.1203  0.1199  0.2750 -0.0000  0.2750      1
       2        2        9        2    -0.190079  0.2083  0.1203  0.1199  0.2750 -0.0000  0.2750      1
       3        3        9        3    -0.160957  0.2083  0.1203  0.1199  0.2750 -0.0000  0.2750      1
       4        4        9        4    -0.126446  0.2083  0.1203  0.1199  0.2750 -0.0000  0.2750      1
       5        5        9        5     0.055081  0.2083  0.1203  0.1199  0.2750 -0.0000  0.2750      1
       6        6        9        6     0.077298  0.2083  0.1203  0.1199  0.2750 -0.0000  0.2750      1
       7        7        9        7     0.101789  0.2083  0.1203  0.1199  0.2750 -0.0000  0.2750      1
       8        8        9        8     0.109034  0.2083  0.1203  0.1199  0.2750 -0.0000  0.2750      1
       9        9        9        9     0.114655  0.2083  0.1203  0.1199  0.2750 -0.0000  0.2750      1
      10       10        9       10     0.118635  0.2083  0.1203  0.1199  0.2750 -0.0000  0.2750      1
      11       11        9       11     0.178168  0.2083  0.1203  0.1199  0.2750 -0.0000  0.2750      1
      12       12        9       12     0.180994  0.2083  0.1203  0.1199  0.2750 -0.0000  0.2750      1
      13       13        9       13     0.198865  0.2083  0.1203  0.1199  0.2750 -0.0000  0.2750      1
      14       14        9       14     0.235539  0.2083  0.1203  0.1199  0.2750 -0.0000  0.2750      1
      15       15        9       15     0.253963  0.2083  0.1203  0.1199  0.2750 -0.0000  0.2750      1
      16       16        9       16     0.265398  0.2083  0.1203  0.1199  0.2750 -0.0000  0.2750      1
      17       17        9       17     0.315610  0.2083  0.1203  0.1199  0.2750 -0.0000  0.2750      1
      18       18        9       18     0.324482  0.2083  0.1203  0.1199  0.2750 -0.0000  0.2750      1
      19       19        9       19     0.356561  0.2083  0.1203  0.1199  0.2750 -0.0000  0.2750      1
      20       20        9       20     0.369614  0.2083  0.1203  0.1199  0.2750 -0.0000  0.2750      1
      21       21        9       21     0.404734  0.2083  0.1203  0.1199  0.2750 -0.0000  0.2750      1
      22       22        9       22     0.446642  0.2083  0.1203  0.1199  0.2750 -0.0000  0.2750      1
      23       23        9       23     0.470423  0.2083  0.1203  0.1199  0.2750 -0.0000  0.2750      1
      24       24        9       24     0.494204  0.2083  0.1203  0.1199  0.2750 -0.0000  0.2750      1
      25       25        9       25     0.503411  0.2083  0.1203  0.1199  0.2750 -0.0000  0.2750      1
      26       26        9       26     0.510202  0.2083  0.1203  0.1199  0.2750 -0.0000  0.2750      1
      27       27        9       27     0.547271  0.2083  0.1203  0.1199  0.2750 -0.0000  0.2750      1
      28       28        9       28     0.559651  0.2083  0.1203  0.1199  0.2750 -0.0000  0.2750      1
      29       29        9       29     0.573009  0.2083  0.1203  0.1199  0.2750 -0.0000  0.2750      1
      30       30        9       30     0.593968  0.2083  0.1203  0.1199  0.2750 -0.0000  0.2750      1
      31       31        9       31     0.604695  0.2083  0.1203  0.1199  0.2750 -0.0000  0.2750      1
      32       32        9       32     0.619668  0.2083  0.1203  0.1199  0.2750 -0.0000  0.2750      1
      33       33        9       33     0.632267  0.2083  0.1203  0.1199  0.2750 -0.0000  0.2750      1
      34       34        9       34     0.636286  0.2083  0.1203  0.1199  0.2750 -0.0000  0.2750      1
      35       35        9       35     0.645063  0.2083  0.1203  0.1199  0.2750 -0.0000  0.2750      1
      36       36        9       36     0.647438  0.2083  0.1203  0.1199  0.2750 -0.0000  0.2750      1
      37       37        9       37     0.667918  0.2083  0.1203  0.1199  0.2750 -0.0000  0.2750      1
      38       38        9       38     0.673580  0.2083  0.1203  0.1199  0.2750 -0.0000  0.2750      1
      39       39        9       39     0.727382  0.2083  0.1203  0.1199  0.2750 -0.0000  0.2750      1
      40       40        9       40     0.756845  0.2083  0.1203  0.1199  0.2750 -0.0000  0.2750      1
      41       41        9       41     0.775197  0.2083  0.1203  0.1199  0.2750 -0.0000  0.2750      1
      42       42        9       42     0.789178  0.2083  0.1203  0.1199  0.2750 -0.0000  0.2750      1
      43       43        9       43     0.793052  0.2083  0.1203  0.1199  0.2750 -0.0000  0.2750      1
      44       44        9       44     0.805307  0.2083  0.1203  0.1199  0.2750 -0.0000  0.2750      1
      45       45        9       45     0.806078  0.2083  0.1203  0.1199  0.2750 -0.0000  0.2750      1
      46       46        9       46     0.810441  0.2083  0.1203  0.1199  0.2750 -0.0000  0.2750      1
      47       47        9       47     0.825130  0.2083  0.1203  0.1199  0.2750 -0.0000  0.2750      1
      48       48        9       48     0.859000  0.2083  0.1203  0.1199  0.2750 -0.0000  0.2750      1
      49       49        9       49     0.867265  0.2083  0.1203  0.1199  0.2750 -0.0000  0.2750      1
      50       50        9       50     0.886910  0.2083  0.1203  0.1199  0.2750 -0.0000  0.2750      1
      51       51        9       51     0.888336  0.2083  0.1203  0.1199  0.2750 -0.0000  0.2750      1
      52       52        9       52     0.896358  0.2083  0.1203  0.1199  0.2750 -0.0000  0.2750      1
      53       53        9       53     0.904176  0.2083  0.1203  0.1199  0.2750 -0.0000  0.2750      1
      54       54        9       54     0.924120  0.2083  0.1203  0.1199  0.2750 -0.0000  0.2750      1
      55       55        9       55     0.936014  0.2083  0.1203  0.1199  0.2750 -0.0000  0.2750      1
      56       56        9       56     0.942247  0.2083  0.1203  0.1199  0.2750 -0.0000  0.2750      1
      57       57        9       57     0.957393  0.2083  0.1203  0.1199  0.2750 -0.0000  0.2750      1
      58       58        9       58     0.978539  0.2083  0.1203  0.1199  0.2750 -0.0000  0.2750      1
      59       59        9       59     0.990954  0.2083  0.1203  0.1199  0.2750 -0.0000  0.2750      1
      60       60        9       60     1.009863  0.2083  0.1203  0.1199  0.2750 -0.0000  0.2750      1
      61       61        9       61     1.013571  0.2083  0.1203  0.1199  0.2750 -0.0000  0.2750      1
      62       62        9       62     1.017619  0.2083  0.1203  0.1199  0.2750 -0.0000  0.2750      1
      63       63        9       63     1.039351  0.2083  0.1203  0.1199  0.2750 -0.0000  0.2750      1
      64       64        9       64     1.048467  0.2083  0.1203  0.1199  0.2750 -0.0000  0.2750      1
      65       65        9       65     1.066551  0.2083  0.1203  0.1199  0.2750 -0.0000  0.2750      1
      66       66        9       66     1.070289  0.2083  0.1203  0.1199  0.2750 -0.0000  0.2750      1
      67       67        9       67     1.086053  0.2083  0.1203  0.1199  0.2750 -0.0000  0.2750      1
      68       68        9       68     1.099096  0.2083  0.1203  0.1199  0.2750 -0.0000  0.2750      1
      69       69        9       69     1.103043  0.2083  0.1203  0.1199  0.2750 -0.0000  0.2750      1
      70       70        9       70     1.125717  0.2083  0.1203  0.1199  0.2750 -0.0000  0.2750      1
      71       71        9       71     1.143681  0.2083  0.1203  0.1199  0.2750 -0.0000  0.2750      1
      72       72        9       72     1.144007  0.2083  0.1203  0.1199  0.2750 -0.0000  0.2750      1
      73       73        9       73     1.155510  0.2083  0.1203  0.1199  0.2750 -0.0000  0.2750      1
      74       74        9       74     1.171591  0.2083  0.1203  0.1199  0.2750 -0.0000  0.2750      1
      75       75        9       75     1.177634  0.2083  0.1203  0.1199  0.2750 -0.0000  0.2750      1
      76       76        9       76     1.180848  0.2083  0.1203  0.1199  0.2750 -0.0000  0.2750      1
      77       77        9       77     1.181304  0.2083  0.1203  0.1199  0.2750 -0.0000  0.2750      1
      78       78        9       78     1.191316  0.2083  0.1203  0.1199  0.2750 -0.0000  0.2750      1
      79       79        9       79     1.206950  0.2083  0.1203  0.1199  0.2750 -0.0000  0.2750      1
      80       80        9       80     1.219324  0.2083  0.1203  0.1199  0.2750 -0.0000  0.2750      1
      81       81        9       81     1.230739  0.2083  0.1203  0.1199  0.2750 -0.0000  0.2750      1
      82       82        9       82     1.245080  0.2083  0.1203  0.1199  0.2750 -0.0000  0.2750      1
      83       83        9       83     1.265113  0.2083  0.1203  0.1199  0.2750 -0.0000  0.2750      1
      84       84        9       84     1.269737  0.2083  0.1203  0.1199  0.2750 -0.0000  0.2750      1
      85       85        9       85     1.273643  0.2083  0.1203  0.1199  0.2750 -0.0000  0.2750      1
      86       86        9       86     1.278141  0.2083  0.1203  0.1199  0.2750 -0.0000  0.2750      1
      87       87        9       87     1.286519  0.2083  0.1203  0.1199  0.2750 -0.0000  0.2750      1
      88       88        9       88     1.292654  0.2083  0.1203  0.1199  0.2750 -0.0000  0.2750      1
      89       89        9       89     1.305090  0.2083  0.1203  0.1199  0.2750 -0.0000  0.2750      1
      90       90        9       90     1.308994  0.2083  0.1203  0.1199  0.2750 -0.0000  0.2750      1
      91       91        9       91     1.317525  0.2083  0.1203  0.1199  0.2750 -0.0000  0.2750      1
      92       92        9       92     1.340355  0.2083  0.1203  0.1199  0.2750 -0.0000  0.2750      1
      93       93        9       93     1.341018  0.2083  0.1203  0.1199  0.2750 -0.0000  0.2750      1
      94       94        9       94     1.345419  0.2083  0.1203  0.1199  0.2750 -0.0000  0.2750      1
      95       95        9       95     1.361593  0.2083  0.1203  0.1199  0.2750 -0.0000  0.2750      1
      96       96        9       96     1.366638  0.2083  0.1203  0.1199  0.2750 -0.0000  0.2750      1
      97       97        9       97     1.389538  0.2083  0.1203  0.1199  0.2750 -0.0000  0.2750      1
      98       98        9       98     1.398196  0.2083  0.1203  0.1199  0.2750 -0.0000  0.2750      1
      99       99        9       99     1.399669  0.2083  0.1203  0.1199  0.2750 -0.0000  0.2750      1
