#   index    LocalEnergy         LocalEnergy_sq      LocalPotential      Kinetic             LocalECP            NonLocalECP         ElecElec            IonIon              BlockWeight         BlockCPU            AcceptRatio         
         0   -3.5739712849e+01    1.2780396774e+03   -4.7949851267e+01    1.2210138418e+01   -8.8577832194e+00    3.7210687238e+00   -6.3950372971e+00   -3.6418099474e+01    2.0484925605e+04    5.2385045200e-01    9.9899612392e-01
         1   -3.5743408461e+01    1.2782538426e+03   -4.7985457562e+01    1.2242049101e+01   -8.8508715517e+00    3.6652265647e+00   -6.3817131013e+00   -3.6418099474e+01    2.0490220677e+04    5.6499544000e-01    9.9905217234e-01
         2   -3.5738472485e+01    1.2779091017e+03   -4.8019307967e+01    1.2280835482e+01   -8.8688038486e+00    3.6812042413e+00   -6.4136088853e+00   -3.6418099474e+01    2.0475372993e+04    5.4363489600e-01    9.9900924472e-01
         3   -3.5749281869e+01    1.2786880737e+03   -4.7946322408e+01    1.2197040539e+01   -8.9099520619e+00    3.7633886522e+00   -6.3816595245e+00   -3.6418099474e+01    2.0601762956e+04    5.5609185700e-01    9.9899796820e-01
         4   -3.5739255421e+01    1.2779993079e+03   -4.7922819207e+01    1.2183563786e+01   -8.9277964080e+00    3.8505325034e+00   -6.4274558281e+00   -3.6418099474e+01    2.0647371072e+04    5.8719226400e-01    9.9899861640e-01
         5   -3.5748353839e+01    1.2786030373e+03   -4.7992650935e+01    1.2244297096e+01   -8.8675232190e+00    3.7151594110e+00   -6.4221876530e+00   -3.6418099474e+01    2.0429171553e+04    5.4720649400e-01    9.9902794484e-01
         6   -3.5750186835e+01    1.2787632739e+03   -4.8017626493e+01    1.2267439659e+01   -8.9424112836e+00    3.7475069732e+00   -6.4046227085e+00   -3.6418099474e+01    2.0471521648e+04    5.3070769200e-01    9.9898981087e-01
         7   -3.5762774163e+01    1.2796836971e+03   -4.8029907715e+01    1.2267133552e+01   -8.8846762772e+00    3.6825067262e+00   -6.4096386902e+00   -3.6418099474e+01    2.0575547107e+04    5.9098235800e-01    9.9895494094e-01
         8   -3.5779390450e+01    1.2808557287e+03   -4.8036098492e+01    1.2256708042e+01   -8.8697883381e+00    3.6715219836e+00   -6.4197326631e+00   -3.6418099474e+01    2.0578974921e+04    5.2537591400e-01    9.9893763280e-01
         9   -3.5772628466e+01    1.2803489075e+03   -4.8034012295e+01    1.2261383829e+01   -8.9460168651e+00    3.7349440086e+00   -6.4048399646e+00   -3.6418099474e+01    2.0691955389e+04    5.7306657100e-01    9.9902644480e-01
        10   -3.5749557651e+01    1.2787154915e+03   -4.8055362093e+01    1.2305804442e+01   -9.0183569357e+00    3.7837340398e+00   -6.4026397226e+00   -3.6418099474e+01    2.0611559710e+04    5.6770689500e-01    9.9899860012e-01
        11   -3.5739040377e+01    1.2780031667e+03   -4.8044969338e+01    1.2305928961e+01   -9.0261934728e+00    3.7913061898e+00   -6.3919825805e+00   -3.6418099474e+01    2.0581161298e+04    5.2785256900e-01    9.9896075506e-01
        12   -3.5761148234e+01    1.2795577065e+03   -4.8061683101e+01    1.2300534867e+01   -9.0245972558e+00    3.7512483572e+00   -6.3702347283e+00   -3.6418099474e+01    2.0645891222e+04    5.7125050500e-01    9.9891711988e-01
        13   -3.5756292621e+01    1.2791912088e+03   -4.8092963734e+01    1.2336671113e+01   -8.9853324724e+00    3.6848074969e+00   -6.3743392846e+00   -3.6418099474e+01    2.0624905307e+04    5.7150207500e-01    9.9895589478e-01
        14   -3.5734526236e+01    1.2776332043e+03   -4.7994120771e+01    1.2259594535e+01   -8.9093481759e+00    3.7123537663e+00   -6.3790268869e+00   -3.6418099474e+01    2.0566418343e+04    5.2759397300e-01    9.9901907679e-01
        15   -3.5730519618e+01    1.2773579416e+03   -4.7928881252e+01    1.2198361633e+01   -8.9044892739e+00    3.7769214858e+00   -6.3832139895e+00   -3.6418099474e+01    2.0506260567e+04    5.4006168000e-01    9.9900053630e-01
        16   -3.5748920500e+01    1.2786531467e+03   -4.8004314500e+01    1.2255393999e+01   -8.9333939880e+00    3.7545377465e+00   -6.4073587840e+00   -3.6418099474e+01    2.0551920398e+04    5.2742656900e-01    9.9902690605e-01
        17   -3.5759501955e+01    1.2794210455e+03   -4.7963268635e+01    1.2203766679e+01   -8.9304151139e+00    3.7813068489e+00   -6.3960608955e+00   -3.6418099474e+01    2.0550110479e+04    5.4825293600e-01    9.9899369451e-01
        18   -3.5748320876e+01    1.2786079255e+03   -4.8041437335e+01    1.2293116459e+01   -8.9482789827e+00    3.7397534905e+00   -6.4148123683e+00   -3.6418099474e+01    2.0538802432e+04    5.2464197800e-01    9.9896891084e-01
        19   -3.5761727899e+01    1.2795918730e+03   -4.8037149261e+01    1.2275421362e+01   -8.9785266957e+00    3.7858900277e+00   -6.4264131190e+00   -3.6418099474e+01    2.0500917511e+04    5.6245250300e-01    9.9894071488e-01
        20   -3.5747813790e+01    1.2785840995e+03   -4.8014636920e+01    1.2266823129e+01   -8.9962828164e+00    3.7944252737e+00   -6.3946799029e+00   -3.6418099474e+01    2.0587207380e+04    5.8212147900e-01    9.9903728066e-01
        21   -3.5763659147e+01    1.2796912242e+03   -4.8126809066e+01    1.2363149919e+01   -8.9233914853e+00    3.6153754240e+00   -6.4006935305e+00   -3.6418099474e+01    2.0715350500e+04    5.7682953700e-01    9.9904658460e-01
        22   -3.5747686738e+01    1.2785445251e+03   -4.8048320836e+01    1.2300634098e+01   -8.9617263267e+00    3.6950612588e+00   -6.3635562934e+00   -3.6418099474e+01    2.0690768024e+04    5.9830833300e-01    9.9895932568e-01
        23   -3.5775968383e+01    1.2805900805e+03   -4.7991907379e+01    1.2215938996e+01   -8.9926098881e+00    3.8200876928e+00   -6.4012857099e+00   -3.6418099474e+01    2.0593474129e+04    5.4158254600e-01    9.9903732741e-01
        24   -3.5772590475e+01    1.2803780342e+03   -4.7937358548e+01    1.2164768072e+01   -8.9812614656e+00    3.8878655277e+00   -6.4258631355e+00   -3.6418099474e+01    2.0656286161e+04    5.8371936000e-01    9.9899535199e-01
        25   -3.5773119279e+01    1.2803897375e+03   -4.8013569112e+01    1.2240449833e+01   -9.0466277355e+00    3.8685457435e+00   -6.4173876461e+00   -3.6418099474e+01    2.0757219514e+04    5.8190087800e-01    9.9898652369e-01
        26   -3.5768849942e+01    1.2800876655e+03   -4.8067290217e+01    1.2298440275e+01   -9.0344789113e+00    3.7700703176e+00   -6.3847821494e+00   -3.6418099474e+01    2.0786804938e+04    5.7489109600e-01    9.9901380671e-01
        27   -3.5768892042e+01    1.2801138785e+03   -4.8026265447e+01    1.2257373406e+01   -9.0336837488e+00    3.8057500386e+00   -6.3802322629e+00   -3.6418099474e+01    2.0859007458e+04    5.7245117800e-01    9.9906177236e-01
        28   -3.5786582710e+01    1.2813633910e+03   -4.7994501611e+01    1.2207918901e+01   -9.0711256328e+00    3.8571303147e+00   -6.3624068182e+00   -3.6418099474e+01    2.0944477048e+04    5.8442725600e-01    9.9902456327e-01
        29   -3.5758082520e+01    1.2793170865e+03   -4.8075208924e+01    1.2317126404e+01   -9.0854853664e+00    3.8148814728e+00   -6.3865055558e+00   -3.6418099474e+01    2.0962862886e+04    5.9251162600e-01    9.9895073210e-01
        30   -3.5728086680e+01    1.2771502331e+03   -4.7978992550e+01    1.2250905870e+01   -9.0368536128e+00    3.8647879279e+00   -6.3888273906e+00   -3.6418099474e+01    2.0898681147e+04    5.9184596000e-01    9.9904347410e-01
        31   -3.5735064618e+01    1.2776573716e+03   -4.8018153170e+01    1.2283088553e+01   -8.9695900056e+00    3.7674566073e+00   -6.3979202980e+00   -3.6418099474e+01    2.0802177638e+04    5.6842985900e-01    9.9902004531e-01
        32   -3.5749676932e+01    1.2787102960e+03   -4.8090303580e+01    1.2340626647e+01   -8.9491711632e+00    3.6776970293e+00   -6.4007299716e+00   -3.6418099474e+01    2.0720385144e+04    5.7047753400e-01    9.9903493534e-01
        33   -3.5755317219e+01    1.2791484731e+03   -4.8004826771e+01    1.2249509552e+01   -8.9648687230e+00    3.7649316724e+00   -6.3867902463e+00   -3.6418099474e+01    2.0622463549e+04    5.5414004000e-01    9.9896098858e-01
        34   -3.5762314615e+01    1.2797218438e+03   -4.8041948884e+01    1.2279634270e+01   -9.0694753114e+00    3.8098541843e+00   -6.3642282832e+00   -3.6418099474e+01    2.0699273872e+04    5.6950254400e-01    9.9899930987e-01
        35   -3.5772526225e+01    1.2804132561e+03   -4.8059845729e+01    1.2287319503e+01   -9.1000665279e+00    3.8122419169e+00   -6.3539216435e+00   -3.6418099474e+01    2.0805349459e+04    5.7559496800e-01    9.9900607684e-01
        36   -3.5767777605e+01    1.2800482334e+03   -4.8087318312e+01    1.2319540707e+01   -9.0920897230e+00    3.8027637725e+00   -6.3798928870e+00   -3.6418099474e+01    2.0798273639e+04    5.7355916100e-01    9.9893195415e-01
        37   -3.5772167742e+01    1.2803739921e+03   -4.8059378637e+01    1.2287210894e+01   -8.9921322250e+00    3.7452634550e+00   -6.3944103926e+00   -3.6418099474e+01    2.0808948551e+04    5.9239115900e-01    9.9893933257e-01
        38   -3.5783169187e+01    1.2811217578e+03   -4.8006454746e+01    1.2223285560e+01   -8.9916869347e+00    3.7849257417e+00   -6.3815940793e+00   -3.6418099474e+01    2.0798096678e+04    5.7472139900e-01    9.9903999395e-01
        39   -3.5773012785e+01    1.2803881875e+03   -4.8038954411e+01    1.2265941626e+01   -8.9789507586e+00    3.7554927340e+00   -6.3973969126e+00   -3.6418099474e+01    2.0797325211e+04    5.8901240100e-01    9.9899195626e-01
        40   -3.5783809337e+01    1.2811721397e+03   -4.7955369230e+01    1.2171559894e+01   -8.9852010000e+00    3.8451628546e+00   -6.3972316104e+00   -3.6418099474e+01    2.0796400072e+04    5.9167142700e-01    9.9903818409e-01
        41   -3.5785052244e+01    1.2812815023e+03   -4.8051856384e+01    1.2266804140e+01   -8.9716737867e+00    3.7474443654e+00   -6.4095274884e+00   -3.6418099474e+01    2.1095684616e+04    5.9257532700e-01    9.9895376239e-01
        42   -3.5785360342e+01    1.2812869596e+03   -4.7974708587e+01    1.2189348245e+01   -8.9681225893e+00    3.8036265094e+00   -6.3921130328e+00   -3.6418099474e+01    2.1139788247e+04    5.6973243000e-01    9.9897626143e-01
        43   -3.5765130249e+01    1.2798582374e+03   -4.7926868841e+01    1.2161738592e+01   -8.9922865052e+00    3.8758337989e+00   -6.3923166607e+00   -3.6418099474e+01    2.1250552843e+04    5.7711573500e-01    9.9899192871e-01
        44   -3.5780968883e+01    1.2809657458e+03   -4.8067835845e+01    1.2286866962e+01   -8.9683880151e+00    3.7175355837e+00   -6.3988839397e+00   -3.6418099474e+01    2.1253258227e+04    5.7357137500e-01    9.9900704978e-01
        45   -3.5771529776e+01    1.2802994713e+03   -4.8047865696e+01    1.2276335920e+01   -9.0209692321e+00    3.8069192974e+00   -6.4157162868e+00   -3.6418099474e+01    2.1197570557e+04    5.7079774800e-01    9.9901289636e-01
        46   -3.5777288949e+01    1.2807128837e+03   -4.7932745531e+01    1.2155456582e+01   -9.0275819989e+00    3.9627350777e+00   -6.4497991359e+00   -3.6418099474e+01    2.1221717128e+04    5.8090777000e-01    9.9890969296e-01
        47   -3.5772159088e+01    1.2803076810e+03   -4.7886374312e+01    1.2114215225e+01   -8.9633550904e+00    3.9245602425e+00   -6.4294799903e+00   -3.6418099474e+01    2.1306131078e+04    5.7795190900e-01    9.9891409266e-01
        48   -3.5765842940e+01    1.2798771728e+03   -4.7854596162e+01    1.2088753221e+01   -8.9884672240e+00    3.9434972384e+00   -6.3915267018e+00   -3.6418099474e+01    2.1306617309e+04    5.7037423800e-01    9.9897954396e-01
        49   -3.5745731514e+01    1.2784308881e+03   -4.7956180343e+01    1.2210448828e+01   -8.9886246680e+00    3.8229350755e+00   -6.3723912758e+00   -3.6418099474e+01    2.1347847012e+04    5.6833514000e-01    9.9899511771e-01
        50   -3.5762122775e+01    1.2796033089e+03   -4.8001904717e+01    1.2239781942e+01   -9.0112357322e+00    3.7986654167e+00   -6.3712349270e+00   -3.6418099474e+01    2.1382831585e+04    5.7455669500e-01    9.9900162945e-01
        51   -3.5746103745e+01    1.2784562805e+03   -4.7955846211e+01    1.2209742466e+01   -9.0525506265e+00    3.8916278400e+00   -6.3768239504e+00   -3.6418099474e+01    2.1310629097e+04    5.8042158700e-01    9.9899500181e-01
        52   -3.5754265246e+01    1.2790423813e+03   -4.7995418112e+01    1.2241152866e+01   -9.0192242188e+00    3.8610011295e+00   -6.4190955483e+00   -3.6418099474e+01    2.1253323766e+04    5.7520799000e-01    9.9896533885e-01
        53   -3.5748434563e+01    1.2786036572e+03   -4.7984523399e+01    1.2236088836e+01   -8.9064938602e+00    3.7825618946e+00   -6.4424919588e+00   -3.6418099474e+01    2.1249194280e+04    5.7325632100e-01    9.9905082217e-01
        54   -3.5727611099e+01    1.2771234979e+03   -4.8057081167e+01    1.2329470068e+01   -8.8309432661e+00    3.6464501976e+00   -6.4544886239e+00   -3.6418099474e+01    2.1145140927e+04    6.2226376700e-01    9.9900582663e-01
        55   -3.5752661478e+01    1.2789445913e+03   -4.8098894717e+01    1.2346233239e+01   -8.8214151830e+00    3.5945355717e+00   -6.4539156313e+00   -3.6418099474e+01    2.0990990773e+04    5.7346082800e-01    9.9899990475e-01
        56   -3.5767470736e+01    1.2799997815e+03   -4.8105592637e+01    1.2338121901e+01   -8.8061762368e+00    3.5485699799e+00   -6.4298869057e+00   -3.6418099474e+01    2.0946186343e+04    5.7938004200e-01    9.9902654747e-01
        57   -3.5771601555e+01    1.2803173083e+03   -4.8031632424e+01    1.2260030869e+01   -8.8610021243e+00    3.6753631856e+00   -6.4278940113e+00   -3.6418099474e+01    2.0844171454e+04    6.1747936700e-01    9.9896348734e-01
        58   -3.5769988996e+01    1.2801915446e+03   -4.7987946202e+01    1.2217957205e+01   -8.8652824942e+00    3.7272409359e+00   -6.4318051691e+00   -3.6418099474e+01    2.0822918011e+04    5.7426777300e-01    9.9900355359e-01
        59   -3.5747444451e+01    1.2785660862e+03   -4.7993285869e+01    1.2245841418e+01   -8.8404339822e+00    3.6733083257e+00   -6.4080607386e+00   -3.6418099474e+01    2.0930996033e+04    5.7868924400e-01    9.9894927882e-01
        60   -3.5766139337e+01    1.2799229258e+03   -4.7966595317e+01    1.2200455980e+01   -8.8546709893e+00    3.7315968146e+00   -6.4254216684e+00   -3.6418099474e+01    2.0805653817e+04    5.7376988200e-01    9.9894271434e-01
        61   -3.5746163221e+01    1.2784946906e+03   -4.7963991000e+01    1.2217827780e+01   -8.8805685334e+00    3.7392116454e+00   -6.4045346381e+00   -3.6418099474e+01    2.0736883652e+04    5.7616564200e-01    9.9905643484e-01
        62   -3.5739784974e+01    1.2780160901e+03   -4.7985384845e+01    1.2245599871e+01   -8.8212751778e+00    3.6362482803e+00   -6.3822584733e+00   -3.6418099474e+01    2.0557033629e+04    5.2759901200e-01    9.9899606764e-01
        63   -3.5733372437e+01    1.2775329715e+03   -4.7943514838e+01    1.2210142401e+01   -8.8625654865e+00    3.7190076213e+00   -6.3818574991e+00   -3.6418099474e+01    2.0474658608e+04    5.7144382500e-01    9.9901297433e-01
        64   -3.5762956594e+01    1.2796678249e+03   -4.8019505319e+01    1.2256548725e+01   -8.8351548758e+00    3.6351199480e+00   -6.4013709174e+00   -3.6418099474e+01    2.0525513991e+04    5.3194771800e-01    9.9891421611e-01
        65   -3.5760716156e+01    1.2795166524e+03   -4.7958770560e+01    1.2198054404e+01   -8.8110880594e+00    3.6992812954e+00   -6.4288643219e+00   -3.6418099474e+01    2.0736742214e+04    5.8435243400e-01    9.9900119168e-01
        66   -3.5748310495e+01    1.2786133559e+03   -4.7874740506e+01    1.2126430011e+01   -8.8593634997e+00    3.8310691366e+00   -6.4283466684e+00   -3.6418099474e+01    2.0735328390e+04    5.9046207200e-01    9.9894441383e-01
        67   -3.5751094467e+01    1.2788191443e+03   -4.7927472913e+01    1.2176378447e+01   -8.8516831556e+00    3.7913130603e+00   -6.4490033440e+00   -3.6418099474e+01    2.0731860849e+04    5.7721415300e-01    9.9897521219e-01
        68   -3.5739625808e+01    1.2780282475e+03   -4.7917604865e+01    1.2177979057e+01   -8.8780876180e+00    3.8065957838e+00   -6.4280135570e+00   -3.6418099474e+01    2.0684037168e+04    5.7209108600e-01    9.9902471864e-01
        69   -3.5742062158e+01    1.2781912695e+03   -4.7889933603e+01    1.2147871444e+01   -8.8982606369e+00    3.8547390036e+00   -6.4283124952e+00   -3.6418099474e+01    2.0614218403e+04    5.5066484900e-01    9.9892609452e-01
        70   -3.5752989410e+01    1.2789872977e+03   -4.7817250908e+01    1.2064261498e+01   -8.8942012422e+00    3.9007300072e+00   -6.4056801990e+00   -3.6418099474e+01    2.0704467070e+04    5.9877296900e-01    9.9896520323e-01
        71   -3.5738045053e+01    1.2779052377e+03   -4.7929837646e+01    1.2191792593e+01   -8.8677217093e+00    3.7583797790e+00   -6.4023962419e+00   -3.6418099474e+01    2.0697134837e+04    5.9044173000e-01    9.9893907715e-01
        72   -3.5719712995e+01    1.2765803501e+03   -4.7897780675e+01    1.2178067680e+01   -8.8893776440e+00    3.8163820751e+00   -6.4066856323e+00   -3.6418099474e+01    2.0630347462e+04    5.6529095200e-01    9.9901024363e-01
        73   -3.5729611219e+01    1.2772832560e+03   -4.7960474558e+01    1.2230863340e+01   -8.8987360164e+00    3.7439017850e+00   -6.3875408530e+00   -3.6418099474e+01    2.0622755933e+04    5.5642291200e-01    9.9897514023e-01
        74   -3.5737904830e+01    1.2778904007e+03   -4.8047225244e+01    1.2309320415e+01   -8.9395907498e+00    3.7019061478e+00   -6.3914411682e+00   -3.6418099474e+01    2.0572941845e+04    5.5218782500e-01    9.9905759271e-01
        75   -3.5746346031e+01    1.2785234511e+03   -4.8077027671e+01    1.2330681640e+01   -8.9283808446e+00    3.6760133839e+00   -6.4065607360e+00   -3.6418099474e+01    2.0441998705e+04    5.2960212500e-01    9.9904093412e-01
        76   -3.5745058861e+01    1.2783805265e+03   -4.8133756780e+01    1.2388697919e+01   -8.8731241397e+00    3.5793227302e+00   -6.4218558961e+00   -3.6418099474e+01    2.0296556097e+04    5.2711098400e-01    9.9899351769e-01
        77   -3.5739970077e+01    1.2780270144e+03   -4.8054111022e+01    1.2314140945e+01   -8.9539390492e+00    3.7443651848e+00   -6.4264376834e+00   -3.6418099474e+01    2.0262931185e+04    5.1790804000e-01    9.9901126558e-01
        78   -3.5735496693e+01    1.2776933385e+03   -4.8092832742e+01    1.2357336049e+01   -8.9683249906e+00    3.7198495397e+00   -6.4262578171e+00   -3.6418099474e+01    2.0220340158e+04    5.1803570400e-01    9.9897212371e-01
        79   -3.5731286367e+01    1.2773659101e+03   -4.8053791200e+01    1.2322504833e+01   -9.0137731164e+00    3.8110605162e+00   -6.4329791259e+00   -3.6418099474e+01    2.0285068259e+04    5.1936801600e-01    9.9903708033e-01
        80   -3.5743768434e+01    1.2782838500e+03   -4.8052841336e+01    1.2309072901e+01   -8.9968958702e+00    3.8258605692e+00   -6.4637065605e+00   -3.6418099474e+01    2.0318344538e+04    5.1985955800e-01    9.9897703065e-01
        81   -3.5746028292e+01    1.2784222336e+03   -4.8051231047e+01    1.2305202755e+01   -8.9504185008e+00    3.7982567305e+00   -6.4809698024e+00   -3.6418099474e+01    2.0214397976e+04    5.4450499700e-01    9.9902118758e-01
        82   -3.5750221514e+01    1.2787617487e+03   -4.7961422338e+01    1.2211200824e+01   -8.9352253266e+00    3.8362800330e+00   -6.4443775699e+00   -3.6418099474e+01    2.0140569532e+04    5.1434624600e-01    9.9900507924e-01
        83   -3.5745650538e+01    1.2784811309e+03   -4.7979256288e+01    1.2233605750e+01   -8.9114882155e+00    3.7873667532e+00   -6.4370353516e+00   -3.6418099474e+01    2.0288097737e+04    5.2837416800e-01    9.9906700653e-01
        84   -3.5722542971e+01    1.2768220770e+03   -4.7946283278e+01    1.2223740306e+01   -8.9840985034e+00    3.8862252408e+00   -6.4303105408e+00   -3.6418099474e+01    2.0311182276e+04    5.2323675700e-01    9.9898742722e-01
        85   -3.5750208575e+01    1.2787977486e+03   -4.7944587238e+01    1.2194378663e+01   -8.9611539596e+00    3.8811553710e+00   -6.4464891756e+00   -3.6418099474e+01    2.0160829157e+04    5.2269627600e-01    9.9896713981e-01
        86   -3.5770294554e+01    1.2801878087e+03   -4.7929276911e+01    1.2158982357e+01   -8.9640387249e+00    3.8971655424e+00   -6.4443042538e+00   -3.6418099474e+01    2.0159430613e+04    5.2023479600e-01    9.9903771860e-01
        87   -3.5768070382e+01    1.2800520342e+03   -4.7980878134e+01    1.2212807752e+01   -8.9050493708e+00    3.7791349154e+00   -6.4368642045e+00   -3.6418099474e+01    2.0193431479e+04    5.3060358400e-01    9.9897569985e-01
        88   -3.5762745087e+01    1.2796548824e+03   -4.7955884340e+01    1.2193139253e+01   -8.9313873710e+00    3.8291726504e+00   -6.4355701457e+00   -3.6418099474e+01    2.0088272930e+04    5.2550321900e-01    9.9901835952e-01
        89   -3.5747732804e+01    1.2785725537e+03   -4.8057681869e+01    1.2309949065e+01   -8.8917535876e+00    3.6877737357e+00   -6.4356025430e+00   -3.6418099474e+01    2.0025273900e+04    5.2181266000e-01    9.9894401872e-01
        90   -3.5750399079e+01    1.2787647319e+03   -4.7929675795e+01    1.2179276716e+01   -8.9261114660e+00    3.8542159421e+00   -6.4396807967e+00   -3.6418099474e+01    2.0106437930e+04    5.3897103400e-01    9.9892700813e-01
        91   -3.5734120123e+01    1.2776316774e+03   -4.7857039718e+01    1.2122919596e+01   -8.9318654568e+00    3.9559869362e+00   -6.4630617235e+00   -3.6418099474e+01    1.9994709757e+04    5.1337438200e-01    9.9900327241e-01
        92   -3.5727332289e+01    1.2771159813e+03   -4.7974674011e+01    1.2247341721e+01   -8.9568091752e+00    3.8470028671e+00   -6.4467682284e+00   -3.6418099474e+01    1.9989643714e+04    5.1597832200e-01    9.9910133638e-01
        93   -3.5743636530e+01    1.2783024973e+03   -4.8022136079e+01    1.2278499549e+01   -8.9097818228e+00    3.7496106942e+00   -6.4438654766e+00   -3.6418099474e+01    2.0161007270e+04    5.4570846000e-01    9.9903805272e-01
        94   -3.5738603987e+01    1.2779320638e+03   -4.7993589237e+01    1.2254985250e+01   -8.8873172165e+00    3.7405717216e+00   -6.4287442680e+00   -3.6418099474e+01    2.0014833722e+04    5.2781443800e-01    9.9905244900e-01
        95   -3.5744852600e+01    1.2784288725e+03   -4.7945541747e+01    1.2200689147e+01   -8.8784269536e+00    3.7812698855e+00   -6.4302852044e+00   -3.6418099474e+01    1.9947576361e+04    5.4589689400e-01    9.9899361068e-01
        96   -3.5747098484e+01    1.2785476838e+03   -4.7914787259e+01    1.2167688775e+01   -8.8749304316e+00    3.7979956475e+00   -6.4197530008e+00   -3.6418099474e+01    2.0021187895e+04    5.1172832300e-01    9.9903122904e-01
        97   -3.5732126006e+01    1.2774540726e+03   -4.7999686170e+01    1.2267560164e+01   -8.8068957254e+00    3.6385001243e+00   -6.4131910945e+00   -3.6418099474e+01    2.0031149084e+04    5.1476335700e-01    9.9899441580e-01
        98   -3.5730481797e+01    1.2773495461e+03   -4.7962623246e+01    1.2232141449e+01   -8.8733243296e+00    3.7496445564e+00   -6.4208439988e+00   -3.6418099474e+01    1.9921753429e+04    5.1945588600e-01    9.9897272799e-01
        99   -3.5744164451e+01    1.2783378426e+03   -4.7975963960e+01    1.2231799509e+01   -8.9323202823e+00    3.8205841449e+00   -6.4461283482e+00   -3.6418099474e+01    1.9900552231e+04    5.2374969400e-01    9.9897507880e-01
       100   -3.5762807140e+01    1.2796874928e+03   -4.8072290032e+01    1.2309482892e+01   -8.8816027598e+00    3.6940866370e+00   -6.4666744355e+00   -3.6418099474e+01    2.0001588962e+04    5.1903125600e-01    9.9898903297e-01
       101   -3.5779152330e+01    1.2808651113e+03   -4.8133965645e+01    1.2354813315e+01   -8.8130329248e+00    3.5581069558e+00   -6.4609402018e+00   -3.6418099474e+01    2.0096748855e+04    5.3176812200e-01    9.9903282699e-01
       102   -3.5762114869e+01    1.2796153913e+03   -4.8122426289e+01    1.2360311421e+01   -8.8031454014e+00    3.5417152569e+00   -6.4428966706e+00   -3.6418099474e+01    2.0062938260e+04    5.2860810700e-01    9.9903489341e-01
       103   -3.5745618213e+01    1.2784116042e+03   -4.8078273599e+01    1.2332655385e+01   -8.8157039324e+00    3.5688382976e+00   -6.4133084897e+00   -3.6418099474e+01    1.9975490523e+04    5.2546936400e-01    9.9903078596e-01
       104   -3.5759429144e+01    1.2794350040e+03   -4.8013138686e+01    1.2253709542e+01   -8.9196059872e+00    3.7188161204e+00   -6.3942493453e+00   -3.6418099474e+01    1.9968031226e+04    5.2952891500e-01    9.9896589234e-01
       105   -3.5739806784e+01    1.2780971491e+03   -4.8046705668e+01    1.2306898884e+01   -8.9786199288e+00    3.7442643424e+00   -6.3942506072e+00   -3.6418099474e+01    2.0014805060e+04    5.2630007400e-01    9.9903990977e-01
       106   -3.5742108442e+01    1.2782012571e+03   -4.8060562191e+01    1.2318453749e+01   -8.9296917946e+00    3.6819587295e+00   -6.3947296515e+00   -3.6418099474e+01    1.9931072200e+04    5.2461217100e-01    9.9908778746e-01
       107   -3.5736966469e+01    1.2778440317e+03   -4.8099048743e+01    1.2362082274e+01   -8.9002924608e+00    3.6268823215e+00   -6.4075391295e+00   -3.6418099474e+01    1.9911010884e+04    5.1080537100e-01    9.9895955167e-01
       108   -3.5753594442e+01    1.2789723570e+03   -4.8086851003e+01    1.2333256562e+01   -8.8135239947e+00    3.5848930202e+00   -6.4401205544e+00   -3.6418099474e+01    1.9974066521e+04    5.0715175700e-01    9.9900381305e-01
       109   -3.5742189514e+01    1.2781556610e+03   -4.8056463425e+01    1.2314273911e+01   -8.7999075542e+00    3.5880939314e+00   -6.4265503275e+00   -3.6418099474e+01    2.0102602184e+04    5.5710663100e-01    9.9906543384e-01
       110   -3.5736440204e+01    1.2777439174e+03   -4.7986943572e+01    1.2250503367e+01   -8.7893308957e+00    3.6683016796e+00   -6.4478148814e+00   -3.6418099474e+01    2.0013080389e+04    5.1883000300e-01    9.9906663145e-01
       111   -3.5734943370e+01    1.2776488996e+03   -4.7940626848e+01    1.2205683478e+01   -8.8386604534e+00    3.7512329509e+00   -6.4350998717e+00   -3.6418099474e+01    2.0033925951e+04    5.2375897600e-01    9.9901769224e-01
       112   -3.5730416883e+01    1.2773717557e+03   -4.7992112029e+01    1.2261695146e+01   -8.8627381876e+00    3.7353625405e+00   -6.4466369076e+00   -3.6418099474e+01    2.0020041236e+04    5.2852813700e-01    9.9901705437e-01
       113   -3.5717468628e+01    1.2764216116e+03   -4.8001349461e+01    1.2283880833e+01   -8.9190628677e+00    3.7738372965e+00   -6.4380244154e+00   -3.6418099474e+01    1.9974849089e+04    5.0929532100e-01    9.9895415442e-01
       114   -3.5721890079e+01    1.2767165035e+03   -4.8015734698e+01    1.2293844619e+01   -8.9334883753e+00    3.7580128449e+00   -6.4221596939e+00   -3.6418099474e+01    1.9838856831e+04    5.4389166700e-01    9.9900448611e-01
       115   -3.5728147041e+01    1.2771609050e+03   -4.7905231306e+01    1.2177084265e+01   -8.9650273644e+00    3.9068913855e+00   -6.4289958531e+00   -3.6418099474e+01    1.9747533272e+04    5.4547508400e-01    9.9902326086e-01
       116   -3.5747895015e+01    1.2785462893e+03   -4.7964450476e+01    1.2216555461e+01   -8.9120174369e+00    3.7998112857e+00   -6.4341448509e+00   -3.6418099474e+01    1.9720405367e+04    5.1270777300e-01    9.9897099958e-01
       117   -3.5752745635e+01    1.2789238587e+03   -4.7983218133e+01    1.2230472498e+01   -8.9329681988e+00    3.7838571682e+00   -6.4160076286e+00   -3.6418099474e+01    1.9989461681e+04    5.1094453100e-01    9.9895988219e-01
       118   -3.5731821202e+01    1.2774264055e+03   -4.7925347869e+01    1.2193526667e+01   -8.9202368765e+00    3.8440155697e+00   -6.4310270882e+00   -3.6418099474e+01    2.0001662649e+04    5.1573070600e-01    9.9894826687e-01
       119   -3.5732424258e+01    1.2774966161e+03   -4.7965687741e+01    1.2233263483e+01   -8.9035663342e+00    3.7769482016e+00   -6.4209701337e+00   -3.6418099474e+01    2.0062386555e+04    5.4493859700e-01    9.9900487062e-01
       120   -3.5752797984e+01    1.2789812841e+03   -4.7974883566e+01    1.2222085582e+01   -8.8620430141e+00    3.7543660786e+00   -6.4491071559e+00   -3.6418099474e+01    2.0029510428e+04    5.1561876100e-01    9.9908685572e-01
       121   -3.5761655523e+01    1.2796296482e+03   -4.7887914892e+01    1.2126259369e+01   -8.8090531977e+00    3.7906162733e+00   -6.4513784936e+00   -3.6418099474e+01    1.9958752154e+04    5.1677283800e-01    9.9902265437e-01
       122   -3.5797176404e+01    1.2822020665e+03   -4.7895462657e+01    1.2098286253e+01   -8.8107601779e+00    3.7915979923e+00   -6.4582009971e+00   -3.6418099474e+01    2.0010751836e+04    5.4413241200e-01    9.9899984998e-01
       123   -3.5793226776e+01    1.2819249494e+03   -4.7918757156e+01    1.2125530380e+01   -8.7817308990e+00    3.7124149254e+00   -6.4313417078e+00   -3.6418099474e+01    2.0193132218e+04    5.1703350300e-01    9.9901255716e-01
       124   -3.5775255864e+01    1.2806466903e+03   -4.7951835275e+01    1.2176579411e+01   -8.7747963667e+00    3.6748015157e+00   -6.4337409503e+00   -3.6418099474e+01    2.0219982455e+04    5.1682881300e-01    9.9899463570e-01
       125   -3.5797086626e+01    1.2823453750e+03   -4.8025581427e+01    1.2228494801e+01   -8.8066554528e+00    3.6117030475e+00   -6.4125295475e+00   -3.6418099474e+01    2.0374077306e+04    5.1775984100e-01    9.9900038582e-01
       126   -3.5807620942e+01    1.2830254254e+03   -4.8057338219e+01    1.2249717277e+01   -8.8411999653e+00    3.6195690090e+00   -6.4176077882e+00   -3.6418099474e+01    2.0411773249e+04    5.1775643800e-01    9.9904936975e-01
       127   -3.5780529037e+01    1.2810321303e+03   -4.8074976936e+01    1.2294447899e+01   -8.8470558496e+00    3.5913735282e+00   -6.4011951406e+00   -3.6418099474e+01    2.0450215480e+04    5.1881947600e-01    9.9901822400e-01
       128   -3.5768556277e+01    1.2801379931e+03   -4.8034436958e+01    1.2265880680e+01   -8.8609829434e+00    3.6393394451e+00   -6.3946939851e+00   -3.6418099474e+01    2.0464337360e+04    5.6519939500e-01    9.9895096595e-01
       129   -3.5744312381e+01    1.2783638212e+03   -4.8013613120e+01    1.2269300739e+01   -8.8694706405e+00    3.6668244169e+00   -6.3928674225e+00   -3.6418099474e+01    2.0429743530e+04    5.1799043700e-01    9.9892320493e-01
       130   -3.5742458492e+01    1.2782299394e+03   -4.7980273192e+01    1.2237814701e+01   -8.9191717276e+00    3.7782932941e+00   -6.4212952848e+00   -3.6418099474e+01    2.0469758541e+04    5.2008786700e-01    9.9896723050e-01
       131   -3.5751401119e+01    1.2788604703e+03   -4.8079255437e+01    1.2327854319e+01   -8.8965183163e+00    3.6515790106e+00   -6.4162166575e+00   -3.6418099474e+01    2.0535795444e+04    5.6129285500e-01    9.9902614793e-01
       132   -3.5737980261e+01    1.2779165605e+03   -4.8052011592e+01    1.2314031332e+01   -8.8786308399e+00    3.6389138544e+00   -6.3941951327e+00   -3.6418099474e+01    2.0519614764e+04    5.2368575400e-01    9.9906028776e-01
       133   -3.5725116134e+01    1.2769868259e+03   -4.7988907139e+01    1.2263791005e+01   -8.7879198327e+00    3.6257917309e+00   -6.4086795632e+00   -3.6418099474e+01    2.0499841464e+04    5.2249684700e-01    9.9903164231e-01
       134   -3.5734673791e+01    1.2776895275e+03   -4.7982623988e+01    1.2247950197e+01   -8.7783417937e+00    3.6099826497e+00   -6.3961653701e+00   -3.6418099474e+01    2.0561144891e+04    5.2668462800e-01    9.9898410692e-01
       135   -3.5743840939e+01    1.2783463647e+03   -4.7918489112e+01    1.2174648173e+01   -8.8274388840e+00    3.6968730032e+00   -6.3698237569e+00   -3.6418099474e+01    2.0554398144e+04    5.2410676400e-01    9.9904099403e-01
       136   -3.5728815422e+01    1.2772476739e+03   -4.8041333993e+01    1.2312518571e+01   -8.8575934389e+00    3.6020347801e+00   -6.3676758598e+00   -3.6418099474e+01    2.0400730543e+04    5.1895329600e-01    9.9903385025e-01
       137   -3.5733161162e+01    1.2775612560e+03   -4.7933116174e+01    1.2199955012e+01   -8.9463031597e+00    3.7756866767e+00   -6.3444002173e+00   -3.6418099474e+01    2.0412535904e+04    5.2482951900e-01    9.9893815775e-01
       138   -3.5722170647e+01    1.2767895728e+03   -4.8004131373e+01    1.2281960727e+01   -8.9458126983e+00    3.7412842475e+00   -6.3815034482e+00   -3.6418099474e+01    2.0517303499e+04    5.3626562500e-01    9.9893852493e-01
       139   -3.5750010962e+01    1.2788231912e+03   -4.7992316220e+01    1.2242305258e+01   -8.9170425629e+00    3.7231770080e+00   -6.3803511907e+00   -3.6418099474e+01    2.0628075053e+04    5.9925015300e-01    9.9900457032e-01
       140   -3.5739072804e+01    1.2779867149e+03   -4.7993276396e+01    1.2254203593e+01   -8.8659641106e+00    3.6766026429e+00   -6.3858154543e+00   -3.6418099474e+01    2.0632628378e+04    5.6518644800e-01    9.9893049239e-01
       141   -3.5737031050e+01    1.2778435236e+03   -4.7957345692e+01    1.2220314642e+01   -8.8787433919e+00    3.7282387541e+00   -6.3887415798e+00   -3.6418099474e+01    2.0598710347e+04    5.4729263600e-01    9.9895819610e-01
       142   -3.5728724932e+01    1.2772348066e+03   -4.7983335970e+01    1.2254611039e+01   -8.8575673724e+00    3.7417972308e+00   -6.4494663544e+00   -3.6418099474e+01    2.0497875088e+04    5.1893442400e-01    9.9895659869e-01
       143   -3.5728588342e+01    1.2772317831e+03   -4.7950448959e+01    1.2221860618e+01   -8.8438300985e+00    3.7632258865e+00   -6.4517452733e+00   -3.6418099474e+01    2.0437600302e+04    5.1704186500e-01    9.9903210477e-01
       144   -3.5730759370e+01    1.2773857765e+03   -4.7923034937e+01    1.2192275566e+01   -8.8565133282e+00    3.7991868887e+00   -6.4476090230e+00   -3.6418099474e+01    2.0501522941e+04    5.6252052500e-01    9.9896894289e-01
       145   -3.5722189992e+01    1.2767817003e+03   -4.7968886346e+01    1.2246696354e+01   -8.8691423386e+00    3.7690814427e+00   -6.4507259758e+00   -3.6418099474e+01    2.0593849237e+04    5.4047851100e-01    9.9897716477e-01
       146   -3.5741610217e+01    1.2781687825e+03   -4.8005100038e+01    1.2263489822e+01   -8.7884364478e+00    3.6521345874e+00   -6.4506987036e+00   -3.6418099474e+01    2.0608620759e+04    5.6455940600e-01    9.9901582989e-01
       147   -3.5739359921e+01    1.2780114738e+03   -4.7958711261e+01    1.2219351340e+01   -8.7963576861e+00    3.6969839355e+00   -6.4412380358e+00   -3.6418099474e+01    2.0486190710e+04    5.6019634700e-01    9.9900817860e-01
       148   -3.5768643727e+01    1.2801151952e+03   -4.7976147893e+01    1.2207504166e+01   -8.7752274438e+00    3.6417877252e+00   -6.4246086999e+00   -3.6418099474e+01    2.0454482684e+04    5.1440910800e-01    9.9901506737e-01
       149   -3.5744550677e+01    1.2784100504e+03   -4.7951046599e+01    1.2206495922e+01   -8.8286008383e+00    3.7157010374e+00   -6.4200473235e+00   -3.6418099474e+01    2.0342106542e+04    5.1835427900e-01    9.9900978974e-01
       150   -3.5744167961e+01    1.2783690312e+03   -4.7898822789e+01    1.2154654828e+01   -8.8703272303e+00    3.8180472587e+00   -6.4284433431e+00   -3.6418099474e+01    2.0249443011e+04    5.2968450000e-01    9.9896643926e-01
       151   -3.5740522575e+01    1.2781024199e+03   -4.7793280383e+01    1.2052757808e+01   -8.9775521788e+00    3.9945315989e+00   -6.3921603289e+00   -3.6418099474e+01    2.0200638614e+04    5.1363340900e-01    9.9896746818e-01
       152   -3.5744061140e+01    1.2783346646e+03   -4.7881064498e+01    1.2137003358e+01   -8.9286436574e+00    3.8514063701e+00   -6.3857277366e+00   -3.6418099474e+01    2.0373824263e+04    5.7561573100e-01    9.9896401576e-01
       153   -3.5758845313e+01    1.2793936362e+03   -4.7963907255e+01    1.2205061942e+01   -8.9414197631e+00    3.7869689986e+00   -6.3913570161e+00   -3.6418099474e+01    2.0268304361e+04    5.1970243700e-01    9.9894963167e-01
       154   -3.5763759182e+01    1.2797240795e+03   -4.8026535155e+01    1.2262775973e+01   -9.0205758261e+00    3.8345347786e+00   -6.4223946335e+00   -3.6418099474e+01    2.0009759314e+04    5.1512160500e-01    9.9901264810e-01
       155   -3.5741934448e+01    1.2781571083e+03   -4.7920591524e+01    1.2178657075e+01   -9.1050638675e+00    4.0012392505e+00   -6.3986674326e+00   -3.6418099474e+01    2.0037621435e+04    5.4531676400e-01    9.9892331277e-01
       156   -3.5742465101e+01    1.2782108299e+03   -4.7982519323e+01    1.2240054222e+01   -9.0936156064e+00    3.9007824552e+00   -6.3715866972e+00   -3.6418099474e+01    2.0000090614e+04    5.2562677900e-01    9.9897663221e-01
       157   -3.5758877767e+01    1.2793762811e+03   -4.8150983989e+01    1.2392106222e+01   -8.9954008963e+00    3.6624266557e+00   -6.3999102738e+00   -3.6418099474e+01    1.9929507092e+04    5.1459297700e-01    9.9900151297e-01
       158   -3.5766323232e+01    1.2799142335e+03   -4.8117766632e+01    1.2351443400e+01   -8.9684890556e+00    3.7025660444e+00   -6.4337441463e+00   -3.6418099474e+01    1.9889863964e+04    5.1717661000e-01    9.9901018201e-01
       159   -3.5753127508e+01    1.2789919872e+03   -4.8100945382e+01    1.2347817873e+01   -9.0082515953e+00    3.7725952450e+00   -6.4471895573e+00   -3.6418099474e+01    1.9968515522e+04    5.0800258700e-01    9.9897488926e-01
       160   -3.5735888141e+01    1.2777474048e+03   -4.7995138217e+01    1.2259250076e+01   -9.0300321907e+00    3.8742788821e+00   -6.4212854337e+00   -3.6418099474e+01    2.0085818178e+04    5.1138610900e-01    9.9903801700e-01
       161   -3.5757835675e+01    1.2793950347e+03   -4.7983282487e+01    1.2225446812e+01   -9.0197240199e+00    3.9020081097e+00   -6.4474671032e+00   -3.6418099474e+01    2.0227783831e+04    5.2033428400e-01    9.9898635285e-01
       162   -3.5757833005e+01    1.2793512097e+03   -4.8061040288e+01    1.2303207283e+01   -9.0051143018e+00    3.7915345469e+00   -6.4293610586e+00   -3.6418099474e+01    2.0444725244e+04    5.2313987900e-01    9.9898672965e-01
       163   -3.5755229081e+01    1.2791748446e+03   -4.8058602881e+01    1.2303373800e+01   -9.0078588793e+00    3.7857932675e+00   -6.4184377947e+00   -3.6418099474e+01    2.0461036339e+04    5.3050570500e-01    9.9893869571e-01
       164   -3.5738724409e+01    1.2779407989e+03   -4.7993926817e+01    1.2255202408e+01   -8.9799704478e+00    3.8271001418e+00   -6.4229570365e+00   -3.6418099474e+01    2.0564454264e+04    5.2415278100e-01    9.9894600489e-01
       165   -3.5736475583e+01    1.2777803874e+03   -4.7990933626e+01    1.2254458043e+01   -8.9543236829e+00    3.8139941677e+00   -6.4325046370e+00   -3.6418099474e+01    2.0625763792e+04    5.5246814300e-01    9.9898725850e-01
       166   -3.5729852614e+01    1.2773082268e+03   -4.8025940575e+01    1.2296087962e+01   -8.9771894395e+00    3.7790655506e+00   -6.4097172123e+00   -3.6418099474e+01    2.0530924942e+04    5.8158709500e-01    9.9905218710e-01
       167   -3.5724550192e+01    1.2769193682e+03   -4.8053145571e+01    1.2328595379e+01   -8.9771188528e+00    3.7749186523e+00   -6.4328458967e+00   -3.6418099474e+01    2.0480315947e+04    5.2256029200e-01    9.9904638708e-01
       168   -3.5747347462e+01    1.2785991741e+03   -4.8036666935e+01    1.2289319473e+01   -8.9380371926e+00    3.7520764100e+00   -6.4326066786e+00   -3.6418099474e+01    2.0512658204e+04    5.6898784700e-01    9.9904072480e-01
       169   -3.5771602341e+01    1.2803158264e+03   -4.7995205483e+01    1.2223603143e+01   -8.8955204125e+00    3.7532465811e+00   -6.4348321779e+00   -3.6418099474e+01    2.0577456458e+04    5.3367017500e-01    9.9891159438e-01
       170   -3.5746271522e+01    1.2785580933e+03   -4.7999021627e+01    1.2252750105e+01   -8.8530305496e+00    3.6953096068e+00   -6.4232012099e+00   -3.6418099474e+01    2.0557699298e+04    5.4567536500e-01    9.9900118121e-01
       171   -3.5752891046e+01    1.2790276363e+03   -4.8068636477e+01    1.2315745431e+01   -8.7914736713e+00    3.5786194369e+00   -6.4376827682e+00   -3.6418099474e+01    2.0564593056e+04    5.7372259600e-01    9.9903446743e-01
       172   -3.5765956692e+01    1.2798684652e+03   -4.8111389679e+01    1.2345432987e+01   -8.7937882280e+00    3.5391962708e+00   -6.4386982476e+00   -3.6418099474e+01    2.0522854683e+04    5.2439024200e-01    9.9905144806e-01
       173   -3.5766693865e+01    1.2799344044e+03   -4.8030576291e+01    1.2263882426e+01   -8.8247121583e+00    3.6708035951e+00   -6.4585682533e+00   -3.6418099474e+01    2.0512704169e+04    5.2633290900e-01    9.9904227903e-01
       174   -3.5775086296e+01    1.2805424785e+03   -4.8063294948e+01    1.2288208652e+01   -8.7987110153e+00    3.6238317667e+00   -6.4703162253e+00   -3.6418099474e+01    2.0568057114e+04    5.2582936200e-01    9.9901526940e-01
       175   -3.5770525456e+01    1.2802348713e+03   -4.8060767002e+01    1.2290241546e+01   -8.8545475562e+00    3.6578552001e+00   -6.4459751717e+00   -3.6418099474e+01    2.0640378499e+04    5.6225226700e-01    9.9905687151e-01
       176   -3.5759599628e+01    1.2794735726e+03   -4.7993490030e+01    1.2233890402e+01   -8.8605574648e+00    3.7398772179e+00   -6.4547103085e+00   -3.6418099474e+01    2.0638075640e+04    5.5240275100e-01    9.9904648845e-01
       177   -3.5764811297e+01    1.2798464318e+03   -4.7936603787e+01    1.2171792490e+01   -8.8009674548e+00    3.7615600285e+00   -6.4790968865e+00   -3.6418099474e+01    2.0658755662e+04    5.7833490600e-01    9.9896096981e-01
       178   -3.5776499529e+01    1.2806776918e+03   -4.7993652042e+01    1.2217152513e+01   -8.7563421703e+00    3.6453736743e+00   -6.4645840719e+00   -3.6418099474e+01    2.0853521399e+04    5.9318744300e-01    9.9901688087e-01
       179   -3.5756278958e+01    1.2792638726e+03   -4.7988102782e+01    1.2231823824e+01   -8.8372367308e+00    3.7304196691e+00   -6.4631862466e+00   -3.6418099474e+01    2.0926686964e+04    5.6978360900e-01    9.9895740905e-01
       180   -3.5756549625e+01    1.2792953501e+03   -4.8034723601e+01    1.2278173976e+01   -8.8708801498e+00    3.7091927997e+00   -6.4549367771e+00   -3.6418099474e+01    2.0919967276e+04    5.6230461900e-01    9.9901002267e-01
       181   -3.5776198035e+01    1.2806631203e+03   -4.8088000166e+01    1.2311802131e+01   -8.8800058536e+00    3.6669888561e+00   -6.4568836947e+00   -3.6418099474e+01    2.0967687577e+04    5.6357517400e-01    9.9901891317e-01
       182   -3.5763712144e+01    1.2797505279e+03   -4.8085192293e+01    1.2321480149e+01   -8.8630476127e+00    3.6551210720e+00   -6.4591662782e+00   -3.6418099474e+01    2.0927769194e+04    5.6521986200e-01    9.9904102109e-01
       183   -3.5746698493e+01    1.2785149942e+03   -4.8111526372e+01    1.2364827879e+01   -8.8394663182e+00    3.6038393651e+00   -6.4577999443e+00   -3.6418099474e+01    2.0935337205e+04    5.7214288100e-01    9.9896648407e-01
       184   -3.5729647963e+01    1.2772687206e+03   -4.8040951541e+01    1.2311303579e+01   -8.8398602506e+00    3.7088628736e+00   -6.4918546902e+00   -3.6418099474e+01    2.0907861690e+04    5.8227462600e-01    9.9899603194e-01
       185   -3.5757086704e+01    1.2792206353e+03   -4.8058381696e+01    1.2301294993e+01   -8.8384083498e+00    3.6817431460e+00   -6.4836170184e+00   -3.6418099474e+01    2.0955114710e+04    5.7587770400e-01    9.9900826784e-01
       186   -3.5758296417e+01    1.2793057904e+03   -4.8018703070e+01    1.2260406653e+01   -8.8025819351e+00    3.6710320361e+00   -6.4690536967e+00   -3.6418099474e+01    2.1022919512e+04    5.8260879500e-01    9.9904884197e-01
       187   -3.5778516540e+01    1.2807702198e+03   -4.7955312814e+01    1.2176796275e+01   -8.8596606477e+00    3.7906697371e+00   -6.4682224293e+00   -3.6418099474e+01    2.1094219776e+04    5.8476620700e-01    9.9896556395e-01
       188   -3.5773945580e+01    1.2804813994e+03   -4.8015541302e+01    1.2241595722e+01   -8.8326401821e+00    3.6874777718e+00   -6.4522794180e+00   -3.6418099474e+01    2.1061881596e+04    5.8289539400e-01    9.9896568797e-01
       189   -3.5753303818e+01    1.2789909428e+03   -4.7861851782e+01    1.2108547965e+01   -8.8761358461e+00    3.8698192068e+00   -6.4374356686e+00   -3.6418099474e+01    2.1019482082e+04    5.7892014000e-01    9.9900628503e-01
       190   -3.5753843271e+01    1.2790366420e+03   -4.7833279576e+01    1.2079436306e+01   -8.8581453521e+00    3.8918033468e+00   -6.4488380969e+00   -3.6418099474e+01    2.0904972148e+04    5.7054530000e-01    9.9907251150e-01
       191   -3.5746562769e+01    1.2784948291e+03   -4.7900657957e+01    1.2154095188e+01   -8.7963037594e+00    3.7690058185e+00   -6.4552605419e+00   -3.6418099474e+01    2.0848181117e+04    5.6336017400e-01    9.9904604339e-01
       192   -3.5723170841e+01    1.2768195090e+03   -4.7891096894e+01    1.2167926053e+01   -8.7593268751e+00    3.7214252780e+00   -6.4350958224e+00   -3.6418099474e+01    2.0625389611e+04    5.3938270900e-01    9.9903240994e-01
       193   -3.5724746599e+01    1.2769320154e+03   -4.7828969327e+01    1.2104222728e+01   -8.7999884155e+00    3.8069588338e+00   -6.4178402707e+00   -3.6418099474e+01    2.0613094762e+04    5.5204371700e-01    9.9892614660e-01
       194   -3.5724926799e+01    1.2769624101e+03   -4.7925380571e+01    1.2200453773e+01   -8.8502164951e+00    3.7445978770e+00   -6.4016624790e+00   -3.6418099474e+01    2.0653838382e+04    5.6069400200e-01    9.9902334972e-01
       195   -3.5750531370e+01    1.2788256743e+03   -4.7978577109e+01    1.2228045738e+01   -8.8776629974e+00    3.7372889377e+00   -6.4201035748e+00   -3.6418099474e+01    2.0830715575e+04    5.7241935700e-01    9.9904864754e-01
       196   -3.5746424435e+01    1.2784674658e+03   -4.7936363290e+01    1.2189938855e+01   -8.9015527122e+00    3.8412794505e+00   -6.4579905541e+00   -3.6418099474e+01    2.0790095778e+04    5.7347663100e-01    9.9897291801e-01
       197   -3.5723040602e+01    1.2768071529e+03   -4.7918305149e+01    1.2195264546e+01   -8.8373583240e+00    3.7997660176e+00   -6.4626133678e+00   -3.6418099474e+01    2.0798011167e+04    5.9947988400e-01    9.9901475465e-01
       198   -3.5745670315e+01    1.2785112389e+03   -4.7934442239e+01    1.2188771924e+01   -8.8548034022e+00    3.7978675535e+00   -6.4594069161e+00   -3.6418099474e+01    2.0813148122e+04    5.8495022900e-01    9.9901699079e-01
       199   -3.5717283347e+01    1.2764683118e+03   -4.8061858454e+01    1.2344575107e+01   -8.9573245731e+00    3.7507757182e+00   -6.4372101247e+00   -3.6418099474e+01    2.0635384758e+04    5.6027010700e-01    9.9895680516e-01
