#  Band    State   TwistIndex BandIndex Energy      Kx      Ky      Kz      K1      K2      K3    KmK 
       0        0        9        0    -0.266471  0.1794  0.1036  0.0258  0.2368 -0.0000  0.0000      1
       1        1        9        1    -0.245106  0.1794  0.1036  0.0258  0.2368 -0.0000  0.0000      1
       2        2        9        2    -0.202740  0.1794  0.1036  0.0258  0.2368 -0.0000  0.0000      1
       3        3        9        3    -0.144380  0.1794  0.1036  0.0258  0.2368 -0.0000  0.0000      1
       4        4        9        4    -0.124680  0.1794  0.1036  0.0258  0.2368 -0.0000  0.0000      1
       5        5        9        5     0.069714  0.1794  0.1036  0.0258  0.2368 -0.0000  0.0000      1
       6        6        9        6     0.079949  0.1794  0.1036  0.0258  0.2368 -0.0000  0.0000      1
       7        7        9        7     0.095680  0.1794  0.1036  0.0258  0.2368 -0.0000  0.0000      1
       8        8        9        8     0.110911  0.1794  0.1036  0.0258  0.2368 -0.0000  0.0000      1
       9        9        9        9     0.130217  0.1794  0.1036  0.0258  0.2368 -0.0000  0.0000      1
      10       10        9       10     0.140127  0.1794  0.1036  0.0258  0.2368 -0.0000  0.0000      1
      11       11        9       11     0.174230  0.1794  0.1036  0.0258  0.2368 -0.0000  0.0000      1
      12       12        9       12     0.177088  0.1794  0.1036  0.0258  0.2368 -0.0000  0.0000      1
      13       13        9       13     0.190748  0.1794  0.1036  0.0258  0.2368 -0.0000  0.0000      1
      14       14        9       14     0.248449  0.1794  0.1036  0.0258  0.2368 -0.0000  0.0000      1
      15       15        9       15     0.264538  0.1794  0.1036  0.0258  0.2368 -0.0000  0.0000      1
      16       16        9       16     0.268584  0.1794  0.1036  0.0258  0.2368 -0.0000  0.0000      1
      17       17        9       17     0.302166  0.1794  0.1036  0.0258  0.2368 -0.0000  0.0000      1
      18       18        9       18     0.302950  0.1794  0.1036  0.0258  0.2368 -0.0000  0.0000      1
      19       19        9       19     0.349303  0.1794  0.1036  0.0258  0.2368 -0.0000  0.0000      1
      20       20        9       20     0.364288  0.1794  0.1036  0.0258  0.2368 -0.0000  0.0000      1
      21       21        9       21     0.422568  0.1794  0.1036  0.0258  0.2368 -0.0000  0.0000      1
      22       22        9       22     0.450179  0.1794  0.1036  0.0258  0.2368 -0.0000  0.0000      1
      23       23        9       23     0.471453  0.1794  0.1036  0.0258  0.2368 -0.0000  0.0000      1
      24       24        9       24     0.480703  0.1794  0.1036  0.0258  0.2368 -0.0000  0.0000      1
      25       25        9       25     0.491029  0.1794  0.1036  0.0258  0.2368 -0.0000  0.0000      1
      26       26        9       26     0.514653  0.1794  0.1036  0.0258  0.2368 -0.0000  0.0000      1
      27       27        9       27     0.530273  0.1794  0.1036  0.0258  0.2368 -0.0000  0.0000      1
      28       28        9       28     0.543577  0.1794  0.1036  0.0258  0.2368 -0.0000  0.0000      1
      29       29        9       29     0.561403  0.1794  0.1036  0.0258  0.2368 -0.0000  0.0000      1
      30       30        9       30     0.566604  0.1794  0.1036  0.0258  0.2368 -0.0000  0.0000      1
      31       31        9       31     0.580887  0.1794  0.1036  0.0258  0.2368 -0.0000  0.0000      1
      32       32        9       32     0.587568  0.1794  0.1036  0.0258  0.2368 -0.0000  0.0000      1
      33       33        9       33     0.601766  0.1794  0.1036  0.0258  0.2368 -0.0000  0.0000      1
      34       34        9       34     0.618606  0.1794  0.1036  0.0258  0.2368 -0.0000  0.0000      1
      35       35        9       35     0.620641  0.1794  0.1036  0.0258  0.2368 -0.0000  0.0000      1
      36       36        9       36     0.661738  0.1794  0.1036  0.0258  0.2368 -0.0000  0.0000      1
      37       37        9       37     0.678378  0.1794  0.1036  0.0258  0.2368 -0.0000  0.0000      1
      38       38        9       38     0.695484  0.1794  0.1036  0.0258  0.2368 -0.0000  0.0000      1
      39       39        9       39     0.719476  0.1794  0.1036  0.0258  0.2368 -0.0000  0.0000      1
      40       40        9       40     0.770291  0.1794  0.1036  0.0258  0.2368 -0.0000  0.0000      1
      41       41        9       41     0.796693  0.1794  0.1036  0.0258  0.2368 -0.0000  0.0000      1
      42       42        9       42     0.813744  0.1794  0.1036  0.0258  0.2368 -0.0000  0.0000      1
      43       43        9       43     0.815061  0.1794  0.1036  0.0258  0.2368 -0.0000  0.0000      1
      44       44        9       44     0.823968  0.1794  0.1036  0.0258  0.2368 -0.0000  0.0000      1
      45       45        9       45     0.828784  0.1794  0.1036  0.0258  0.2368 -0.0000  0.0000      1
      46       46        9       46     0.842694  0.1794  0.1036  0.0258  0.2368 -0.0000  0.0000      1
      47       47        9       47     0.847533  0.1794  0.1036  0.0258  0.2368 -0.0000  0.0000      1
      48       48        9       48     0.852979  0.1794  0.1036  0.0258  0.2368 -0.0000  0.0000      1
      49       49        9       49     0.858747  0.1794  0.1036  0.0258  0.2368 -0.0000  0.0000      1
      50       50        9       50     0.866653  0.1794  0.1036  0.0258  0.2368 -0.0000  0.0000      1
      51       51        9       51     0.876677  0.1794  0.1036  0.0258  0.2368 -0.0000  0.0000      1
      52       52        9       52     0.878821  0.1794  0.1036  0.0258  0.2368 -0.0000  0.0000      1
      53       53        9       53     0.891656  0.1794  0.1036  0.0258  0.2368 -0.0000  0.0000      1
      54       54        9       54     0.893976  0.1794  0.1036  0.0258  0.2368 -0.0000  0.0000      1
      55       55        9       55     0.901757  0.1794  0.1036  0.0258  0.2368 -0.0000  0.0000      1
      56       56        9       56     0.926217  0.1794  0.1036  0.0258  0.2368 -0.0000  0.0000      1
      57       57        9       57     0.968995  0.1794  0.1036  0.0258  0.2368 -0.0000  0.0000      1
      58       58        9       58     1.006412  0.1794  0.1036  0.0258  0.2368 -0.0000  0.0000      1
      59       59        9       59     1.008665  0.1794  0.1036  0.0258  0.2368 -0.0000  0.0000      1
      60       60        9       60     1.018549  0.1794  0.1036  0.0258  0.2368 -0.0000  0.0000      1
      61       61        9       61     1.022324  0.1794  0.1036  0.0258  0.2368 -0.0000  0.0000      1
      62       62        9       62     1.045336  0.1794  0.1036  0.0258  0.2368 -0.0000  0.0000      1
      63       63        9       63     1.050209  0.1794  0.1036  0.0258  0.2368 -0.0000  0.0000      1
      64       64        9       64     1.056055  0.1794  0.1036  0.0258  0.2368 -0.0000  0.0000      1
      65       65        9       65     1.066350  0.1794  0.1036  0.0258  0.2368 -0.0000  0.0000      1
      66       66        9       66     1.097354  0.1794  0.1036  0.0258  0.2368 -0.0000  0.0000      1
      67       67        9       67     1.111304  0.1794  0.1036  0.0258  0.2368 -0.0000  0.0000      1
      68       68        9       68     1.118806  0.1794  0.1036  0.0258  0.2368 -0.0000  0.0000      1
      69       69        9       69     1.122580  0.1794  0.1036  0.0258  0.2368 -0.0000  0.0000      1
      70       70        9       70     1.126635  0.1794  0.1036  0.0258  0.2368 -0.0000  0.0000      1
      71       71        9       71     1.144064  0.1794  0.1036  0.0258  0.2368 -0.0000  0.0000      1
      72       72        9       72     1.157249  0.1794  0.1036  0.0258  0.2368 -0.0000  0.0000      1
      73       73        9       73     1.169658  0.1794  0.1036  0.0258  0.2368 -0.0000  0.0000      1
      74       74        9       74     1.184393  0.1794  0.1036  0.0258  0.2368 -0.0000  0.0000      1
      75       75        9       75     1.186845  0.1794  0.1036  0.0258  0.2368 -0.0000  0.0000      1
      76       76        9       76     1.197005  0.1794  0.1036  0.0258  0.2368 -0.0000  0.0000      1
      77       77        9       77     1.204724  0.1794  0.1036  0.0258  0.2368 -0.0000  0.0000      1
      78       78        9       78     1.217059  0.1794  0.1036  0.0258  0.2368 -0.0000  0.0000      1
      79       79        9       79     1.223042  0.1794  0.1036  0.0258  0.2368 -0.0000  0.0000      1
      80       80        9       80     1.233613  0.1794  0.1036  0.0258  0.2368 -0.0000  0.0000      1
      81       81        9       81     1.234976  0.1794  0.1036  0.0258  0.2368 -0.0000  0.0000      1
      82       82        9       82     1.253454  0.1794  0.1036  0.0258  0.2368 -0.0000  0.0000      1
      83       83        9       83     1.261349  0.1794  0.1036  0.0258  0.2368 -0.0000  0.0000      1
      84       84        9       84     1.265122  0.1794  0.1036  0.0258  0.2368 -0.0000  0.0000      1
      85       85        9       85     1.276607  0.1794  0.1036  0.0258  0.2368 -0.0000  0.0000      1
      86       86        9       86     1.284734  0.1794  0.1036  0.0258  0.2368 -0.0000  0.0000      1
      87       87        9       87     1.288340  0.1794  0.1036  0.0258  0.2368 -0.0000  0.0000      1
      88       88        9       88     1.300460  0.1794  0.1036  0.0258  0.2368 -0.0000  0.0000      1
      89       89        9       89     1.306291  0.1794  0.1036  0.0258  0.2368 -0.0000  0.0000      1
      90       90        9       90     1.316185  0.1794  0.1036  0.0258  0.2368 -0.0000  0.0000      1
      91       91        9       91     1.316530  0.1794  0.1036  0.0258  0.2368 -0.0000  0.0000      1
      92       92        9       92     1.327789  0.1794  0.1036  0.0258  0.2368 -0.0000  0.0000      1
      93       93        9       93     1.336298  0.1794  0.1036  0.0258  0.2368 -0.0000  0.0000      1
      94       94        9       94     1.344162  0.1794  0.1036  0.0258  0.2368 -0.0000  0.0000      1
      95       95        9       95     1.354891  0.1794  0.1036  0.0258  0.2368 -0.0000  0.0000      1
      96       96        9       96     1.358944  0.1794  0.1036  0.0258  0.2368 -0.0000  0.0000      1
      97       97        9       97     1.369728  0.1794  0.1036  0.0258  0.2368 -0.0000  0.0000      1
      98       98        9       98     1.381201  0.1794  0.1036  0.0258  0.2368 -0.0000  0.0000      1
      99       99        9       99     1.385272  0.1794  0.1036  0.0258  0.2368 -0.0000  0.0000      1
