#   index    LocalEnergy         LocalEnergy_sq      LocalPotential      Kinetic             LocalECP            NonLocalECP         ElecElec            IonIon              BlockWeight         BlockCPU            AcceptRatio         
         0   -3.5664662548e+01    1.2726384507e+03   -4.8090933901e+01    1.2426271353e+01   -9.0494689296e+00    3.7982819879e+00   -6.4216474853e+00   -3.6418099474e+01    2.0466937205e+04    2.0690073230e+00    9.9905367182e-01
         1   -3.5670194109e+01    1.2730578489e+03   -4.8097061838e+01    1.2426867729e+01   -9.0395143349e+00    3.7834729438e+00   -6.4229209728e+00   -3.6418099474e+01    2.0462846561e+04    2.0520776100e+00    9.9906203495e-01
         2   -3.5659630781e+01    1.2722583247e+03   -4.8122327525e+01    1.2462696744e+01   -9.0104989707e+00    3.7375798440e+00   -6.4313089243e+00   -3.6418099474e+01    2.0559463505e+04    2.1069417130e+00    9.9903240152e-01
         3   -3.5667570174e+01    1.2728538062e+03   -4.8101851382e+01    1.2434281208e+01   -8.9775716451e+00    3.6887834374e+00   -6.3949637006e+00   -3.6418099474e+01    2.0499850889e+04    2.0871966330e+00    9.9895987958e-01
         4   -3.5672899993e+01    1.2732503267e+03   -4.8016316729e+01    1.2343416736e+01   -8.9393436446e+00    3.7192780529e+00   -6.3781516627e+00   -3.6418099474e+01    2.0623207646e+04    2.1166082180e+00    9.9898171944e-01
         5   -3.5668637112e+01    1.2729600291e+03   -4.7989611009e+01    1.2320973897e+01   -8.9816306000e+00    3.7930078788e+00   -6.3828888138e+00   -3.6418099474e+01    2.0634579102e+04    2.1181647640e+00    9.9900485975e-01
         6   -3.5685982069e+01    1.2742311916e+03   -4.8005655872e+01    1.2319673804e+01   -9.0337545785e+00    3.8084455374e+00   -6.3622473571e+00   -3.6418099474e+01    2.0665728074e+04    2.1443253070e+00    9.9898892484e-01
         7   -3.5680550748e+01    1.2738136241e+03   -4.8110894761e+01    1.2430344012e+01   -9.0295072055e+00    3.7040720876e+00   -6.3673601685e+00   -3.6418099474e+01    2.0714313422e+04    2.1130240540e+00    9.9898106962e-01
         8   -3.5691318884e+01    1.2745751167e+03   -4.8057266416e+01    1.2365947532e+01   -9.0903940494e+00    3.8404059889e+00   -6.3891788813e+00   -3.6418099474e+01    2.0632076012e+04    2.0982501910e+00    9.9896821550e-01
         9   -3.5678595047e+01    1.2736880985e+03   -4.8074701439e+01    1.2396106392e+01   -9.1394544857e+00    3.8627756633e+00   -6.3799231427e+00   -3.6418099474e+01    2.0601302391e+04    2.0948032530e+00    9.9899281623e-01
        10   -3.5678071630e+01    1.2736492884e+03   -4.8082773086e+01    1.2404701456e+01   -9.0977260970e+00    3.8058550708e+00   -6.3728025857e+00   -3.6418099474e+01    2.0434824767e+04    2.0543857530e+00    9.9897404885e-01
        11   -3.5690783822e+01    1.2745254394e+03   -4.8116844153e+01    1.2426060331e+01   -9.0855145387e+00    3.7706936172e+00   -6.3839237575e+00   -3.6418099474e+01    2.0384905093e+04    2.0366675760e+00    9.9898539957e-01
        12   -3.5708643320e+01    1.2758129334e+03   -4.7991032895e+01    1.2282389576e+01   -9.1114263358e+00    3.9058690741e+00   -6.3673761596e+00   -3.6418099474e+01    2.0466107790e+04    2.0637566700e+00    9.9896662477e-01
        13   -3.5707984109e+01    1.2757685992e+03   -4.7942821388e+01    1.2234837279e+01   -9.0312631635e+00    3.8733972140e+00   -6.3668559647e+00   -3.6418099474e+01    2.0586577085e+04    2.0925936490e+00    9.9898489665e-01
        14   -3.5715523503e+01    1.2763302576e+03   -4.7921837019e+01    1.2206313516e+01   -9.0091586719e+00    3.8973636756e+00   -6.3919425486e+00   -3.6418099474e+01    2.0722158092e+04    2.0992023370e+00    9.9890536869e-01
        15   -3.5700484938e+01    1.2752162571e+03   -4.7965867534e+01    1.2265382597e+01   -9.0284968645e+00    3.8564517695e+00   -6.3757229653e+00   -3.6418099474e+01    2.0777295053e+04    2.1094512020e+00    9.9898926698e-01
        16   -3.5699600984e+01    1.2751697863e+03   -4.8028270459e+01    1.2328669476e+01   -9.1514764799e+00    3.9021088828e+00   -6.3608033879e+00   -3.6418099474e+01    2.0890731822e+04    2.1026831080e+00    9.9900679686e-01
        17   -3.5694399018e+01    1.2747560840e+03   -4.8009592777e+01    1.2315193758e+01   -9.1958391433e+00    3.9756120570e+00   -6.3712662163e+00   -3.6418099474e+01    2.0757576207e+04    2.1088537730e+00    9.9894710040e-01
        18   -3.5692684141e+01    1.2746390800e+03   -4.8018182816e+01    1.2325498675e+01   -9.1773255716e+00    3.9564596447e+00   -6.3792174144e+00   -3.6418099474e+01    2.0616465969e+04    2.0822379810e+00    9.9892252579e-01
        19   -3.5713371515e+01    1.2761377637e+03   -4.8075545030e+01    1.2362173515e+01   -9.1232848894e+00    3.8394751862e+00   -6.3736358527e+00   -3.6418099474e+01    2.0658143453e+04    2.0785905810e+00    9.9896081890e-01
        20   -3.5701318912e+01    1.2752616382e+03   -4.8064079893e+01    1.2362760981e+01   -9.0357715707e+00    3.7738995473e+00   -6.3841083957e+00   -3.6418099474e+01    2.0534253988e+04    2.0705483030e+00    9.9898242465e-01
        21   -3.5707635332e+01    1.2757267049e+03   -4.8063501935e+01    1.2355866603e+01   -9.0111928715e+00    3.7395993681e+00   -6.3738089578e+00   -3.6418099474e+01    2.0583322343e+04    2.0743050970e+00    9.9898831794e-01
        22   -3.5696895637e+01    1.2750033812e+03   -4.8031177544e+01    1.2334281906e+01   -8.9705907883e+00    3.7210361005e+00   -6.3635233816e+00   -3.6418099474e+01    2.0543639096e+04    2.0699350100e+00    9.9900904722e-01
        23   -3.5690245918e+01    1.2745625431e+03   -4.8023869184e+01    1.2333623266e+01   -8.9497978701e+00    3.7167908720e+00   -6.3727627116e+00   -3.6418099474e+01    2.0518534353e+04    2.0719493020e+00    9.9904095855e-01
        24   -3.5678695725e+01    1.2736591298e+03   -4.7983158305e+01    1.2304462580e+01   -8.9701809590e+00    3.7792099307e+00   -6.3740878024e+00   -3.6418099474e+01    2.0354549869e+04    2.0311434600e+00    9.9895432726e-01
        25   -3.5671095111e+01    1.2731028563e+03   -4.8007195136e+01    1.2336100026e+01   -8.9901923826e+00    3.7916741988e+00   -6.3905774784e+00   -3.6418099474e+01    2.0332633113e+04    2.0375911900e+00    9.9905862517e-01
        26   -3.5681990222e+01    1.2739094300e+03   -4.8058944885e+01    1.2376954663e+01   -9.0368696361e+00    3.8092873105e+00   -6.4132630851e+00   -3.6418099474e+01    2.0242569834e+04    2.0303613680e+00    9.9892020834e-01
        27   -3.5664852688e+01    1.2726529526e+03   -4.8149962493e+01    1.2485109804e+01   -9.0437121683e+00    3.7420242465e+00   -6.4301750966e+00   -3.6418099474e+01    2.0197317112e+04    2.0342372720e+00    9.9897625766e-01
        28   -3.5663209030e+01    1.2725522713e+03   -4.8078818701e+01    1.2415609671e+01   -9.0289731851e+00    3.7865458527e+00   -6.4182918949e+00   -3.6418099474e+01    2.0290655178e+04    2.0318139200e+00    9.9899160906e-01
        29   -3.5660217512e+01    1.2723338987e+03   -4.8032595854e+01    1.2372378342e+01   -9.0381706249e+00    3.8506391586e+00   -6.4269649137e+00   -3.6418099474e+01    2.0177315919e+04    2.0275943700e+00    9.9899476143e-01
        30   -3.5676266154e+01    1.2735078248e+03   -4.8048716231e+01    1.2372450077e+01   -9.0888881685e+00    3.8722187364e+00   -6.4139473242e+00   -3.6418099474e+01    2.0137396647e+04    2.0252204270e+00    9.9904400079e-01
        31   -3.5663657435e+01    1.2726285011e+03   -4.8183428112e+01    1.2519770677e+01   -9.1160820507e+00    3.7873731992e+00   -6.4366197860e+00   -3.6418099474e+01    2.0245974835e+04    2.0283916890e+00    9.9906516340e-01
        32   -3.5674963976e+01    1.2734050208e+03   -4.8074237361e+01    1.2399273386e+01   -9.1874182989e+00    3.9640253913e+00   -6.4327449796e+00   -3.6418099474e+01    2.0165599119e+04    2.0320903070e+00    9.9896567603e-01
        33   -3.5687918714e+01    1.2743221263e+03   -4.8062284745e+01    1.2374366031e+01   -9.2353002909e+00    4.0103228817e+00   -6.4192078616e+00   -3.6418099474e+01    2.0323593744e+04    2.0324732810e+00    9.9894373871e-01
        34   -3.5671720484e+01    1.2731581361e+03   -4.8036871471e+01    1.2365150988e+01   -9.1364900714e+00    3.9014688891e+00   -6.3837508150e+00   -3.6418099474e+01    2.0227744232e+04    2.0294882040e+00    9.9895124156e-01
        35   -3.5668428527e+01    1.2729464222e+03   -4.8045052085e+01    1.2376623558e+01   -9.0651150748e+00    3.8177889988e+00   -6.3796265345e+00   -3.6418099474e+01    2.0054665843e+04    2.0215422280e+00    9.9900803545e-01
        36   -3.5659615373e+01    1.2723491862e+03   -4.8084698237e+01    1.2425082864e+01   -9.0365467535e+00    3.7758934733e+00   -6.4059454826e+00   -3.6418099474e+01    2.0126624654e+04    2.0173135920e+00    9.9905071826e-01
        37   -3.5651380704e+01    1.2717125647e+03   -4.8191798378e+01    1.2540417673e+01   -9.0290973209e+00    3.6770739728e+00   -6.4216755553e+00   -3.6418099474e+01    1.9974675262e+04    2.0082258980e+00    9.9900058642e-01
        38   -3.5639326364e+01    1.2708371470e+03   -4.8219848334e+01    1.2580521970e+01   -9.0417711815e+00    3.6460798369e+00   -6.4060575150e+00   -3.6418099474e+01    1.9873367211e+04    2.0005013470e+00    9.9892009027e-01
        39   -3.5654176736e+01    1.2718637224e+03   -4.8190817086e+01    1.2536640351e+01   -9.0620752654e+00    3.6871734794e+00   -6.3978158263e+00   -3.6418099474e+01    1.9756666081e+04    1.9765489470e+00    9.9897132733e-01
        40   -3.5643171295e+01    1.2710896156e+03   -4.8048632272e+01    1.2405460976e+01   -9.0747904060e+00    3.8202084404e+00   -6.3759508319e+00   -3.6418099474e+01    1.9613268259e+04    1.9643460470e+00    9.9899114245e-01
        41   -3.5631768879e+01    1.2702940758e+03   -4.8164433309e+01    1.2532664429e+01   -9.0106615227e+00    3.6586125545e+00   -6.3942848662e+00   -3.6418099474e+01    1.9505727326e+04    1.9592581040e+00    9.9895636507e-01
        42   -3.5647205084e+01    1.2713819152e+03   -4.8189060457e+01    1.2541855373e+01   -9.0334560500e+00    3.6573244430e+00   -6.3948293763e+00   -3.6418099474e+01    1.9509539362e+04    1.9644868170e+00    9.9906622138e-01
        43   -3.5659807820e+01    1.2723086880e+03   -4.8089575015e+01    1.2429767196e+01   -9.0816352935e+00    3.8048716079e+00   -6.3947118554e+00   -3.6418099474e+01    1.9546567412e+04    1.9538920370e+00    9.9895640668e-01
        44   -3.5669377803e+01    1.2730103362e+03   -4.7985335927e+01    1.2315958124e+01   -9.0459036440e+00    3.8698420966e+00   -6.3911749056e+00   -3.6418099474e+01    1.9529796876e+04    1.9659109300e+00    9.9897917368e-01
        45   -3.5668642876e+01    1.2729531067e+03   -4.7960289664e+01    1.2291646788e+01   -9.0358213393e+00    3.8884905316e+00   -6.3948593826e+00   -3.6418099474e+01    1.9604795396e+04    1.9631781250e+00    9.9900500051e-01
        46   -3.5675319599e+01    1.2734325315e+03   -4.8029410710e+01    1.2354091111e+01   -8.9868668770e+00    3.7759736794e+00   -6.4004180385e+00   -3.6418099474e+01    1.9721241976e+04    2.0429602900e+00    9.9902534819e-01
        47   -3.5672683283e+01    1.2732416486e+03   -4.8019628345e+01    1.2346945061e+01   -8.9274147787e+00    3.7236545015e+00   -6.3977685934e+00   -3.6418099474e+01    1.9819572372e+04    2.0336527420e+00    9.9894555076e-01
        48   -3.5674088559e+01    1.2733593884e+03   -4.7965021240e+01    1.2290932681e+01   -8.9382000619e+00    3.8026496767e+00   -6.4113713805e+00   -3.6418099474e+01    1.9950929033e+04    2.0202921070e+00    9.9897938720e-01
        49   -3.5661844910e+01    1.2724418997e+03   -4.7900839727e+01    1.2238994817e+01   -8.8914098004e+00    3.7993059230e+00   -6.3906363759e+00   -3.6418099474e+01    1.9973976994e+04    2.0186413510e+00    9.9891455180e-01
        50   -3.5667194661e+01    1.2728291953e+03   -4.7926681736e+01    1.2259487075e+01   -8.8995824727e+00    3.7739778088e+00   -6.3829775977e+00   -3.6418099474e+01    2.0065154290e+04    2.0214534870e+00    9.9903340193e-01
        51   -3.5661378448e+01    1.2724188456e+03   -4.8039954415e+01    1.2378575967e+01   -8.9115592780e+00    3.7125408519e+00   -6.4228365144e+00   -3.6418099474e+01    2.0045350218e+04    2.0242273530e+00    9.9906455797e-01
        52   -3.5656055196e+01    1.2720929540e+03   -4.8166430137e+01    1.2510374941e+01   -8.9262219328e+00    3.6013508307e+00   -6.4234595608e+00   -3.6418099474e+01    1.9999898554e+04    2.0255390440e+00    9.9893030366e-01
        53   -3.5659364527e+01    1.2723010222e+03   -4.8139572337e+01    1.2480207810e+01   -8.9151217617e+00    3.6046263569e+00   -6.4109774584e+00   -3.6418099474e+01    1.9976465857e+04    2.0160630940e+00    9.9900232433e-01
        54   -3.5648278788e+01    1.2714893212e+03   -4.7983492026e+01    1.2335213238e+01   -8.9396240479e+00    3.7777322569e+00   -6.4035007604e+00   -3.6418099474e+01    1.9948847711e+04    2.0151945190e+00    9.9887570447e-01
        55   -3.5664738619e+01    1.2726676249e+03   -4.8078510006e+01    1.2413771387e+01   -8.8554041138e+00    3.6169828194e+00   -6.4219892372e+00   -3.6418099474e+01    1.9851835748e+04    1.9865192070e+00    9.9899594058e-01
        56   -3.5677120530e+01    1.2736069495e+03   -4.8059228162e+01    1.2382107632e+01   -8.9040304464e+00    3.6826616286e+00   -6.4197598696e+00   -3.6418099474e+01    1.9892840322e+04    2.0110514200e+00    9.9900329720e-01
        57   -3.5664206022e+01    1.2726168651e+03   -4.8063130800e+01    1.2398924778e+01   -8.9840353725e+00    3.7750085373e+00   -6.4360044908e+00   -3.6418099474e+01    1.9907648441e+04    2.0177720360e+00    9.9891263780e-01
        58   -3.5669374669e+01    1.2729876219e+03   -4.8059351424e+01    1.2389976754e+01   -9.0187927212e+00    3.8223386241e+00   -6.4447978523e+00   -3.6418099474e+01    1.9987055631e+04    2.0218973700e+00    9.9904025565e-01
        59   -3.5655332319e+01    1.2719997967e+03   -4.8057800220e+01    1.2402467901e+01   -9.0554404615e+00    3.8455102835e+00   -6.4297705681e+00   -3.6418099474e+01    2.0008743293e+04    2.0263624810e+00    9.9897540984e-01
        60   -3.5674401671e+01    1.2733641254e+03   -4.8131628391e+01    1.2457226720e+01   -9.0240439854e+00    3.7354613071e+00   -6.4249462389e+00   -3.6418099474e+01    2.0036317593e+04    2.0267675990e+00    9.9901229461e-01
        61   -3.5662816497e+01    1.2725391018e+03   -4.8152384222e+01    1.2489567725e+01   -8.9912141264e+00    3.6944740498e+00   -6.4375446711e+00   -3.6418099474e+01    2.0119711433e+04    2.0282137700e+00    9.9894373198e-01
        62   -3.5666563407e+01    1.2728380938e+03   -4.8048089354e+01    1.2381525947e+01   -9.0218988109e+00    3.8130052933e+00   -6.4210963619e+00   -3.6418099474e+01    2.0236156140e+04    2.0277323460e+00    9.9896925412e-01
        63   -3.5669276995e+01    1.2729933645e+03   -4.8023036494e+01    1.2353759498e+01   -9.0321516711e+00    3.8648270119e+00   -6.4376123604e+00   -3.6418099474e+01    2.0211675255e+04    2.0220183460e+00    9.9895560896e-01
        64   -3.5664527213e+01    1.2726389818e+03   -4.8144347831e+01    1.2479820619e+01   -8.9752409926e+00    3.7147296243e+00   -6.4657369889e+00   -3.6418099474e+01    2.0130395309e+04    2.0354298990e+00    9.9901173147e-01
        65   -3.5654617473e+01    1.2719428754e+03   -4.8117056953e+01    1.2462439480e+01   -9.0265405834e+00    3.7817789675e+00   -6.4541958629e+00   -3.6418099474e+01    2.0000767409e+04    2.0191894030e+00    9.9900535714e-01
        66   -3.5681933988e+01    1.2738761908e+03   -4.8042946397e+01    1.2361012409e+01   -8.9880314600e+00    3.7960522267e+00   -6.4328676891e+00   -3.6418099474e+01    2.0071777319e+04    2.0194303590e+00    9.9899972946e-01
        67   -3.5673042847e+01    1.2732255648e+03   -4.8123728264e+01    1.2450685417e+01   -8.9703021223e+00    3.7069262101e+00   -6.4422528772e+00   -3.6418099474e+01    2.0192555704e+04    2.0242176870e+00    9.9894926767e-01
        68   -3.5655343406e+01    1.2719428548e+03   -4.8061178052e+01    1.2405834646e+01   -9.0121402504e+00    3.8212275805e+00   -6.4521659077e+00   -3.6418099474e+01    2.0259118284e+04    2.0548344450e+00    9.9897405161e-01
        69   -3.5652193683e+01    1.2717291580e+03   -4.8047419288e+01    1.2395225605e+01   -9.0190532473e+00    3.8366809548e+00   -6.4469475217e+00   -3.6418099474e+01    2.0116982678e+04    2.0293482510e+00    9.9897036059e-01
        70   -3.5665847292e+01    1.2727099739e+03   -4.8016125682e+01    1.2350278390e+01   -8.9959970379e+00    3.8542579284e+00   -6.4562870981e+00   -3.6418099474e+01    2.0242511413e+04    2.0367341320e+00    9.9899602645e-01
        71   -3.5655118623e+01    1.2719359483e+03   -4.8101566372e+01    1.2446447749e+01   -8.9965314076e+00    3.7640295653e+00   -6.4509650553e+00   -3.6418099474e+01    2.0433939015e+04    2.0483608200e+00    9.9894973403e-01
        72   -3.5687284448e+01    1.2742553952e+03   -4.8037157933e+01    1.2349873485e+01   -9.0596068978e+00    3.8686260749e+00   -6.4280776358e+00   -3.6418099474e+01    2.0436374000e+04    2.0576456320e+00    9.9895651992e-01
        73   -3.5681909469e+01    1.2739080544e+03   -4.8013062896e+01    1.2331153427e+01   -9.0998230422e+00    3.9303217468e+00   -6.4254621263e+00   -3.6418099474e+01    2.0442172546e+04    2.0623924290e+00    9.9895513000e-01
        74   -3.5679606711e+01    1.2737300756e+03   -4.8065247814e+01    1.2385641102e+01   -9.0878052146e+00    3.8638020281e+00   -6.4231451528e+00   -3.6418099474e+01    2.0505198554e+04    2.1031808010e+00    9.9893748955e-01
        75   -3.5685132847e+01    1.2741037124e+03   -4.7924759918e+01    1.2239627071e+01   -9.0786870538e+00    3.9515294097e+00   -6.3795028001e+00   -3.6418099474e+01    2.0538995046e+04    2.0910175840e+00    9.9900180163e-01
        76   -3.5677866841e+01    1.2736199795e+03   -4.7952114386e+01    1.2274247545e+01   -9.0266185961e+00    3.8687657056e+00   -6.3761620210e+00   -3.6418099474e+01    2.0545082086e+04    2.1147608360e+00    9.9890310468e-01
        77   -3.5676639075e+01    1.2735356883e+03   -4.8122551659e+01    1.2445912585e+01   -8.9259138331e+00    3.6076372856e+00   -6.3861756374e+00   -3.6418099474e+01    2.0618195835e+04    2.0953058370e+00    9.9897632558e-01
        78   -3.5684215739e+01    1.2740499337e+03   -4.8046928286e+01    1.2362712547e+01   -8.9683632792e+00    3.7506385084e+00   -6.4111040413e+00   -3.6418099474e+01    2.0620953490e+04    2.0901656710e+00    9.9902833587e-01
        79   -3.5683899337e+01    1.2740326926e+03   -4.8053759124e+01    1.2369859787e+01   -8.9652530083e+00    3.7492083913e+00   -6.4196150333e+00   -3.6418099474e+01    2.0687199158e+04    2.0977344260e+00    9.9900386026e-01
        80   -3.5679109435e+01    1.2737110861e+03   -4.8060686047e+01    1.2381576612e+01   -8.9520836346e+00    3.7304302091e+00   -6.4209331478e+00   -3.6418099474e+01    2.0617549508e+04    2.0969194470e+00    9.9895375747e-01
        81   -3.5699899325e+01    1.2752228035e+03   -4.7989268586e+01    1.2289369261e+01   -8.9153489004e+00    3.7723358135e+00   -6.4281560251e+00   -3.6418099474e+01    2.0700055501e+04    2.0965048910e+00    9.9906128562e-01
        82   -3.5673411467e+01    1.2732668078e+03   -4.8086934649e+01    1.2413523182e+01   -8.9182228577e+00    3.7051129487e+00   -6.4557252658e+00   -3.6418099474e+01    2.0585568108e+04    2.0960567800e+00    9.9899208238e-01
        83   -3.5673836787e+01    1.2732950229e+03   -4.8178924085e+01    1.2505087298e+01   -8.9491436142e+00    3.6483497880e+00   -6.4600307843e+00   -3.6418099474e+01    2.0575227938e+04    2.1045000090e+00    9.9898112919e-01
        84   -3.5681541450e+01    1.2738483083e+03   -4.8069664065e+01    1.2388122615e+01   -8.9996408974e+00    3.7677383949e+00   -6.4196620882e+00   -3.6418099474e+01    2.0515876676e+04    2.0792319920e+00    9.9895894990e-01
        85   -3.5692455249e+01    1.2746246410e+03   -4.8158998726e+01    1.2466543477e+01   -8.9422023505e+00    3.5911202041e+00   -6.3898171054e+00   -3.6418099474e+01    2.0665031033e+04    2.0866010820e+00    9.9894393706e-01
        86   -3.5694763634e+01    1.2747921012e+03   -4.8100584014e+01    1.2405820379e+01   -8.9291384374e+00    3.6556018471e+00   -6.4089479492e+00   -3.6418099474e+01    2.0617864189e+04    2.0820347770e+00    9.9892935103e-01
        87   -3.5686380991e+01    1.2741646114e+03   -4.8028388711e+01    1.2342007720e+01   -8.9796723450e+00    3.8014281816e+00   -6.4320450732e+00   -3.6418099474e+01    2.0574368288e+04    2.0839503810e+00    9.9908861129e-01
        88   -3.5677905123e+01    1.2735745006e+03   -4.8090002466e+01    1.2412097344e+01   -8.9611328550e+00    3.7285688243e+00   -6.4393389615e+00   -3.6418099474e+01    2.0464081884e+04    2.0589712840e+00    9.9897899344e-01
        89   -3.5647341072e+01    1.2713849586e+03   -4.8173632525e+01    1.2526291453e+01   -8.9820601578e+00    3.6737199318e+00   -6.4471928248e+00   -3.6418099474e+01    2.0337803018e+04    2.0391702610e+00    9.9897116452e-01
        90   -3.5658797509e+01    1.2722199762e+03   -4.8184519260e+01    1.2525721751e+01   -8.9659495538e+00    3.6300679604e+00   -6.4305381924e+00   -3.6418099474e+01    2.0325268260e+04    2.0364067540e+00    9.9902487192e-01
        91   -3.5645855733e+01    1.2712845397e+03   -4.8206462274e+01    1.2560606541e+01   -8.9595032478e+00    3.5917601504e+00   -6.4206197025e+00   -3.6418099474e+01    2.0246956814e+04    2.0229268340e+00    9.9896649030e-01
        92   -3.5631562909e+01    1.2702913143e+03   -4.8115134307e+01    1.2483571398e+01   -8.9568293749e+00    3.7022619416e+00   -6.4424673996e+00   -3.6418099474e+01    2.0248674842e+04    2.0238192470e+00    9.9901964242e-01
        93   -3.5634999153e+01    1.2705100475e+03   -4.8096400349e+01    1.2461401197e+01   -8.9581115470e+00    3.7160305245e+00   -6.4362198526e+00   -3.6418099474e+01    2.0164472503e+04    2.0152148490e+00    9.9901369145e-01
        94   -3.5652934132e+01    1.2718189869e+03   -4.8089204853e+01    1.2436270721e+01   -8.9555766456e+00    3.6841238654e+00   -6.3996525985e+00   -3.6418099474e+01    2.0265864860e+04    2.0361857530e+00    9.9900441230e-01
        95   -3.5664760590e+01    1.2727094623e+03   -4.8068841593e+01    1.2404081003e+01   -8.9999067112e+00    3.7609478053e+00   -6.4117832125e+00   -3.6418099474e+01    2.0232203504e+04    2.0292987960e+00    9.9903088460e-01
        96   -3.5668054462e+01    1.2729874292e+03   -4.8028736709e+01    1.2360682246e+01   -9.0682171673e+00    3.8770030544e+00   -6.4194231217e+00   -3.6418099474e+01    2.0040372621e+04    2.0195539220e+00    9.9901610592e-01
        97   -3.5650799127e+01    1.2716905986e+03   -4.8042454231e+01    1.2391655105e+01   -9.0194358390e+00    3.8057197192e+00   -6.4106386373e+00   -3.6418099474e+01    2.0013981398e+04    2.0134977400e+00    9.9890433839e-01
        98   -3.5677385530e+01    1.2735705866e+03   -4.7998811261e+01    1.2321425731e+01   -8.9666660554e+00    3.8176453148e+00   -6.4316910461e+00   -3.6418099474e+01    2.0091020496e+04    2.0241521220e+00    9.9904517717e-01
        99   -3.5671411314e+01    1.2731271861e+03   -4.8068809401e+01    1.2397398087e+01   -9.0355482444e+00    3.8306148344e+00   -6.4457765167e+00   -3.6418099474e+01    2.0118189929e+04    2.0595834090e+00    9.9885302369e-01
       100   -3.5671099502e+01    1.2731029087e+03   -4.7987435529e+01    1.2316336026e+01   -9.0694701690e+00    3.9473554866e+00   -6.4472213722e+00   -3.6418099474e+01    2.0146303674e+04    2.0466916870e+00    9.9900178013e-01
       101   -3.5674425725e+01    1.2733504530e+03   -4.8041463783e+01    1.2367038058e+01   -8.9585365138e+00    3.7858616046e+00   -6.4506893994e+00   -3.6418099474e+01    2.0099280753e+04    2.0217623430e+00    9.9899584118e-01
       102   -3.5670345430e+01    1.2730484160e+03   -4.7976754105e+01    1.2306408675e+01   -8.9557061432e+00    3.8443279206e+00   -6.4472764086e+00   -3.6418099474e+01    2.0288287351e+04    2.0401137680e+00    9.9905287693e-01
       103   -3.5689901946e+01    1.2744841609e+03   -4.7951278768e+01    1.2261376822e+01   -8.9344934430e+00    3.8364283426e+00   -6.4351141936e+00   -3.6418099474e+01    2.0194234265e+04    2.0258586240e+00    9.9904469416e-01
       104   -3.5672295655e+01    1.2732416499e+03   -4.7797702847e+01    1.2125407193e+01   -8.9396725812e+00    3.9777043806e+00   -6.4176351726e+00   -3.6418099474e+01    2.0111450865e+04    2.0232588770e+00    9.9896984853e-01
       105   -3.5705402862e+01    1.2756300561e+03   -4.7848812352e+01    1.2143409490e+01   -8.9916197923e+00    3.9550405886e+00   -6.3941336742e+00   -3.6418099474e+01    2.0116198379e+04    2.0472171310e+00    9.9899461426e-01
       106   -3.5685419548e+01    1.2742087380e+03   -4.7838635275e+01    1.2153215727e+01   -9.0865043147e+00    4.0721242845e+00   -6.4061557707e+00   -3.6418099474e+01    2.0248003285e+04    2.0329063800e+00    9.9900494704e-01
       107   -3.5688127745e+01    1.2743670632e+03   -4.7963735028e+01    1.2275607282e+01   -9.0922956256e+00    3.9720384361e+00   -6.4253783640e+00   -3.6418099474e+01    2.0254291573e+04    2.0353011450e+00    9.9902640695e-01
       108   -3.5688995875e+01    1.2744202540e+03   -4.7951037210e+01    1.2262041335e+01   -9.0354983340e+00    3.9452212021e+00   -6.4426606036e+00   -3.6418099474e+01    2.0402298943e+04    2.0433324430e+00    9.9900550474e-01
       109   -3.5683615133e+01    1.2740129498e+03   -4.8100052717e+01    1.2416437584e+01   -9.0046037225e+00    3.7692812347e+00   -6.4466307556e+00   -3.6418099474e+01    2.0387978132e+04    2.0439878430e+00    9.9893829496e-01
       110   -3.5680006733e+01    1.2737862200e+03   -4.7981241209e+01    1.2301234475e+01   -8.9926555837e+00    3.8394453040e+00   -6.4099314547e+00   -3.6418099474e+01    2.0413838153e+04    2.0519136860e+00    9.9895369671e-01
       111   -3.5686115173e+01    1.2741914497e+03   -4.8069573580e+01    1.2383458407e+01   -9.0026543759e+00    3.7854209187e+00   -6.4342406484e+00   -3.6418099474e+01    2.0410002085e+04    2.0559258050e+00    9.9892368865e-01
       112   -3.5687267418e+01    1.2742402654e+03   -4.8105569749e+01    1.2418302331e+01   -8.9984351382e+00    3.7558797788e+00   -6.4449149156e+00   -3.6418099474e+01    2.0554299592e+04    2.1033785930e+00    9.9900600567e-01
       113   -3.5693257882e+01    1.2746827094e+03   -4.8151294568e+01    1.2458036686e+01   -8.8997058198e+00    3.6105376147e+00   -6.4440268891e+00   -3.6418099474e+01    2.0475807034e+04    2.0820930640e+00    9.9897420868e-01
       114   -3.5680072033e+01    1.2737333836e+03   -4.8158620693e+01    1.2478548660e+01   -8.8506117924e+00    3.5606843820e+00   -6.4505938085e+00   -3.6418099474e+01    2.0363660271e+04    2.0462697890e+00    9.9899492728e-01
       115   -3.5713469875e+01    1.2761469962e+03   -4.8048850749e+01    1.2335380874e+01   -8.9146590630e+00    3.7109970298e+00   -6.4270892415e+00   -3.6418099474e+01    2.0560069327e+04    2.0832386480e+00    9.9898693969e-01
       116   -3.5714168650e+01    1.2762101950e+03   -4.8086214739e+01    1.2372046088e+01   -9.0517881604e+00    3.7962653360e+00   -6.4125924401e+00   -3.6418099474e+01    2.0608877090e+04    2.0986125630e+00    9.9904828935e-01
       117   -3.5690760932e+01    1.2744817666e+03   -4.8087973251e+01    1.2397212319e+01   -9.0586780025e+00    3.7939566102e+00   -6.4051523843e+00   -3.6418099474e+01    2.0584559319e+04    2.0937245980e+00    9.9896233880e-01
       118   -3.5702868015e+01    1.2753444115e+03   -4.8062459564e+01    1.2359591549e+01   -9.0329174026e+00    3.7887866374e+00   -6.4002293247e+00   -3.6418099474e+01    2.0601455751e+04    2.0988521600e+00    9.9902551689e-01
       119   -3.5687051137e+01    1.2742317573e+03   -4.8025222929e+01    1.2338171792e+01   -9.0930453501e+00    3.8884933975e+00   -6.4025715022e+00   -3.6418099474e+01    2.0762903410e+04    2.1020253130e+00    9.9901610695e-01
       120   -3.5698780082e+01    1.2750879911e+03   -4.8154603489e+01    1.2455823407e+01   -9.0891594452e+00    3.7580842625e+00   -6.4054288326e+00   -3.6418099474e+01    2.0933566468e+04    2.1137030250e+00    9.9901386055e-01
       121   -3.5686757907e+01    1.2742330158e+03   -4.8064618155e+01    1.2377860249e+01   -9.1314548315e+00    3.8772085004e+00   -6.3922723502e+00   -3.6418099474e+01    2.0838705082e+04    2.1072815950e+00    9.9901460104e-01
       122   -3.5661210332e+01    1.2723975752e+03   -4.8059585103e+01    1.2398374771e+01   -9.1334015268e+00    3.8770487843e+00   -6.3851328864e+00   -3.6418099474e+01    2.0767152150e+04    2.0939475930e+00    9.9897016044e-01
       123   -3.5662512615e+01    1.2725130212e+03   -4.8000499683e+01    1.2337987068e+01   -9.1114999620e+00    3.9136961576e+00   -6.3845964049e+00   -3.6418099474e+01    2.0678398769e+04    2.0910157430e+00    9.9904510951e-01
       124   -3.5657830761e+01    1.2722304014e+03   -4.8078053891e+01    1.2420223130e+01   -9.0699740773e+00    3.7848396744e+00   -6.3748200140e+00   -3.6418099474e+01    2.0618870987e+04    2.0914866050e+00    9.9901120747e-01
       125   -3.5681255266e+01    1.2738698541e+03   -4.8113324438e+01    1.2432069172e+01   -9.0973422697e+00    3.7759912650e+00   -6.3738739592e+00   -3.6418099474e+01    2.0608590538e+04    2.0916238480e+00    9.9896023235e-01
       126   -3.5688505271e+01    1.2743724451e+03   -4.8122635506e+01    1.2434130234e+01   -9.1216951992e+00    3.8047472408e+00   -6.3875880730e+00   -3.6418099474e+01    2.0577810753e+04    2.0918637200e+00    9.9896377194e-01
       127   -3.5696378014e+01    1.2749566905e+03   -4.8006805279e+01    1.2310427265e+01   -9.1351536660e+00    3.9731414391e+00   -6.4266935777e+00   -3.6418099474e+01    2.0678393512e+04    2.0880682580e+00    9.9903960423e-01
       128   -3.5711463066e+01    1.2760308698e+03   -4.8062458645e+01    1.2350995579e+01   -9.0875123010e+00    3.8761081526e+00   -6.4329550228e+00   -3.6418099474e+01    2.0993845965e+04    2.1167935770e+00    9.9895703601e-01
       129   -3.5684114969e+01    1.2740686577e+03   -4.7995559349e+01    1.2311444380e+01   -9.0559885542e+00    3.8833790416e+00   -6.4048503622e+00   -3.6418099474e+01    2.1151071145e+04    2.1703064170e+00    9.9901581449e-01
       130   -3.5691328802e+01    1.2746069960e+03   -4.8034511948e+01    1.2343183147e+01   -9.0776295591e+00    3.8754522497e+00   -6.4142351648e+00   -3.6418099474e+01    2.1100891607e+04    2.1190888900e+00    9.9895415899e-01
       131   -3.5669786601e+01    1.2730662092e+03   -4.8031562413e+01    1.2361775813e+01   -9.0668243408e+00    3.8573128394e+00   -6.4039514378e+00   -3.6418099474e+01    2.0903241839e+04    2.1012505980e+00    9.9891878412e-01
       132   -3.5654739749e+01    1.2720321038e+03   -4.7969582986e+01    1.2314843237e+01   -9.1081237454e+00    3.9493862251e+00   -6.3927459913e+00   -3.6418099474e+01    2.0741261323e+04    2.0906599490e+00    9.9899995180e-01
       133   -3.5662748161e+01    1.2726682656e+03   -4.8091132488e+01    1.2428384326e+01   -9.0484000773e+00    3.7799985382e+00   -6.4046314742e+00   -3.6418099474e+01    2.0681100651e+04    2.1162301620e+00    9.9903148285e-01
       134   -3.5665900337e+01    1.2727475462e+03   -4.8035899146e+01    1.2369998809e+01   -8.9938651315e+00    3.7877220128e+00   -6.4116565531e+00   -3.6418099474e+01    2.0757640827e+04    2.1090009230e+00    9.9896445429e-01
       135   -3.5671059084e+01    1.2730887985e+03   -4.8074510172e+01    1.2403451089e+01   -9.0111400529e+00    3.7543370298e+00   -6.3996076749e+00   -3.6418099474e+01    2.0868179303e+04    2.0987357220e+00    9.9894771783e-01
       136   -3.5662769271e+01    1.2725266083e+03   -4.7971791784e+01    1.2309022513e+01   -8.9673317295e+00    3.8360984347e+00   -6.4224590145e+00   -3.6418099474e+01    2.0653454752e+04    2.1042504160e+00    9.9901975022e-01
       137   -3.5643816375e+01    1.2711978001e+03   -4.7927925158e+01    1.2284108783e+01   -9.0425845268e+00    3.9451874672e+00   -6.4124286239e+00   -3.6418099474e+01    2.0533210132e+04    2.0977861590e+00    9.9892544165e-01
       138   -3.5654214681e+01    1.2719366239e+03   -4.7970790969e+01    1.2316576288e+01   -8.9729097862e+00    3.8390916536e+00   -6.4188733626e+00   -3.6418099474e+01    2.0468856238e+04    2.0616031190e+00    9.9900042565e-01
       139   -3.5669550114e+01    1.2730187547e+03   -4.8009012559e+01    1.2339462445e+01   -9.0158859788e+00    3.8446674272e+00   -6.4196945334e+00   -3.6418099474e+01    2.0434779607e+04    2.0521026460e+00    9.9892696362e-01
       140   -3.5663645709e+01    1.2725756571e+03   -4.8067171999e+01    1.2403526290e+01   -9.0144630857e+00    3.7781261805e+00   -6.4127356194e+00   -3.6418099474e+01    2.0433396523e+04    2.0511240240e+00    9.9888496627e-01
       141   -3.5660573882e+01    1.2723610662e+03   -4.8076194376e+01    1.2415620493e+01   -9.0267488496e+00    3.7642469384e+00   -6.3955929904e+00   -3.6418099474e+01    2.0561446575e+04    2.0835412690e+00    9.9893716786e-01
       142   -3.5668671183e+01    1.2729681519e+03   -4.8107973290e+01    1.2439302106e+01   -8.9788480862e+00    3.6891407453e+00   -6.4001664747e+00   -3.6418099474e+01    2.0563687798e+04    2.0938940670e+00    9.9898237035e-01
       143   -3.5661202525e+01    1.2724224893e+03   -4.8073694127e+01    1.2412491602e+01   -8.9900305550e+00    3.7451923994e+00   -6.4107564969e+00   -3.6418099474e+01    2.0478480286e+04    2.0706064910e+00    9.9894850279e-01
       144   -3.5667027803e+01    1.2728403742e+03   -4.8021180270e+01    1.2354152467e+01   -8.9829433014e+00    3.7877676350e+00   -6.4079051292e+00   -3.6418099474e+01    2.0359344034e+04    2.0350367810e+00    9.9898610721e-01
       145   -3.5667431645e+01    1.2728593927e+03   -4.8029642774e+01    1.2362211129e+01   -8.8878547958e+00    3.7089490586e+00   -6.4326375629e+00   -3.6418099474e+01    2.0315272392e+04    2.0401136750e+00    9.9899792553e-01
       146   -3.5682406719e+01    1.2739101476e+03   -4.8124917943e+01    1.2442511224e+01   -8.8537329086e+00    3.5835356853e+00   -6.4366212455e+00   -3.6418099474e+01    2.0258500485e+04    2.0337245190e+00    9.9892795430e-01
       147   -3.5674701473e+01    1.2733717002e+03   -4.8077159269e+01    1.2402457796e+01   -8.8737484664e+00    3.6306987961e+00   -6.4160101246e+00   -3.6418099474e+01    2.0360504595e+04    2.0411613650e+00    9.9894921867e-01
       148   -3.5669485454e+01    1.2730278893e+03   -4.8035090712e+01    1.2365605258e+01   -8.9062040088e+00    3.7347807471e+00   -6.4455679761e+00   -3.6418099474e+01    2.0437399392e+04    2.0467781110e+00    9.9903541023e-01
       149   -3.5656448427e+01    1.2720641345e+03   -4.8091118582e+01    1.2434670155e+01   -8.9295267484e+00    3.6711039563e+00   -6.4145963159e+00   -3.6418099474e+01    2.0343351109e+04    2.0401133640e+00    9.9899594164e-01
       150   -3.5661748732e+01    1.2724634811e+03   -4.7956877300e+01    1.2295128569e+01   -8.9845887594e+00    3.8532624525e+00   -6.4074515193e+00   -3.6418099474e+01    2.0226239514e+04    2.0328596320e+00    9.9889816502e-01
       151   -3.5670857036e+01    1.2731111940e+03   -4.7929736683e+01    1.2258879646e+01   -9.0110432604e+00    3.8944134279e+00   -6.3950073758e+00   -3.6418099474e+01    2.0111632654e+04    2.0322461230e+00    9.9895569148e-01
       152   -3.5675379138e+01    1.2734405555e+03   -4.7969535090e+01    1.2294155953e+01   -8.9310242758e+00    3.7812220652e+00   -6.4016334056e+00   -3.6418099474e+01    2.0089008920e+04    2.0301093280e+00    9.9897933781e-01
       153   -3.5671085040e+01    1.2730956508e+03   -4.8064164398e+01    1.2393079358e+01   -8.8781197268e+00    3.6624755323e+00   -6.4304207295e+00   -3.6418099474e+01    2.0064438281e+04    2.0233213260e+00    9.9899413930e-01
       154   -3.5678879924e+01    1.2736636156e+03   -4.8104544229e+01    1.2425664306e+01   -8.8814735283e+00    3.6327188591e+00   -6.4376900860e+00   -3.6418099474e+01    2.0194877858e+04    2.0263976660e+00    9.9902007259e-01
       155   -3.5673126782e+01    1.2732523617e+03   -4.8012980643e+01    1.2339853861e+01   -8.9500252658e+00    3.7717094928e+00   -6.4165653955e+00   -3.6418099474e+01    2.0352162976e+04    2.0320271470e+00    9.9908568901e-01
       156   -3.5682230483e+01    1.2739149030e+03   -4.8023159301e+01    1.2340928818e+01   -9.0270654234e+00    3.8221161592e+00   -6.4001105629e+00   -3.6418099474e+01    2.0313204679e+04    2.0353642170e+00    9.9899943729e-01
       157   -3.5687086217e+01    1.2742784281e+03   -4.8034448149e+01    1.2347361931e+01   -9.0674218742e+00    3.8358494949e+00   -6.3847762952e+00   -3.6418099474e+01    2.0256469298e+04    2.0368245580e+00    9.9895601140e-01
       158   -3.5705077086e+01    1.2756038434e+03   -4.8034761689e+01    1.2329684604e+01   -9.0841378378e+00    3.8457421245e+00   -6.3782665019e+00   -3.6418099474e+01    2.0246441128e+04    2.0292874960e+00    9.9897470106e-01
       159   -3.5699186845e+01    1.2751692162e+03   -4.8039551795e+01    1.2340364951e+01   -9.1470869470e+00    3.8872711682e+00   -6.3616365424e+00   -3.6418099474e+01    2.0111559501e+04    2.0328961300e+00    9.9906197369e-01
       160   -3.5686882595e+01    1.2742526676e+03   -4.8022135377e+01    1.2335252782e+01   -9.1570461823e+00    3.9003473159e+00   -6.3473370361e+00   -3.6418099474e+01    2.0162666886e+04    2.0327771130e+00    9.9899007080e-01
       161   -3.5676226471e+01    1.2735057417e+03   -4.8104719179e+01    1.2428492708e+01   -9.1193251538e+00    3.8448642982e+00   -6.4121588492e+00   -3.6418099474e+01    2.0122877753e+04    2.0307132490e+00    9.9895621055e-01
       162   -3.5704347847e+01    1.2755408567e+03   -4.8097159706e+01    1.2392811859e+01   -9.1474018527e+00    3.8461627734e+00   -6.3778211523e+00   -3.6418099474e+01    2.0176845153e+04    2.0389147790e+00    9.9900124667e-01
       163   -3.5690196082e+01    1.2745285724e+03   -4.8111670397e+01    1.2421474315e+01   -9.1243137226e+00    3.8074459008e+00   -6.3767031012e+00   -3.6418099474e+01    2.0070094092e+04    2.0466439410e+00    9.9901560086e-01
       164   -3.5683667347e+01    1.2740185929e+03   -4.8104511311e+01    1.2420843964e+01   -9.0433725183e+00    3.7459138878e+00   -6.3889532068e+00   -3.6418099474e+01    2.0018169851e+04    2.0401546470e+00    9.9900416893e-01
       165   -3.5700920453e+01    1.2752346418e+03   -4.8090696653e+01    1.2389776200e+01   -9.0539591387e+00    3.7584226379e+00   -6.3770606783e+00   -3.6418099474e+01    2.0101958211e+04    2.0372239540e+00    9.9899396378e-01
       166   -3.5701840061e+01    1.2753024542e+03   -4.8055351559e+01    1.2353511498e+01   -9.0709140334e+00    3.7793078763e+00   -6.3456459274e+00   -3.6418099474e+01    2.0230036832e+04    2.0464361300e+00    9.9907102590e-01
       167   -3.5682786915e+01    1.2739262610e+03   -4.8013525828e+01    1.2330738913e+01   -9.0334328688e+00    3.8050931206e+00   -6.3670866059e+00   -3.6418099474e+01    2.0272942563e+04    2.0584071180e+00    9.9903970173e-01
       168   -3.5684221614e+01    1.2740561305e+03   -4.7932859394e+01    1.2248637780e+01   -8.9804787313e+00    3.8485744427e+00   -6.3828556308e+00   -3.6418099474e+01    2.0285275970e+04    2.0510801110e+00    9.9901038218e-01
       169   -3.5696981277e+01    1.2749417086e+03   -4.7981907809e+01    1.2284926531e+01   -8.9949016748e+00    3.8183602066e+00   -6.3872668662e+00   -3.6418099474e+01    2.0272695945e+04    2.0490801280e+00    9.9902898592e-01
       170   -3.5660633454e+01    1.2723400505e+03   -4.8068449078e+01    1.2407815624e+01   -8.9711642343e+00    3.6923363958e+00   -6.3715217656e+00   -3.6418099474e+01    2.0336417340e+04    2.0517582460e+00    9.9900959499e-01
       171   -3.5658748889e+01    1.2722238371e+03   -4.8133696536e+01    1.2474947648e+01   -8.9478704244e+00    3.5906980886e+00   -6.3584247263e+00   -3.6418099474e+01    2.0279330014e+04    2.0506115730e+00    9.9913888439e-01
       172   -3.5647681499e+01    1.2714436823e+03   -4.8071510068e+01    1.2423828568e+01   -9.0079819792e+00    3.7177571282e+00   -6.3631857425e+00   -3.6418099474e+01    2.0120884677e+04    2.0371444790e+00    9.9900078801e-01
       173   -3.5648481086e+01    1.2715111615e+03   -4.7979726267e+01    1.2331245181e+01   -9.1007321493e+00    3.9091151056e+00   -6.3700097488e+00   -3.6418099474e+01    1.9985650357e+04    2.0455139220e+00    9.9892424697e-01
       174   -3.5644093568e+01    1.2712039603e+03   -4.7987179447e+01    1.2343085879e+01   -9.1408193543e+00    3.9517304589e+00   -6.3799910771e+00   -3.6418099474e+01    2.0052518170e+04    2.0375394540e+00    9.9889233180e-01
       175   -3.5677717941e+01    1.2736381033e+03   -4.8069617818e+01    1.2391899877e+01   -9.1061643078e+00    3.8293994496e+00   -6.3747534855e+00   -3.6418099474e+01    2.0004204814e+04    2.0472593580e+00    9.9895173330e-01
       176   -3.5689302650e+01    1.2745024016e+03   -4.8026155983e+01    1.2336853332e+01   -9.0940458103e+00    3.8877109567e+00   -6.4017216548e+00   -3.6418099474e+01    2.0054873730e+04    2.0406919130e+00    9.9900773857e-01
       177   -3.5686673391e+01    1.2744072479e+03   -4.8082691269e+01    1.2396017878e+01   -9.0608256726e+00    3.8332649466e+00   -6.4370310689e+00   -3.6418099474e+01    2.0128799007e+04    2.0383834420e+00    9.9891210211e-01
       178   -3.5668846617e+01    1.2729807757e+03   -4.8106963817e+01    1.2438117200e+01   -9.0152657531e+00    3.7855747662e+00   -6.4591733559e+00   -3.6418099474e+01    2.0247407329e+04    2.0357387330e+00    9.9895040996e-01
       179   -3.5659811190e+01    1.2722962166e+03   -4.8112442009e+01    1.2452630819e+01   -9.0477527752e+00    3.8212385351e+00   -6.4678282951e+00   -3.6418099474e+01    2.0275584043e+04    2.0354958150e+00    9.9894673064e-01
       180   -3.5664358761e+01    1.2726271928e+03   -4.8050029826e+01    1.2385671065e+01   -9.0514009602e+00    3.8882297821e+00   -6.4687591740e+00   -3.6418099474e+01    2.0376237422e+04    2.0395336830e+00    9.9901499590e-01
       181   -3.5643348005e+01    1.2710867752e+03   -4.8036374884e+01    1.2393026879e+01   -9.0310313151e+00    3.8927425913e+00   -6.4799866858e+00   -3.6418099474e+01    2.0347927209e+04    2.0353175840e+00    9.9898049428e-01
       182   -3.5628843149e+01    1.2700802130e+03   -4.8031102080e+01    1.2402258932e+01   -9.0042868553e+00    3.8756568366e+00   -6.4843725874e+00   -3.6418099474e+01    2.0243780677e+04    2.0342201660e+00    9.9904942966e-01
       183   -3.5645577225e+01    1.2712999803e+03   -4.8005715822e+01    1.2360138597e+01   -9.0181299804e+00    3.8838601604e+00   -6.4533465281e+00   -3.6418099474e+01    2.0210918737e+04    2.0384959050e+00    9.9900705310e-01
       184   -3.5652995274e+01    1.2718561897e+03   -4.7954340295e+01    1.2301345020e+01   -8.9860227066e+00    3.9004920630e+00   -6.4507101770e+00   -3.6418099474e+01    2.0240142323e+04    2.0341911520e+00    9.9893608763e-01
       185   -3.5650618132e+01    1.2716578759e+03   -4.8023122910e+01    1.2372504778e+01   -8.9543478782e+00    3.8333011187e+00   -6.4839766760e+00   -3.6418099474e+01    2.0259229059e+04    2.0351279130e+00    9.9898296600e-01
       186   -3.5656248500e+01    1.2720394466e+03   -4.8094553272e+01    1.2438304772e+01   -8.9496931767e+00    3.7503545443e+00   -6.4771151649e+00   -3.6418099474e+01    2.0191177793e+04    2.0376023780e+00    9.9897767150e-01
       187   -3.5682884724e+01    1.2739880801e+03   -4.8089630796e+01    1.2406746072e+01   -8.9701166003e+00    3.7365299743e+00   -6.4379446958e+00   -3.6418099474e+01    2.0231828379e+04    2.0530114300e+00    9.9902892737e-01
       188   -3.5697521970e+01    1.2749866458e+03   -4.8085335940e+01    1.2387813970e+01   -9.0083275242e+00    3.7683772421e+00   -6.4272861839e+00   -3.6418099474e+01    2.0313009459e+04    2.0520385610e+00    9.9910300967e-01
       189   -3.5673655700e+01    1.2732816382e+03   -4.8068674297e+01    1.2395018597e+01   -8.9598724974e+00    3.7177413016e+00   -6.4084436276e+00   -3.6418099474e+01    2.0359010044e+04    2.0416576650e+00    9.9902460247e-01
       190   -3.5667451028e+01    1.2728812460e+03   -4.8004079259e+01    1.2336628231e+01   -9.0128540939e+00    3.8223226264e+00   -6.3954483172e+00   -3.6418099474e+01    2.0419433981e+04    2.0482466580e+00    9.9902581503e-01
       191   -3.5673018649e+01    1.2732699170e+03   -4.8017590059e+01    1.2344571410e+01   -9.0026272485e+00    3.7697028762e+00   -6.3665662126e+00   -3.6418099474e+01    2.0369584916e+04    2.0475336250e+00    9.9897603501e-01
       192   -3.5684681631e+01    1.2740733751e+03   -4.8071585519e+01    1.2386903887e+01   -9.0041683689e+00    3.7213635583e+00   -6.3706812341e+00   -3.6418099474e+01    2.0353438410e+04    2.0414422690e+00    9.9908037908e-01
       193   -3.5695116600e+01    1.2748482950e+03   -4.8122242921e+01    1.2427126321e+01   -9.0343198057e+00    3.7179878527e+00   -6.3878114933e+00   -3.6418099474e+01    2.0523170355e+04    2.1789024730e+00    9.9903921801e-01
       194   -3.5695873998e+01    1.2748992375e+03   -4.8152695209e+01    1.2456821211e+01   -9.0144103424e+00    3.6869711044e+00   -6.4071564970e+00   -3.6418099474e+01    2.0677602594e+04    2.1024072490e+00    9.9901882881e-01
       195   -3.5678631510e+01    1.2736704172e+03   -4.8087091409e+01    1.2408459899e+01   -9.0291644115e+00    3.7619409117e+00   -6.4017684349e+00   -3.6418099474e+01    2.0806518316e+04    2.0816016930e+00    9.9901828192e-01
       196   -3.5677702104e+01    1.2735993919e+03   -4.8060890317e+01    1.2383188213e+01   -9.0130899330e+00    3.7866160406e+00   -6.4163169507e+00   -3.6418099474e+01    2.0631881295e+04    2.0799193720e+00    9.9902202436e-01
       197   -3.5683239986e+01    1.2740005947e+03   -4.8117779247e+01    1.2434539261e+01   -9.0204709679e+00    3.7406291858e+00   -6.4198379909e+00   -3.6418099474e+01    2.0474658987e+04    2.0568148880e+00    9.9892541396e-01
       198   -3.5693676393e+01    1.2747745391e+03   -4.8076074139e+01    1.2382397746e+01   -9.0190440889e+00    3.7886648690e+00   -6.4275954448e+00   -3.6418099474e+01    2.0511585480e+04    2.0705860880e+00    9.9904218563e-01
       199   -3.5685305791e+01    1.2741478726e+03   -4.8031476207e+01    1.2346170417e+01   -8.9866529024e+00    3.7826509940e+00   -6.4093748247e+00   -3.6418099474e+01    2.0437525824e+04    2.0427053520e+00    9.9900905310e-01
