#  Band    State   TwistIndex BandIndex Energy      Kx      Ky      Kz      K1      K2      K3    KmK 
       0        0        3        0    -0.231335  0.3219  0.1859  0.1853  0.4250  0.0000  0.4250      1
       1        1        3        1    -0.222700  0.3219  0.1859  0.1853  0.4250  0.0000  0.4250      1
       2        2        3        2    -0.198043  0.3219  0.1859  0.1853  0.4250  0.0000  0.4250      1
       3        3        3        3    -0.169467  0.3219  0.1859  0.1853  0.4250  0.0000  0.4250      1
       4        4        3        4    -0.157020  0.3219  0.1859  0.1853  0.4250  0.0000  0.4250      1
       5        5        3        5     0.035188  0.3219  0.1859  0.1853  0.4250  0.0000  0.4250      1
       6        6        3        6     0.050962  0.3219  0.1859  0.1853  0.4250  0.0000  0.4250      1
       7        7        3        7     0.074111  0.3219  0.1859  0.1853  0.4250  0.0000  0.4250      1
       8        8        3        8     0.088499  0.3219  0.1859  0.1853  0.4250  0.0000  0.4250      1
       9        9        3        9     0.120305  0.3219  0.1859  0.1853  0.4250  0.0000  0.4250      1
      10       10        3       10     0.124125  0.3219  0.1859  0.1853  0.4250  0.0000  0.4250      1
      11       11        3       11     0.158598  0.3219  0.1859  0.1853  0.4250  0.0000  0.4250      1
      12       12        3       12     0.160033  0.3219  0.1859  0.1853  0.4250  0.0000  0.4250      1
      13       13        3       13     0.177184  0.3219  0.1859  0.1853  0.4250  0.0000  0.4250      1
      14       14        3       14     0.247237  0.3219  0.1859  0.1853  0.4250  0.0000  0.4250      1
      15       15        3       15     0.265389  0.3219  0.1859  0.1853  0.4250  0.0000  0.4250      1
      16       16        3       16     0.278898  0.3219  0.1859  0.1853  0.4250  0.0000  0.4250      1
      17       17        3       17     0.310956  0.3219  0.1859  0.1853  0.4250  0.0000  0.4250      1
      18       18        3       18     0.322969  0.3219  0.1859  0.1853  0.4250  0.0000  0.4250      1
      19       19        3       19     0.346374  0.3219  0.1859  0.1853  0.4250  0.0000  0.4250      1
      20       20        3       20     0.394255  0.3219  0.1859  0.1853  0.4250  0.0000  0.4250      1
      21       21        3       21     0.411764  0.3219  0.1859  0.1853  0.4250  0.0000  0.4250      1
      22       22        3       22     0.481533  0.3219  0.1859  0.1853  0.4250  0.0000  0.4250      1
      23       23        3       23     0.514624  0.3219  0.1859  0.1853  0.4250  0.0000  0.4250      1
      24       24        3       24     0.537018  0.3219  0.1859  0.1853  0.4250  0.0000  0.4250      1
      25       25        3       25     0.548894  0.3219  0.1859  0.1853  0.4250  0.0000  0.4250      1
      26       26        3       26     0.551466  0.3219  0.1859  0.1853  0.4250  0.0000  0.4250      1
      27       27        3       27     0.562909  0.3219  0.1859  0.1853  0.4250  0.0000  0.4250      1
      28       28        3       28     0.594848  0.3219  0.1859  0.1853  0.4250  0.0000  0.4250      1
      29       29        3       29     0.613174  0.3219  0.1859  0.1853  0.4250  0.0000  0.4250      1
      30       30        3       30     0.628281  0.3219  0.1859  0.1853  0.4250  0.0000  0.4250      1
      31       31        3       31     0.641537  0.3219  0.1859  0.1853  0.4250  0.0000  0.4250      1
      32       32        3       32     0.660478  0.3219  0.1859  0.1853  0.4250  0.0000  0.4250      1
      33       33        3       33     0.662521  0.3219  0.1859  0.1853  0.4250  0.0000  0.4250      1
      34       34        3       34     0.665779  0.3219  0.1859  0.1853  0.4250  0.0000  0.4250      1
      35       35        3       35     0.668438  0.3219  0.1859  0.1853  0.4250  0.0000  0.4250      1
      36       36        3       36     0.681798  0.3219  0.1859  0.1853  0.4250  0.0000  0.4250      1
      37       37        3       37     0.696868  0.3219  0.1859  0.1853  0.4250  0.0000  0.4250      1
      38       38        3       38     0.698722  0.3219  0.1859  0.1853  0.4250  0.0000  0.4250      1
      39       39        3       39     0.728699  0.3219  0.1859  0.1853  0.4250  0.0000  0.4250      1
      40       40        3       40     0.731247  0.3219  0.1859  0.1853  0.4250  0.0000  0.4250      1
      41       41        3       41     0.748263  0.3219  0.1859  0.1853  0.4250  0.0000  0.4250      1
      42       42        3       42     0.763506  0.3219  0.1859  0.1853  0.4250  0.0000  0.4250      1
      43       43        3       43     0.770001  0.3219  0.1859  0.1853  0.4250  0.0000  0.4250      1
      44       44        3       44     0.774440  0.3219  0.1859  0.1853  0.4250  0.0000  0.4250      1
      45       45        3       45     0.783636  0.3219  0.1859  0.1853  0.4250  0.0000  0.4250      1
      46       46        3       46     0.798521  0.3219  0.1859  0.1853  0.4250  0.0000  0.4250      1
      47       47        3       47     0.807876  0.3219  0.1859  0.1853  0.4250  0.0000  0.4250      1
      48       48        3       48     0.814640  0.3219  0.1859  0.1853  0.4250  0.0000  0.4250      1
      49       49        3       49     0.826008  0.3219  0.1859  0.1853  0.4250  0.0000  0.4250      1
      50       50        3       50     0.833928  0.3219  0.1859  0.1853  0.4250  0.0000  0.4250      1
      51       51        3       51     0.882925  0.3219  0.1859  0.1853  0.4250  0.0000  0.4250      1
      52       52        3       52     0.897270  0.3219  0.1859  0.1853  0.4250  0.0000  0.4250      1
      53       53        3       53     0.907533  0.3219  0.1859  0.1853  0.4250  0.0000  0.4250      1
      54       54        3       54     0.916416  0.3219  0.1859  0.1853  0.4250  0.0000  0.4250      1
      55       55        3       55     0.930807  0.3219  0.1859  0.1853  0.4250  0.0000  0.4250      1
      56       56        3       56     0.933015  0.3219  0.1859  0.1853  0.4250  0.0000  0.4250      1
      57       57        3       57     0.937245  0.3219  0.1859  0.1853  0.4250  0.0000  0.4250      1
      58       58        3       58     0.953166  0.3219  0.1859  0.1853  0.4250  0.0000  0.4250      1
      59       59        3       59     0.964113  0.3219  0.1859  0.1853  0.4250  0.0000  0.4250      1
      60       60        3       60     0.983982  0.3219  0.1859  0.1853  0.4250  0.0000  0.4250      1
      61       61        3       61     0.984513  0.3219  0.1859  0.1853  0.4250  0.0000  0.4250      1
      62       62        3       62     1.016905  0.3219  0.1859  0.1853  0.4250  0.0000  0.4250      1
      63       63        3       63     1.035149  0.3219  0.1859  0.1853  0.4250  0.0000  0.4250      1
      64       64        3       64     1.036417  0.3219  0.1859  0.1853  0.4250  0.0000  0.4250      1
      65       65        3       65     1.040308  0.3219  0.1859  0.1853  0.4250  0.0000  0.4250      1
      66       66        3       66     1.059841  0.3219  0.1859  0.1853  0.4250  0.0000  0.4250      1
      67       67        3       67     1.079783  0.3219  0.1859  0.1853  0.4250  0.0000  0.4250      1
      68       68        3       68     1.086626  0.3219  0.1859  0.1853  0.4250  0.0000  0.4250      1
      69       69        3       69     1.092576  0.3219  0.1859  0.1853  0.4250  0.0000  0.4250      1
      70       70        3       70     1.096525  0.3219  0.1859  0.1853  0.4250  0.0000  0.4250      1
      71       71        3       71     1.102635  0.3219  0.1859  0.1853  0.4250  0.0000  0.4250      1
      72       72        3       72     1.107859  0.3219  0.1859  0.1853  0.4250  0.0000  0.4250      1
      73       73        3       73     1.109916  0.3219  0.1859  0.1853  0.4250  0.0000  0.4250      1
      74       74        3       74     1.125664  0.3219  0.1859  0.1853  0.4250  0.0000  0.4250      1
      75       75        3       75     1.133428  0.3219  0.1859  0.1853  0.4250  0.0000  0.4250      1
      76       76        3       76     1.141297  0.3219  0.1859  0.1853  0.4250  0.0000  0.4250      1
      77       77        3       77     1.172054  0.3219  0.1859  0.1853  0.4250  0.0000  0.4250      1
      78       78        3       78     1.187338  0.3219  0.1859  0.1853  0.4250  0.0000  0.4250      1
      79       79        3       79     1.193213  0.3219  0.1859  0.1853  0.4250  0.0000  0.4250      1
      80       80        3       80     1.198913  0.3219  0.1859  0.1853  0.4250  0.0000  0.4250      1
      81       81        3       81     1.214898  0.3219  0.1859  0.1853  0.4250  0.0000  0.4250      1
      82       82        3       82     1.218978  0.3219  0.1859  0.1853  0.4250  0.0000  0.4250      1
      83       83        3       83     1.223577  0.3219  0.1859  0.1853  0.4250  0.0000  0.4250      1
      84       84        3       84     1.246972  0.3219  0.1859  0.1853  0.4250  0.0000  0.4250      1
      85       85        3       85     1.247024  0.3219  0.1859  0.1853  0.4250  0.0000  0.4250      1
      86       86        3       86     1.255735  0.3219  0.1859  0.1853  0.4250  0.0000  0.4250      1
      87       87        3       87     1.266216  0.3219  0.1859  0.1853  0.4250  0.0000  0.4250      1
      88       88        3       88     1.272565  0.3219  0.1859  0.1853  0.4250  0.0000  0.4250      1
      89       89        3       89     1.284974  0.3219  0.1859  0.1853  0.4250  0.0000  0.4250      1
      90       90        3       90     1.290931  0.3219  0.1859  0.1853  0.4250  0.0000  0.4250      1
      91       91        3       91     1.297446  0.3219  0.1859  0.1853  0.4250  0.0000  0.4250      1
      92       92        3       92     1.317996  0.3219  0.1859  0.1853  0.4250  0.0000  0.4250      1
      93       93        3       93     1.326681  0.3219  0.1859  0.1853  0.4250  0.0000  0.4250      1
      94       94        3       94     1.328482  0.3219  0.1859  0.1853  0.4250  0.0000  0.4250      1
      95       95        3       95     1.342983  0.3219  0.1859  0.1853  0.4250  0.0000  0.4250      1
      96       96        3       96     1.371839  0.3219  0.1859  0.1853  0.4250  0.0000  0.4250      1
      97       97        3       97     1.377508  0.3219  0.1859  0.1853  0.4250  0.0000  0.4250      1
      98       98        3       98     1.388205  0.3219  0.1859  0.1853  0.4250  0.0000  0.4250      1
      99       99        3       99     1.392910  0.3219  0.1859  0.1853  0.4250  0.0000  0.4250      1
