#   index    LocalEnergy         LocalEnergy_sq      LocalPotential      Kinetic             LocalECP            NonLocalECP         ElecElec            IonIon              BlockWeight         BlockCPU            AcceptRatio         
         0   -3.5766935640e+01    1.2801597936e+03   -4.7549473762e+01    1.1782538122e+01   -8.5212325808e+00    3.7380556838e+00   -6.3481973904e+00   -3.6418099474e+01    1.0251596421e+04    2.9381871700e-01    9.9701597515e-01
         1   -3.5805841256e+01    1.2829406495e+03   -4.7589685023e+01    1.1783843767e+01   -8.4952431919e+00    3.6837399213e+00   -6.3600822781e+00   -3.6418099474e+01    1.0253096646e+04    2.6536748300e-01    9.9720031162e-01
         2   -3.5844213080e+01    1.2856589881e+03   -4.7697639206e+01    1.1853426126e+01   -8.4916707535e+00    3.6240322220e+00   -6.4119012001e+00   -3.6418099474e+01    1.0244724135e+04    2.8032861600e-01    9.9726560867e-01
         3   -3.5878371495e+01    1.2880845155e+03   -4.7684364991e+01    1.1805993496e+01   -8.5404775515e+00    3.7114118301e+00   -6.4371997957e+00   -3.6418099474e+01    1.0247824266e+04    2.6431949000e-01    9.9709237463e-01
         4   -3.5916119230e+01    1.2907755595e+03   -4.7682868674e+01    1.1766749445e+01   -8.5979796760e+00    3.7770070030e+00   -6.4437965271e+00   -3.6418099474e+01    1.0264287633e+04    2.6469023100e-01    9.9711364585e-01
         5   -3.5948381886e+01    1.2930705194e+03   -4.7678509048e+01    1.1730127163e+01   -8.6337605070e+00    3.8117377436e+00   -6.4383868107e+00   -3.6418099474e+01    1.0336914968e+04    2.9499527800e-01    9.9722828942e-01
         6   -3.5960305150e+01    1.2939475237e+03   -4.7698569271e+01    1.1738264121e+01   -8.5487308037e+00    3.7073142242e+00   -6.4390532171e+00   -3.6418099474e+01    1.0398746980e+04    2.8960096800e-01    9.9703554597e-01
         7   -3.5966475746e+01    1.2943764519e+03   -4.7690868192e+01    1.1724392446e+01   -8.5132595186e+00    3.6909075950e+00   -6.4504167945e+00   -3.6418099474e+01    1.0400540287e+04    2.9430922600e-01    9.9706702568e-01
         8   -3.5975330710e+01    1.2949831940e+03   -4.7715835704e+01    1.1740504994e+01   -8.5338095555e+00    3.6963730224e+00   -6.4602996967e+00   -3.6418099474e+01    1.0372422311e+04    2.8488818600e-01    9.9722095954e-01
         9   -3.5993867819e+01    1.2962905695e+03   -4.7789488665e+01    1.1795620846e+01   -8.6221434344e+00    3.7218486608e+00   -6.4710944169e+00   -3.6418099474e+01    1.0363296433e+04    2.9416576800e-01    9.9727263951e-01
        10   -3.6002611451e+01    1.2969284446e+03   -4.7794460343e+01    1.1791848892e+01   -8.5455716074e+00    3.6380280487e+00   -6.4688173098e+00   -3.6418099474e+01    1.0419871493e+04    2.8967056500e-01    9.9721555449e-01
        11   -3.5999081310e+01    1.2966628250e+03   -4.7855974560e+01    1.1856893250e+01   -8.4097615227e+00    3.4598479456e+00   -6.4879615083e+00   -3.6418099474e+01    1.0400063487e+04    2.9375813000e-01    9.9726569477e-01
        12   -3.5990902321e+01    1.2960485759e+03   -4.7810452843e+01    1.1819550521e+01   -8.3942634623e+00    3.5245626365e+00   -6.5226525428e+00   -3.6418099474e+01    1.0408832709e+04    2.8905160900e-01    9.9717593609e-01
        13   -3.6011627110e+01    1.2975384990e+03   -4.7740481495e+01    1.1728854385e+01   -8.4597690486e+00    3.6291376567e+00   -6.4917506285e+00   -3.6418099474e+01    1.0464437139e+04    3.1018106100e-01    9.9724145465e-01
        14   -3.6024107140e+01    1.2984203052e+03   -4.7759140141e+01    1.1735033001e+01   -8.5010009359e+00    3.6597435808e+00   -6.4997833116e+00   -3.6418099474e+01    1.0465949063e+04    2.8729320400e-01    9.9712879129e-01
        15   -3.6028251605e+01    1.2987164623e+03   -4.7875306839e+01    1.1847055234e+01   -8.6181529646e+00    3.6425762560e+00   -6.4816306565e+00   -3.6418099474e+01    1.0522190768e+04    2.8523571600e-01    9.9734808356e-01
        16   -3.6018664956e+01    1.2980452526e+03   -4.7870142723e+01    1.1851477767e+01   -8.6155775542e+00    3.6505288533e+00   -6.4869945479e+00   -3.6418099474e+01    1.0531011548e+04    2.8971724900e-01    9.9715438882e-01
        17   -3.6017395207e+01    1.2979396800e+03   -4.7755276220e+01    1.1737881013e+01   -8.5995789242e+00    3.7464633106e+00   -6.4840611323e+00   -3.6418099474e+01    1.0567023964e+04    2.9124134800e-01    9.9731669731e-01
        18   -3.6013620621e+01    1.2976665125e+03   -4.7779461857e+01    1.1765841237e+01   -8.5506632102e+00    3.6737870502e+00   -6.4844862230e+00   -3.6418099474e+01    1.0586857815e+04    3.0154718500e-01    9.9716323061e-01
        19   -3.6019466252e+01    1.2981126434e+03   -4.7738573037e+01    1.1719106785e+01   -8.5700448900e+00    3.7476696254e+00   -6.4980982986e+00   -3.6418099474e+01    1.0614996237e+04    2.8867365400e-01    9.9721807344e-01
        20   -3.6013462284e+01    1.2977084936e+03   -4.7817362136e+01    1.1803899852e+01   -8.4921753705e+00    3.5841431444e+00   -6.4912304361e+00   -3.6418099474e+01    1.0587599068e+04    2.9588445600e-01    9.9720787191e-01
        21   -3.6035063049e+01    1.2992317599e+03   -4.7814910619e+01    1.1779847569e+01   -8.5106661032e+00    3.6108590943e+00   -6.4970041357e+00   -3.6418099474e+01    1.0617785705e+04    2.9007576500e-01    9.9737281180e-01
        22   -3.6029110013e+01    1.2988267672e+03   -4.7811258394e+01    1.1782148381e+01   -8.4823137734e+00    3.5777748206e+00   -6.4886199671e+00   -3.6418099474e+01    1.0623893740e+04    2.8708669100e-01    9.9733109244e-01
        23   -3.6041687439e+01    1.2997205664e+03   -4.7808909435e+01    1.1767221997e+01   -8.4891700731e+00    3.5910856260e+00   -6.4927255141e+00   -3.6418099474e+01    1.0645006014e+04    2.8529228100e-01    9.9727546035e-01
        24   -3.6032136775e+01    1.2990148353e+03   -4.7693223533e+01    1.1661086758e+01   -8.4545144478e+00    3.6803899642e+00   -6.5009995752e+00   -3.6418099474e+01    1.0631744994e+04    3.0110203300e-01    9.9724577125e-01
        25   -3.6032286422e+01    1.2989994820e+03   -4.7662462464e+01    1.1630176042e+01   -8.4798279119e+00    3.7628314625e+00   -6.5273665408e+00   -3.6418099474e+01    1.0576739077e+04    2.9526958900e-01    9.9716730141e-01
        26   -3.6032794394e+01    1.2990531268e+03   -4.7682778325e+01    1.1649983931e+01   -8.4383951855e+00    3.7035600405e+00   -6.5298437058e+00   -3.6418099474e+01    1.0512603778e+04    2.8520129000e-01    9.9732278756e-01
        27   -3.6020325305e+01    1.2981855947e+03   -4.7705673279e+01    1.1685347975e+01   -8.4155737474e+00    3.6680887747e+00   -6.5400888324e+00   -3.6418099474e+01    1.0497505190e+04    2.8543495100e-01    9.9698610752e-01
        28   -3.6034933346e+01    1.2992114314e+03   -4.7787318073e+01    1.1752384727e+01   -8.4262037187e+00    3.5926309682e+00   -6.5356458483e+00   -3.6418099474e+01    1.0533795020e+04    2.8974877900e-01    9.9714190784e-01
        29   -3.6050445728e+01    1.3003816392e+03   -4.7701835698e+01    1.1651389970e+01   -8.4929017153e+00    3.7316656544e+00   -6.5225001629e+00   -3.6418099474e+01    1.0565587852e+04    2.8705845800e-01    9.9731880824e-01
        30   -3.6058322717e+01    1.3009649431e+03   -4.7696675621e+01    1.1638352904e+01   -8.4688518193e+00    3.7240980832e+00   -6.5338224108e+00   -3.6418099474e+01    1.0549947413e+04    2.8985826300e-01    9.9732125925e-01
        31   -3.6062081005e+01    1.3012344208e+03   -4.7695927277e+01    1.1633846273e+01   -8.4965794613e+00    3.7582546294e+00   -6.5395029711e+00   -3.6418099474e+01    1.0572692687e+04    3.1008594500e-01    9.9715475177e-01
        32   -3.6075964365e+01    1.3021561527e+03   -4.7707574846e+01    1.1631610481e+01   -8.5222094005e+00    3.7736963340e+00   -6.5409623051e+00   -3.6418099474e+01    1.0596306376e+04    3.4197708700e-01    9.9712666936e-01
        33   -3.6058601734e+01    1.3009265256e+03   -4.7699987892e+01    1.1641386158e+01   -8.5104927809e+00    3.7710862569e+00   -6.5424818939e+00   -3.6418099474e+01    1.0668517499e+04    3.2116058500e-01    9.9708714460e-01
        34   -3.6033870698e+01    1.2991518750e+03   -4.7715079973e+01    1.1681209275e+01   -8.5208715338e+00    3.7714188131e+00   -6.5475277778e+00   -3.6418099474e+01    1.0675921806e+04    2.9044867000e-01    9.9725480493e-01
        35   -3.6042254636e+01    1.2997679213e+03   -4.7711071870e+01    1.1668817234e+01   -8.5103794337e+00    3.7742719158e+00   -6.5568648782e+00   -3.6418099474e+01    1.0663317148e+04    2.8716593400e-01    9.9729807551e-01
        36   -3.6073325513e+01    1.3019908032e+03   -4.7852385722e+01    1.1779060209e+01   -8.4530139560e+00    3.5730382870e+00   -6.5543105788e+00   -3.6418099474e+01    1.0557936581e+04    2.9304537700e-01    9.9723504488e-01
        37   -3.6086449101e+01    1.3029488037e+03   -4.7847539564e+01    1.1761090463e+01   -8.4367825405e+00    3.5741757495e+00   -6.5668332989e+00   -3.6418099474e+01    1.0595957321e+04    2.8854691800e-01    9.9709267029e-01
        38   -3.6075571684e+01    1.3021470964e+03   -4.7818798941e+01    1.1743227257e+01   -8.4280121617e+00    3.5896429444e+00   -6.5623302496e+00   -3.6418099474e+01    1.0723434954e+04    2.9134376500e-01    9.9703186003e-01
        39   -3.6072952871e+01    1.3019363542e+03   -4.7802297772e+01    1.1729344901e+01   -8.4320928004e+00    3.6164913021e+00   -6.5685967990e+00   -3.6418099474e+01    1.0701990422e+04    2.9881822500e-01    9.9735338486e-01
