#  Band    State   TwistIndex BandIndex Energy      Kx      Ky      Kz      K1      K2      K3    KmK 
       0        0        3        0    -0.281883  0.0598  0.0345  0.0086  0.0789  0.0000  0.0000      1
       1        1        3        1    -0.257644  0.0598  0.0345  0.0086  0.0789  0.0000  0.0000      1
       2        2        3        2    -0.212217  0.0598  0.0345  0.0086  0.0789  0.0000  0.0000      1
       3        3        3        3    -0.127931  0.0598  0.0345  0.0086  0.0789  0.0000  0.0000      1
       4        4        3        4    -0.110996  0.0598  0.0345  0.0086  0.0789  0.0000  0.0000      1
       5        5        3        5     0.110718  0.0598  0.0345  0.0086  0.0789  0.0000  0.0000      1
       6        6        3        6     0.115732  0.0598  0.0345  0.0086  0.0789  0.0000  0.0000      1
       7        7        3        7     0.134189  0.0598  0.0345  0.0086  0.0789  0.0000  0.0000      1
       8        8        3        8     0.151804  0.0598  0.0345  0.0086  0.0789  0.0000  0.0000      1
       9        9        3        9     0.153912  0.0598  0.0345  0.0086  0.0789  0.0000  0.0000      1
      10       10        3       10     0.155702  0.0598  0.0345  0.0086  0.0789  0.0000  0.0000      1
      11       11        3       11     0.168528  0.0598  0.0345  0.0086  0.0789  0.0000  0.0000      1
      12       12        3       12     0.172343  0.0598  0.0345  0.0086  0.0789  0.0000  0.0000      1
      13       13        3       13     0.191004  0.0598  0.0345  0.0086  0.0789  0.0000  0.0000      1
      14       14        3       14     0.239408  0.0598  0.0345  0.0086  0.0789  0.0000  0.0000      1
      15       15        3       15     0.248119  0.0598  0.0345  0.0086  0.0789  0.0000  0.0000      1
      16       16        3       16     0.261006  0.0598  0.0345  0.0086  0.0789  0.0000  0.0000      1
      17       17        3       17     0.281687  0.0598  0.0345  0.0086  0.0789  0.0000  0.0000      1
      18       18        3       18     0.288953  0.0598  0.0345  0.0086  0.0789  0.0000  0.0000      1
      19       19        3       19     0.289461  0.0598  0.0345  0.0086  0.0789  0.0000  0.0000      1
      20       20        3       20     0.401611  0.0598  0.0345  0.0086  0.0789  0.0000  0.0000      1
      21       21        3       21     0.412040  0.0598  0.0345  0.0086  0.0789  0.0000  0.0000      1
      22       22        3       22     0.448466  0.0598  0.0345  0.0086  0.0789  0.0000  0.0000      1
      23       23        3       23     0.449900  0.0598  0.0345  0.0086  0.0789  0.0000  0.0000      1
      24       24        3       24     0.461157  0.0598  0.0345  0.0086  0.0789  0.0000  0.0000      1
      25       25        3       25     0.470430  0.0598  0.0345  0.0086  0.0789  0.0000  0.0000      1
      26       26        3       26     0.474966  0.0598  0.0345  0.0086  0.0789  0.0000  0.0000      1
      27       27        3       27     0.510628  0.0598  0.0345  0.0086  0.0789  0.0000  0.0000      1
      28       28        3       28     0.511557  0.0598  0.0345  0.0086  0.0789  0.0000  0.0000      1
      29       29        3       29     0.519801  0.0598  0.0345  0.0086  0.0789  0.0000  0.0000      1
      30       30        3       30     0.539368  0.0598  0.0345  0.0086  0.0789  0.0000  0.0000      1
      31       31        3       31     0.550026  0.0598  0.0345  0.0086  0.0789  0.0000  0.0000      1
      32       32        3       32     0.568732  0.0598  0.0345  0.0086  0.0789  0.0000  0.0000      1
      33       33        3       33     0.584510  0.0598  0.0345  0.0086  0.0789  0.0000  0.0000      1
      34       34        3       34     0.586037  0.0598  0.0345  0.0086  0.0789  0.0000  0.0000      1
      35       35        3       35     0.622331  0.0598  0.0345  0.0086  0.0789  0.0000  0.0000      1
      36       36        3       36     0.626747  0.0598  0.0345  0.0086  0.0789  0.0000  0.0000      1
      37       37        3       37     0.645925  0.0598  0.0345  0.0086  0.0789  0.0000  0.0000      1
      38       38        3       38     0.647567  0.0598  0.0345  0.0086  0.0789  0.0000  0.0000      1
      39       39        3       39     0.677742  0.0598  0.0345  0.0086  0.0789  0.0000  0.0000      1
      40       40        3       40     0.722004  0.0598  0.0345  0.0086  0.0789  0.0000  0.0000      1
      41       41        3       41     0.731493  0.0598  0.0345  0.0086  0.0789  0.0000  0.0000      1
      42       42        3       42     0.749064  0.0598  0.0345  0.0086  0.0789  0.0000  0.0000      1
      43       43        3       43     0.815376  0.0598  0.0345  0.0086  0.0789  0.0000  0.0000      1
      44       44        3       44     0.825888  0.0598  0.0345  0.0086  0.0789  0.0000  0.0000      1
      45       45        3       45     0.839620  0.0598  0.0345  0.0086  0.0789  0.0000  0.0000      1
      46       46        3       46     0.855413  0.0598  0.0345  0.0086  0.0789  0.0000  0.0000      1
      47       47        3       47     0.858357  0.0598  0.0345  0.0086  0.0789  0.0000  0.0000      1
      48       48        3       48     0.917237  0.0598  0.0345  0.0086  0.0789  0.0000  0.0000      1
      49       49        3       49     0.920466  0.0598  0.0345  0.0086  0.0789  0.0000  0.0000      1
      50       50        3       50     0.942784  0.0598  0.0345  0.0086  0.0789  0.0000  0.0000      1
      51       51        3       51     0.946476  0.0598  0.0345  0.0086  0.0789  0.0000  0.0000      1
      52       52        3       52     0.951518  0.0598  0.0345  0.0086  0.0789  0.0000  0.0000      1
      53       53        3       53     0.956477  0.0598  0.0345  0.0086  0.0789  0.0000  0.0000      1
      54       54        3       54     0.970096  0.0598  0.0345  0.0086  0.0789  0.0000  0.0000      1
      55       55        3       55     0.986309  0.0598  0.0345  0.0086  0.0789  0.0000  0.0000      1
      56       56        3       56     0.997935  0.0598  0.0345  0.0086  0.0789  0.0000  0.0000      1
      57       57        3       57     1.007244  0.0598  0.0345  0.0086  0.0789  0.0000  0.0000      1
      58       58        3       58     1.015046  0.0598  0.0345  0.0086  0.0789  0.0000  0.0000      1
      59       59        3       59     1.024852  0.0598  0.0345  0.0086  0.0789  0.0000  0.0000      1
      60       60        3       60     1.033494  0.0598  0.0345  0.0086  0.0789  0.0000  0.0000      1
      61       61        3       61     1.039518  0.0598  0.0345  0.0086  0.0789  0.0000  0.0000      1
      62       62        3       62     1.052772  0.0598  0.0345  0.0086  0.0789  0.0000  0.0000      1
      63       63        3       63     1.071546  0.0598  0.0345  0.0086  0.0789  0.0000  0.0000      1
      64       64        3       64     1.088478  0.0598  0.0345  0.0086  0.0789  0.0000  0.0000      1
      65       65        3       65     1.104779  0.0598  0.0345  0.0086  0.0789  0.0000  0.0000      1
      66       66        3       66     1.117355  0.0598  0.0345  0.0086  0.0789  0.0000  0.0000      1
      67       67        3       67     1.124954  0.0598  0.0345  0.0086  0.0789  0.0000  0.0000      1
      68       68        3       68     1.136111  0.0598  0.0345  0.0086  0.0789  0.0000  0.0000      1
      69       69        3       69     1.146468  0.0598  0.0345  0.0086  0.0789  0.0000  0.0000      1
      70       70        3       70     1.149174  0.0598  0.0345  0.0086  0.0789  0.0000  0.0000      1
      71       71        3       71     1.160496  0.0598  0.0345  0.0086  0.0789  0.0000  0.0000      1
      72       72        3       72     1.171870  0.0598  0.0345  0.0086  0.0789  0.0000  0.0000      1
      73       73        3       73     1.180986  0.0598  0.0345  0.0086  0.0789  0.0000  0.0000      1
      74       74        3       74     1.192129  0.0598  0.0345  0.0086  0.0789  0.0000  0.0000      1
      75       75        3       75     1.198225  0.0598  0.0345  0.0086  0.0789  0.0000  0.0000      1
      76       76        3       76     1.199981  0.0598  0.0345  0.0086  0.0789  0.0000  0.0000      1
      77       77        3       77     1.213150  0.0598  0.0345  0.0086  0.0789  0.0000  0.0000      1
      78       78        3       78     1.219249  0.0598  0.0345  0.0086  0.0789  0.0000  0.0000      1
      79       79        3       79     1.221919  0.0598  0.0345  0.0086  0.0789  0.0000  0.0000      1
      80       80        3       80     1.235457  0.0598  0.0345  0.0086  0.0789  0.0000  0.0000      1
      81       81        3       81     1.238207  0.0598  0.0345  0.0086  0.0789  0.0000  0.0000      1
      82       82        3       82     1.249440  0.0598  0.0345  0.0086  0.0789  0.0000  0.0000      1
      83       83        3       83     1.263071  0.0598  0.0345  0.0086  0.0789  0.0000  0.0000      1
      84       84        3       84     1.266089  0.0598  0.0345  0.0086  0.0789  0.0000  0.0000      1
      85       85        3       85     1.268480  0.0598  0.0345  0.0086  0.0789  0.0000  0.0000      1
      86       86        3       86     1.286816  0.0598  0.0345  0.0086  0.0789  0.0000  0.0000      1
      87       87        3       87     1.297703  0.0598  0.0345  0.0086  0.0789  0.0000  0.0000      1
      88       88        3       88     1.301426  0.0598  0.0345  0.0086  0.0789  0.0000  0.0000      1
      89       89        3       89     1.306270  0.0598  0.0345  0.0086  0.0789  0.0000  0.0000      1
      90       90        3       90     1.317039  0.0598  0.0345  0.0086  0.0789  0.0000  0.0000      1
      91       91        3       91     1.320914  0.0598  0.0345  0.0086  0.0789  0.0000  0.0000      1
      92       92        3       92     1.328557  0.0598  0.0345  0.0086  0.0789  0.0000  0.0000      1
      93       93        3       93     1.329995  0.0598  0.0345  0.0086  0.0789  0.0000  0.0000      1
      94       94        3       94     1.340020  0.0598  0.0345  0.0086  0.0789  0.0000  0.0000      1
      95       95        3       95     1.349189  0.0598  0.0345  0.0086  0.0789  0.0000  0.0000      1
      96       96        3       96     1.361626  0.0598  0.0345  0.0086  0.0789  0.0000  0.0000      1
      97       97        3       97     1.373779  0.0598  0.0345  0.0086  0.0789  0.0000  0.0000      1
      98       98        3       98     1.386242  0.0598  0.0345  0.0086  0.0789  0.0000  0.0000      1
      99       99        3       99     1.391027  0.0598  0.0345  0.0086  0.0789  0.0000  0.0000      1
