#   index    LocalEnergy         LocalEnergy_sq      LocalPotential      Kinetic             LocalECP            NonLocalECP         ElecElec            IonIon              BlockWeight         BlockCPU            AcceptRatio         
         0   -3.5232307718e+01    1.2420056112e+03   -4.8358966895e+01    1.3126659178e+01   -9.5802497665e+00    3.8725811781e+00   -6.2331988329e+00   -3.6418099474e+01    2.0478091878e+04    2.0604590020e+00    9.9899020552e-01
         1   -3.5232338614e+01    1.2420661149e+03   -4.8368291673e+01    1.3135953059e+01   -9.6200480948e+00    3.8992528318e+00   -6.2293969359e+00   -3.6418099474e+01    2.0482045591e+04    2.0681819790e+00    9.9890517566e-01
         2   -3.5245504735e+01    1.2429699275e+03   -4.8363032548e+01    1.3117527813e+01   -9.6667018514e+00    3.9595319659e+00   -6.2377631882e+00   -3.6418099474e+01    2.0413344577e+04    2.0437535510e+00    9.9887818606e-01
         3   -3.5229884529e+01    1.2418446485e+03   -4.8407054840e+01    1.3177170311e+01   -9.6927212665e+00    3.9450892029e+00   -6.2413233024e+00   -3.6418099474e+01    2.0510434922e+04    2.1126710240e+00    9.9891009882e-01
         4   -3.5226636423e+01    1.2416141244e+03   -4.8280691602e+01    1.3054055179e+01   -9.7162766905e+00    4.0720547020e+00   -6.2183701391e+00   -3.6418099474e+01    2.0408723066e+04    2.0641635830e+00    9.9900958914e-01
         5   -3.5243322466e+01    1.2428107130e+03   -4.8317607820e+01    1.3074285353e+01   -9.6527391684e+00    3.9691276725e+00   -6.2158968495e+00   -3.6418099474e+01    2.0348765286e+04    2.0498609440e+00    9.9896610074e-01
         6   -3.5251396703e+01    1.2433658899e+03   -4.8407015243e+01    1.3155618540e+01   -9.5958187437e+00    3.8161422046e+00   -6.2092392300e+00   -3.6418099474e+01    2.0262839238e+04    2.0303626800e+00    9.9898100221e-01
         7   -3.5253060717e+01    1.2434922567e+03   -4.8355456378e+01    1.3102395660e+01   -9.4973496444e+00    3.7585576301e+00   -6.1985648892e+00   -3.6418099474e+01    2.0230174877e+04    2.0314717380e+00    9.9897757372e-01
         8   -3.5256349028e+01    1.2437359931e+03   -4.8320500384e+01    1.3064151356e+01   -9.4601558869e+00    3.7993014419e+00   -6.2415464648e+00   -3.6418099474e+01    2.0320217479e+04    2.0372432820e+00    9.9899621692e-01
         9   -3.5249184237e+01    1.2432276950e+03   -4.8346077548e+01    1.3096893312e+01   -9.4202984654e+00    3.7269639858e+00   -6.2346435947e+00   -3.6418099474e+01    2.0335399802e+04    2.0373679770e+00    9.9896192678e-01
        10   -3.5258293187e+01    1.2438780522e+03   -4.8356911636e+01    1.3098618449e+01   -9.4379558025e+00    3.7164481959e+00   -6.2173045549e+00   -3.6418099474e+01    2.0270830481e+04    2.0430576440e+00    9.9896906853e-01
        11   -3.5261431245e+01    1.2440638991e+03   -4.8217023392e+01    1.2955592146e+01   -9.4141888660e+00    3.8409979287e+00   -6.2257329800e+00   -3.6418099474e+01    2.0348221838e+04    2.0424629160e+00    9.9893439975e-01
        12   -3.5282735281e+01    1.2455917541e+03   -4.8294822981e+01    1.3012087701e+01   -9.3987223488e+00    3.7417985296e+00   -6.2197996882e+00   -3.6418099474e+01    2.0431432771e+04    2.0675319850e+00    9.9893332774e-01
        13   -3.5266210217e+01    1.2444279665e+03   -4.8292053774e+01    1.3025843557e+01   -9.3856815962e+00    3.7454986612e+00   -6.2337713651e+00   -3.6418099474e+01    2.0491227412e+04    2.0718655460e+00    9.9892968706e-01
        14   -3.5244999106e+01    1.2429545530e+03   -4.8254025406e+01    1.3009026300e+01   -9.4597901289e+00    3.8370768757e+00   -6.2132126789e+00   -3.6418099474e+01    2.0537767295e+04    2.0929470520e+00    9.9894630686e-01
        15   -3.5257053871e+01    1.2437675294e+03   -4.8279703208e+01    1.3022649337e+01   -9.4749150280e+00    3.8469315394e+00   -6.2336202456e+00   -3.6418099474e+01    2.0575135931e+04    2.0733578720e+00    9.9896545739e-01
        16   -3.5255387354e+01    1.2436629752e+03   -4.8289268423e+01    1.3033881069e+01   -9.4697277507e+00    3.8301858088e+00   -6.2316270067e+00   -3.6418099474e+01    2.0587737167e+04    2.0804155400e+00    9.9899733548e-01
        17   -3.5255791443e+01    1.2436978917e+03   -4.8290586051e+01    1.3034794608e+01   -9.5467991324e+00    3.9044301795e+00   -6.2301176243e+00   -3.6418099474e+01    2.0670575961e+04    2.0854819850e+00    9.9896858414e-01
        18   -3.5267349043e+01    1.2444739568e+03   -4.8385135883e+01    1.3117786840e+01   -9.5779946160e+00    3.8360633450e+00   -6.2251051380e+00   -3.6418099474e+01    2.0739665500e+04    2.0815085070e+00    9.9888581210e-01
        19   -3.5231090384e+01    1.2419152701e+03   -4.8395863570e+01    1.3164773186e+01   -9.6230808234e+00    3.8651579554e+00   -6.2198412280e+00   -3.6418099474e+01    2.0699356618e+04    2.0768323710e+00    9.9892888190e-01
        20   -3.5251034664e+01    1.2433571334e+03   -4.8344222464e+01    1.3093187800e+01   -9.6033711051e+00    3.8751648366e+00   -6.1979167215e+00   -3.6418099474e+01    2.0542605340e+04    2.0557527340e+00    9.9900561860e-01
        21   -3.5246368004e+01    1.2430269565e+03   -4.8234727793e+01    1.2988359789e+01   -9.6097677089e+00    4.0161602614e+00   -6.2230208708e+00   -3.6418099474e+01    2.0324314893e+04    2.0222560500e+00    9.9893686563e-01
        22   -3.5244697114e+01    1.2429022918e+03   -4.8268600203e+01    1.3023903089e+01   -9.7338474717e+00    4.0876925863e+00   -6.2043458430e+00   -3.6418099474e+01    2.0323495420e+04    2.0296341640e+00    9.9889815199e-01
        23   -3.5248090089e+01    1.2431559116e+03   -4.8288972517e+01    1.3040882428e+01   -9.7014902215e+00    4.0434545861e+00   -6.2128374077e+00   -3.6418099474e+01    2.0269230349e+04    2.0316608170e+00    9.9893745242e-01
        24   -3.5253616415e+01    1.2435594876e+03   -4.8276636729e+01    1.3023020314e+01   -9.6259164037e+00    3.9977116533e+00   -6.2303325046e+00   -3.6418099474e+01    2.0319051370e+04    2.0376625160e+00    9.9891364726e-01
        25   -3.5264083173e+01    1.2443017509e+03   -4.8342373954e+01    1.3078290782e+01   -9.6149952333e+00    3.9505546522e+00   -6.2598338992e+00   -3.6418099474e+01    2.0510077889e+04    2.0666982550e+00    9.9898123380e-01
        26   -3.5245104949e+01    1.2429290816e+03   -4.8346930545e+01    1.3101825597e+01   -9.6560507098e+00    3.9775284083e+00   -6.2503087698e+00   -3.6418099474e+01    2.0518575255e+04    2.0640841450e+00    9.9887914230e-01
        27   -3.5266240092e+01    1.2444550936e+03   -4.8318482951e+01    1.3052242859e+01   -9.6367502666e+00    3.9722537201e+00   -6.2358869299e+00   -3.6418099474e+01    2.0590815737e+04    2.0884982830e+00    9.9898177251e-01
        28   -3.5272912021e+01    1.2448914232e+03   -4.8315808466e+01    1.3042896444e+01   -9.6620262708e+00    4.0147376748e+00   -6.2504203954e+00   -3.6418099474e+01    2.0687376167e+04    2.0767496200e+00    9.9890707552e-01
        29   -3.5267381491e+01    1.2444935837e+03   -4.8391093935e+01    1.3123712445e+01   -9.6576017778e+00    3.9602830178e+00   -6.2756757012e+00   -3.6418099474e+01    2.0800999488e+04    2.0783686370e+00    9.9899730095e-01
        30   -3.5278322795e+01    1.2452615403e+03   -4.8372533550e+01    1.3094210755e+01   -9.6688598009e+00    3.9803871285e+00   -6.2659614036e+00   -3.6418099474e+01    2.0748958618e+04    2.0775926380e+00    9.9898952689e-01
        31   -3.5285040161e+01    1.2457399229e+03   -4.8390142019e+01    1.3105101858e+01   -9.7218550092e+00    3.9984629452e+00   -6.2486504808e+00   -3.6418099474e+01    2.0652443297e+04    2.0755517150e+00    9.9901408646e-01
        32   -3.5262836874e+01    1.2441615123e+03   -4.8394162710e+01    1.3131325836e+01   -9.6536123632e+00    3.9321598451e+00   -6.2546107176e+00   -3.6418099474e+01    2.0621197484e+04    2.0625159860e+00    9.9890714736e-01
        33   -3.5241765571e+01    1.2426589468e+03   -4.8426404270e+01    1.3184638699e+01   -9.6080597618e+00    3.8490577404e+00   -6.2493027742e+00   -3.6418099474e+01    2.0392028536e+04    2.0342240440e+00    9.9892475378e-01
        34   -3.5233590119e+01    1.2420957154e+03   -4.8397632339e+01    1.3164042219e+01   -9.5655874076e+00    3.8174386350e+00   -6.2313840919e+00   -3.6418099474e+01    2.0418122635e+04    2.0422458950e+00    9.9896295312e-01
        35   -3.5236681085e+01    1.2422952688e+03   -4.8355779519e+01    1.3119098434e+01   -9.6114458531e+00    3.8567260753e+00   -6.1829602674e+00   -3.6418099474e+01    2.0374332120e+04    2.0398847590e+00    9.9886777109e-01
        36   -3.5263106961e+01    1.2442057280e+03   -4.8269528749e+01    1.3006421789e+01   -9.5661891261e+00    3.9321578190e+00   -6.2173979681e+00   -3.6418099474e+01    2.0351180393e+04    2.0393862210e+00    9.9891530231e-01
        37   -3.5238953987e+01    1.2424951341e+03   -4.8325646891e+01    1.3086692905e+01   -9.5147293242e+00    3.8295914951e+00   -6.2224095879e+00   -3.6418099474e+01    2.0297822246e+04    2.0233005820e+00    9.9896898510e-01
        38   -3.5234201744e+01    1.2421841734e+03   -4.8329464412e+01    1.3095262668e+01   -9.4903392443e+00    3.7964666131e+00   -6.2174923070e+00   -3.6418099474e+01    2.0261125952e+04    2.0247413320e+00    9.9896186575e-01
        39   -3.5259083463e+01    1.2439073481e+03   -4.8384950947e+01    1.3125867484e+01   -9.4974365853e+00    3.7542132808e+00   -6.2236281684e+00   -3.6418099474e+01    2.0269127557e+04    2.0324450480e+00    9.9896378170e-01
        40   -3.5256562999e+01    1.2437157481e+03   -4.8337591247e+01    1.3081028248e+01   -9.5071504898e+00    3.8344591253e+00   -6.2468004081e+00   -3.6418099474e+01    2.0225202760e+04    2.0229510520e+00    9.9891384207e-01
        41   -3.5261954941e+01    1.2441339668e+03   -4.8314025725e+01    1.3052070784e+01   -9.5483298762e+00    3.9049167715e+00   -6.2525131462e+00   -3.6418099474e+01    2.0183710804e+04    2.0264986580e+00    9.9896285389e-01
        42   -3.5250569298e+01    1.2432857213e+03   -4.8374771626e+01    1.3124202328e+01   -9.5755391222e+00    3.8685682119e+00   -6.2497012412e+00   -3.6418099474e+01    2.0127802533e+04    2.0198155960e+00    9.9893345164e-01
        43   -3.5250506011e+01    1.2432830051e+03   -4.8392263517e+01    1.3141757506e+01   -9.4979101193e+00    3.7706006566e+00   -6.2468545801e+00   -3.6418099474e+01    2.0285311889e+04    2.0287895660e+00    9.9907034397e-01
        44   -3.5261158937e+01    1.2440391405e+03   -4.8391611724e+01    1.3130452787e+01   -9.4795016706e+00    3.7505220025e+00   -6.2445325820e+00   -3.6418099474e+01    2.0254477965e+04    2.0221796140e+00    9.9900181296e-01
        45   -3.5265615013e+01    1.2443959316e+03   -4.8366272559e+01    1.3100657546e+01   -9.5154119331e+00    3.7948483962e+00   -6.2276095478e+00   -3.6418099474e+01    2.0336224478e+04    2.0324158090e+00    9.9889161350e-01
        46   -3.5276405148e+01    1.2451481605e+03   -4.8343093827e+01    1.3066688679e+01   -9.5202538461e+00    3.8444087076e+00   -6.2491492145e+00   -3.6418099474e+01    2.0221835124e+04    2.0244391560e+00    9.9890109890e-01
        47   -3.5278899240e+01    1.2453136946e+03   -4.8479617635e+01    1.3200718395e+01   -9.5171977440e+00    3.7288983654e+00   -6.2732187826e+00   -3.6418099474e+01    2.0357298832e+04    2.0340704760e+00    9.9898916866e-01
        48   -3.5246507059e+01    1.2430087701e+03   -4.8408546723e+01    1.3162039664e+01   -9.4967608025e+00    3.8109713914e+00   -6.3046578374e+00   -3.6418099474e+01    2.0317133209e+04    2.0273558860e+00    9.9903669693e-01
        49   -3.5238857334e+01    1.2424626432e+03   -4.8382210149e+01    1.3143352815e+01   -9.5086683896e+00    3.8370197297e+00   -6.2924620149e+00   -3.6418099474e+01    2.0242954822e+04    2.0221970710e+00    9.9904557259e-01
        50   -3.5236315384e+01    1.2422896127e+03   -4.8381936844e+01    1.3145621460e+01   -9.5168124551e+00    3.8446595921e+00   -6.2916845069e+00   -3.6418099474e+01    2.0299046538e+04    2.0237415920e+00    9.9901658609e-01
        51   -3.5252177562e+01    1.2434022658e+03   -4.8341686302e+01    1.3089508741e+01   -9.5143858109e+00    3.8898568991e+00   -6.2990579165e+00   -3.6418099474e+01    2.0456099056e+04    2.0477312880e+00    9.9895769317e-01
        52   -3.5260555120e+01    1.2440083863e+03   -4.8316380198e+01    1.3055825078e+01   -9.5202660322e+00    3.9221507864e+00   -6.3001654783e+00   -3.6418099474e+01    2.0400904922e+04    2.0480932490e+00    9.9904407079e-01
        53   -3.5256823343e+01    1.2437241338e+03   -4.8307259230e+01    1.3050435887e+01   -9.5425356233e+00    3.9327110275e+00   -6.2793351604e+00   -3.6418099474e+01    2.0304239413e+04    2.0357987610e+00    9.9901663453e-01
        54   -3.5244578457e+01    1.2428781554e+03   -4.8326408542e+01    1.3081830085e+01   -9.5118556418e+00    3.8845178146e+00   -6.2809712410e+00   -3.6418099474e+01    2.0320652851e+04    2.0386584560e+00    9.9902282649e-01
        55   -3.5256071175e+01    1.2436885811e+03   -4.8350774614e+01    1.3094703439e+01   -9.5300965837e+00    3.8729731206e+00   -6.2755516763e+00   -3.6418099474e+01    2.0333397380e+04    2.0329852370e+00    9.9899876338e-01
        56   -3.5262568527e+01    1.2441200083e+03   -4.8368908489e+01    1.3106339962e+01   -9.4622611898e+00    3.7676231624e+00   -6.2561709877e+00   -3.6418099474e+01    2.0264898440e+04    2.0292989000e+00    9.9897762767e-01
        57   -3.5253434674e+01    1.2435039633e+03   -4.8369509473e+01    1.3116074799e+01   -9.4670615482e+00    3.7593185179e+00   -6.2436669686e+00   -3.6418099474e+01    2.0470049877e+04    2.1480936690e+00    9.9895840603e-01
        58   -3.5268699910e+01    1.2445699656e+03   -4.8409834743e+01    1.3141134833e+01   -9.5283657654e+00    3.7695372298e+00   -6.2329067335e+00   -3.6418099474e+01    2.0549169329e+04    2.0646538590e+00    9.9899185839e-01
        59   -3.5280212395e+01    1.2453921922e+03   -4.8375310942e+01    1.3095098547e+01   -9.5941696208e+00    3.8870564167e+00   -6.2500982638e+00   -3.6418099474e+01    2.0548491464e+04    2.0615582360e+00    9.9895868102e-01
        60   -3.5282552117e+01    1.2455545986e+03   -4.8470479002e+01    1.3187926885e+01   -9.5856697413e+00    3.7815340525e+00   -6.2482438391e+00   -3.6418099474e+01    2.0549938558e+04    2.0755935960e+00    9.9900740535e-01
        61   -3.5282832555e+01    1.2455930789e+03   -4.8347853120e+01    1.3065020565e+01   -9.5976569532e+00    3.8890279297e+00   -6.2211246221e+00   -3.6418099474e+01    2.0641278979e+04    2.0770540700e+00    9.9894952893e-01
        62   -3.5277834262e+01    1.2452343210e+03   -4.8335045414e+01    1.3057211152e+01   -9.6278387259e+00    3.9184769297e+00   -6.2075841436e+00   -3.6418099474e+01    2.0570238529e+04    2.0770741320e+00    9.9900499413e-01
        63   -3.5260299254e+01    1.2439907945e+03   -4.8371884360e+01    1.3111585107e+01   -9.6186273533e+00    3.8531303306e+00   -6.1882878635e+00   -3.6418099474e+01    2.0575986977e+04    2.0778698510e+00    9.9890649300e-01
        64   -3.5249530870e+01    1.2432618240e+03   -4.8371089742e+01    1.3121558872e+01   -9.5601153963e+00    3.7902130164e+00   -6.1830878884e+00   -3.6418099474e+01    2.0666870501e+04    2.0794991810e+00    9.9896157302e-01
        65   -3.5240074818e+01    1.2425583632e+03   -4.8349522353e+01    1.3109447535e+01   -9.5693784363e+00    3.8489750312e+00   -6.2110194733e+00   -3.6418099474e+01    2.0633046179e+04    2.0843653570e+00    9.9888208990e-01
        66   -3.5233901885e+01    1.2421390336e+03   -4.8236929996e+01    1.3003028111e+01   -9.5902950994e+00    3.9776005435e+00   -6.2061359660e+00   -3.6418099474e+01    2.0549877044e+04    2.0747502060e+00    9.9884456337e-01
        67   -3.5245911790e+01    1.2429819042e+03   -4.8287406985e+01    1.3041495195e+01   -9.5685457683e+00    3.9177970687e+00   -6.2185588111e+00   -3.6418099474e+01    2.0647188658e+04    2.0822471390e+00    9.9895197050e-01
        68   -3.5237038484e+01    1.2423671110e+03   -4.8304447680e+01    1.3067409197e+01   -9.5332437918e+00    3.8614116843e+00   -6.2145160988e+00   -3.6418099474e+01    2.0663524983e+04    2.0799653010e+00    9.9885611993e-01
        69   -3.5264251324e+01    1.2442919899e+03   -4.8366632175e+01    1.3102380851e+01   -9.5028059378e+00    3.7991119794e+00   -6.2448387425e+00   -3.6418099474e+01    2.0770845168e+04    2.0882131780e+00    9.9904232346e-01
        70   -3.5257624613e+01    1.2438088931e+03   -4.8338125033e+01    1.3080500420e+01   -9.5305635858e+00    3.8180577348e+00   -6.2075197078e+00   -3.6418099474e+01    2.0776342729e+04    2.0833867360e+00    9.9895842643e-01
        71   -3.5257508574e+01    1.2438896459e+03   -4.8243383564e+01    1.2985874990e+01   -9.6250873009e+00    3.9925504960e+00   -6.1927472850e+00   -3.6418099474e+01    2.0745447115e+04    2.0970867960e+00    9.9896891955e-01
        72   -3.5253632256e+01    1.2435931182e+03   -4.8311315327e+01    1.3057683071e+01   -9.5907810232e+00    3.8722508467e+00   -6.1746856761e+00   -3.6418099474e+01    2.0704300717e+04    2.0787395690e+00    9.9896515326e-01
        73   -3.5251628105e+01    1.2434082734e+03   -4.8321545172e+01    1.3069917067e+01   -9.5393826465e+00    3.8313971753e+00   -6.1954602263e+00   -3.6418099474e+01    2.0814902608e+04    2.0932345890e+00    9.9892440285e-01
        74   -3.5247062282e+01    1.2431693606e+03   -4.8293913050e+01    1.3046850768e+01   -9.5724772600e+00    3.8854296558e+00   -6.1887659717e+00   -3.6418099474e+01    2.0844305150e+04    2.0851094480e+00    9.9893114080e-01
        75   -3.5250052084e+01    1.2432722356e+03   -4.8256205963e+01    1.3006153880e+01   -9.5226977491e+00    3.8890127049e+00   -6.2044214451e+00   -3.6418099474e+01    2.0766537751e+04    2.1015474100e+00    9.9895802527e-01
        76   -3.5256204833e+01    1.2437156163e+03   -4.8249958597e+01    1.2993753763e+01   -9.5209861104e+00    3.8992653880e+00   -6.2101384002e+00   -3.6418099474e+01    2.0750420206e+04    2.0876765890e+00    9.9899498179e-01
        77   -3.5264190278e+01    1.2442725769e+03   -4.8353483756e+01    1.3089293478e+01   -9.4734725267e+00    3.7458058999e+00   -6.2077176551e+00   -3.6418099474e+01    2.0718260311e+04    2.0857473250e+00    9.9897437135e-01
        78   -3.5254570663e+01    1.2436237457e+03   -4.8332178966e+01    1.3077608303e+01   -9.4238304619e+00    3.7235318605e+00   -6.2137808908e+00   -3.6418099474e+01    2.0763833720e+04    2.0891463520e+00    9.9902489527e-01
        79   -3.5245716924e+01    1.2429810794e+03   -4.8295434643e+01    1.3049717719e+01   -9.4026849073e+00    3.7992159155e+00   -6.2738661766e+00   -3.6418099474e+01    2.0760487627e+04    2.0914816230e+00    9.9893364521e-01
        80   -3.5242875132e+01    1.2427798647e+03   -4.8304717963e+01    1.3061842831e+01   -9.4659064512e+00    3.8273846541e+00   -6.2480966913e+00   -3.6418099474e+01    2.0669167216e+04    2.0903787840e+00    9.9890649401e-01
        81   -3.5270382881e+01    1.2447270176e+03   -4.8210463247e+01    1.2940080366e+01   -9.5147851984e+00    3.9245154354e+00   -6.2020940096e+00   -3.6418099474e+01    2.0491795708e+04    2.0511202320e+00    9.9892625311e-01
        82   -3.5278804682e+01    1.2453362132e+03   -4.8237776728e+01    1.2958972046e+01   -9.5464534903e+00    3.9540825864e+00   -6.2273063500e+00   -3.6418099474e+01    2.0585683414e+04    2.0773476070e+00    9.9889293002e-01
        83   -3.5273035106e+01    1.2448768800e+03   -4.8280106871e+01    1.3007071765e+01   -9.4149045457e+00    3.8089196674e+00   -6.2560225185e+00   -3.6418099474e+01    2.0619321944e+04    2.0850355230e+00    9.9900394265e-01
        84   -3.5278346630e+01    1.2452602226e+03   -4.8257548736e+01    1.2979202106e+01   -9.3959326253e+00    3.8069005106e+00   -6.2504171474e+00   -3.6418099474e+01    2.0595328908e+04    2.0746995850e+00    9.9894549895e-01
        85   -3.5288916547e+01    1.2461028860e+03   -4.8298852259e+01    1.3009935712e+01   -9.4290612174e+00    3.7853886348e+00   -6.2370802023e+00   -3.6418099474e+01    2.0540742469e+04    2.0881760200e+00    9.9895648544e-01
        86   -3.5298759394e+01    1.2468422150e+03   -4.8202429186e+01    1.2903669792e+01   -9.4760211409e+00    3.9028482004e+00   -6.2111567718e+00   -3.6418099474e+01    2.0587117515e+04    2.0682725020e+00    9.9893094903e-01
        87   -3.5274485589e+01    1.2450108463e+03   -4.8245640898e+01    1.2971155309e+01   -9.4993932839e+00    3.8533214212e+00   -6.1814695612e+00   -3.6418099474e+01    2.0585621455e+04    2.0801762790e+00    9.9892248110e-01
        88   -3.5262495883e+01    1.2441367412e+03   -4.8339939997e+01    1.3077444114e+01   -9.5296096507e+00    3.8068644610e+00   -6.1990953332e+00   -3.6418099474e+01    2.0616718846e+04    2.0823358060e+00    9.9898315537e-01
        89   -3.5257089543e+01    1.2437743854e+03   -4.8352668689e+01    1.3095579146e+01   -9.5335353791e+00    3.8113304560e+00   -6.2123642922e+00   -3.6418099474e+01    2.0591169463e+04    2.0729405620e+00    9.9891081141e-01
        90   -3.5272596113e+01    1.2448698257e+03   -4.8367278053e+01    1.3094681940e+01   -9.5707849064e+00    3.8144420788e+00   -6.1928357510e+00   -3.6418099474e+01    2.0691974263e+04    2.0854669130e+00    9.9895054441e-01
        91   -3.5263754275e+01    1.2442475520e+03   -4.8366793985e+01    1.3103039710e+01   -9.5687407257e+00    3.8355448357e+00   -6.2154986211e+00   -3.6418099474e+01    2.0778477113e+04    2.0812450510e+00    9.9891894679e-01
        92   -3.5266780592e+01    1.2444316740e+03   -4.8326948484e+01    1.3060167892e+01   -9.5633750379e+00    3.8889849940e+00   -6.2344589660e+00   -3.6418099474e+01    2.0800527475e+04    2.0852176240e+00    9.9893039131e-01
        93   -3.5272794200e+01    1.2448793626e+03   -4.8266578351e+01    1.2993784152e+01   -9.5289860157e+00    3.9165126946e+00   -6.2360055558e+00   -3.6418099474e+01    2.0690345601e+04    2.0863777570e+00    9.9899877782e-01
        94   -3.5267581818e+01    1.2445183430e+03   -4.8294719226e+01    1.3027137408e+01   -9.5393780497e+00    3.9067667796e+00   -6.2440084822e+00   -3.6418099474e+01    2.0747537710e+04    2.1084627110e+00    9.9894309951e-01
        95   -3.5248923491e+01    1.2431941590e+03   -4.8354822356e+01    1.3105898865e+01   -9.5176044642e+00    3.8398442856e+00   -6.2589627031e+00   -3.6418099474e+01    2.0626813766e+04    2.0764500360e+00    9.9893705422e-01
        96   -3.5249021334e+01    1.2432179505e+03   -4.8292700771e+01    1.3043679437e+01   -9.4935334652e+00    3.8564425592e+00   -6.2375103904e+00   -3.6418099474e+01    2.0765431434e+04    2.0785686540e+00    9.9897001169e-01
        97   -3.5261301683e+01    1.2440565078e+03   -4.8301070638e+01    1.3039768955e+01   -9.4651669339e+00    3.8105986138e+00   -6.2284028433e+00   -3.6418099474e+01    2.0936213907e+04    2.0999664380e+00    9.9896472916e-01
        98   -3.5260198614e+01    1.2439766491e+03   -4.8318333130e+01    1.3058134516e+01   -9.4713983950e+00    3.7857728567e+00   -6.2146081172e+00   -3.6418099474e+01    2.0837652148e+04    2.0885170370e+00    9.9891868364e-01
        99   -3.5279732933e+01    1.2453473199e+03   -4.8380198954e+01    1.3100466021e+01   -9.5134021748e+00    3.7838814080e+00   -6.2325787130e+00   -3.6418099474e+01    2.0819092757e+04    2.0895294490e+00    9.9903757737e-01
       100   -3.5269546371e+01    1.2446502366e+03   -4.8444495820e+01    1.3174949449e+01   -9.5474940311e+00    3.7643861397e+00   -6.2432884540e+00   -3.6418099474e+01    2.0840201301e+04    2.0912706220e+00    9.9890497440e-01
       101   -3.5253510290e+01    1.2434702572e+03   -4.8433448855e+01    1.3179938565e+01   -9.5211362640e+00    3.7541985716e+00   -6.2484116880e+00   -3.6418099474e+01    2.0609126283e+04    2.0829931370e+00    9.9900716642e-01
       102   -3.5272357879e+01    1.2448061413e+03   -4.8396578196e+01    1.3124220317e+01   -9.4909810051e+00    3.7576059311e+00   -6.2451036474e+00   -3.6418099474e+01    2.0578095109e+04    2.0845997670e+00    9.9900716507e-01
       103   -3.5271796469e+01    1.2448302717e+03   -4.8425356391e+01    1.3153559922e+01   -9.4996691525e+00    3.7574230683e+00   -6.2650108331e+00   -3.6418099474e+01    2.0585716515e+04    2.0806890830e+00    9.9897111487e-01
       104   -3.5273642029e+01    1.2449823838e+03   -4.8324146752e+01    1.3050504723e+01   -9.5241599788e+00    3.8656072556e+00   -6.2474945544e+00   -3.6418099474e+01    2.0464159071e+04    2.0546766980e+00    9.9887940123e-01
       105   -3.5267640060e+01    1.2445430550e+03   -4.8289538569e+01    1.3021898509e+01   -9.4453494524e+00    3.8337779940e+00   -6.2598676365e+00   -3.6418099474e+01    2.0446385487e+04    2.0518782120e+00    9.9894659977e-01
       106   -3.5269428504e+01    1.2446320763e+03   -4.8405547836e+01    1.3136119333e+01   -9.3608354588e+00    3.6160914954e+00   -6.2427043988e+00   -3.6418099474e+01    2.0640718288e+04    2.0942214770e+00    9.9901889535e-01
       107   -3.5261684794e+01    1.2440449935e+03   -4.8354591120e+01    1.3092906326e+01   -9.4268103514e+00    3.7515039600e+00   -6.2611852548e+00   -3.6418099474e+01    2.0603534890e+04    2.0920367850e+00    9.9898078043e-01
       108   -3.5269959950e+01    1.2446643402e+03   -4.8262196333e+01    1.2992236383e+01   -9.4467038188e+00    3.8695152253e+00   -6.2669082652e+00   -3.6418099474e+01    2.0579110807e+04    2.0827379530e+00    9.9895866598e-01
       109   -3.5277565767e+01    1.2452149093e+03   -4.8224554633e+01    1.2946988866e+01   -9.4870041512e+00    3.9257601511e+00   -6.2452111582e+00   -3.6418099474e+01    2.0591507372e+04    2.0977172940e+00    9.9895228381e-01
       110   -3.5283172601e+01    1.2456245551e+03   -4.8351908415e+01    1.3068735814e+01   -9.5079573604e+00    3.8042486120e+00   -6.2301001924e+00   -3.6418099474e+01    2.0559279408e+04    2.0871597300e+00    9.9892622581e-01
       111   -3.5273611874e+01    1.2449316655e+03   -4.8359879357e+01    1.3086267483e+01   -9.5099383869e+00    3.7850780822e+00   -6.2169195781e+00   -3.6418099474e+01    2.0440208555e+04    2.0493887450e+00    9.9894099637e-01
       112   -3.5271332801e+01    1.2447334890e+03   -4.8339607672e+01    1.3068274871e+01   -9.5250768064e+00    3.8395354273e+00   -6.2359668189e+00   -3.6418099474e+01    2.0394216017e+04    2.0404605480e+00    9.9895612210e-01
       113   -3.5279442589e+01    1.2453133889e+03   -4.8261253326e+01    1.2981810737e+01   -9.5563727707e+00    3.9090643518e+00   -6.1958454325e+00   -3.6418099474e+01    2.0511091878e+04    2.0697104110e+00    9.9896028534e-01
       114   -3.5278319712e+01    1.2452667751e+03   -4.8354132682e+01    1.3075812969e+01   -9.5820311862e+00    3.8470921500e+00   -6.2010941712e+00   -3.6418099474e+01    2.0567121155e+04    2.0820301610e+00    9.9898921833e-01
       115   -3.5268258325e+01    1.2445442087e+03   -4.8367108635e+01    1.3098850310e+01   -9.6273605862e+00    3.8753772767e+00   -6.1970258510e+00   -3.6418099474e+01    2.0500464737e+04    2.0704946190e+00    9.9900169346e-01
       116   -3.5250852360e+01    1.2433744170e+03   -4.8312040490e+01    1.3061188130e+01   -9.6109632821e+00    3.9061608815e+00   -6.1891386148e+00   -3.6418099474e+01    2.0610089450e+04    2.0998440270e+00    9.9895350368e-01
       117   -3.5236071512e+01    1.2423108820e+03   -4.8268952142e+01    1.3032880630e+01   -9.5852200930e+00    3.9505272913e+00   -6.2161598662e+00   -3.6418099474e+01    2.0495274244e+04    2.0635389920e+00    9.9896341463e-01
       118   -3.5212311339e+01    1.2406060868e+03   -4.8345505311e+01    1.3133193972e+01   -9.5161840993e+00    3.8268648183e+00   -6.2380865559e+00   -3.6418099474e+01    2.0455340726e+04    2.0728853420e+00    9.9897909323e-01
       119   -3.5247237761e+01    1.2430910660e+03   -4.8417178045e+01    1.3169940284e+01   -9.5603831383e+00    3.7777491195e+00   -6.2164445521e+00   -3.6418099474e+01    2.0371504485e+04    2.0367284480e+00    9.9892013940e-01
       120   -3.5257465976e+01    1.2437906392e+03   -4.8381019300e+01    1.3123553323e+01   -9.6290338258e+00    3.8982726348e+00   -6.2321586344e+00   -3.6418099474e+01    2.0287122361e+04    2.0325243660e+00    9.9899297193e-01
       121   -3.5259149745e+01    1.2439360271e+03   -4.8425068671e+01    1.3165918925e+01   -9.6023583828e+00    3.8407818107e+00   -6.2453926242e+00   -3.6418099474e+01    2.0198246612e+04    2.0315262510e+00    9.9890177908e-01
       122   -3.5263186570e+01    1.2442098912e+03   -4.8319034539e+01    1.3055847969e+01   -9.5523302641e+00    3.8724467462e+00   -6.2210515473e+00   -3.6418099474e+01    2.0245930016e+04    2.0324498120e+00    9.9893261163e-01
       123   -3.5257098807e+01    1.2437749751e+03   -4.8297428020e+01    1.3040329212e+01   -9.4962068831e+00    3.8555305595e+00   -6.2386522219e+00   -3.6418099474e+01    2.0044965179e+04    2.0278153400e+00    9.9891116069e-01
       124   -3.5248940615e+01    1.2432088875e+03   -4.8333849727e+01    1.3084909112e+01   -9.4914862231e+00    3.8327538735e+00   -6.2570179027e+00   -3.6418099474e+01    1.9913420832e+04    2.0036744180e+00    9.9890040898e-01
       125   -3.5263689842e+01    1.2442242445e+03   -4.8368035070e+01    1.3104345229e+01   -9.5368586343e+00    3.8155046689e+00   -6.2285816306e+00   -3.6418099474e+01    2.0030236420e+04    2.0241960740e+00    9.9896379526e-01
       126   -3.5267669484e+01    1.2445091076e+03   -4.8317115351e+01    1.3049445867e+01   -9.5963227349e+00    3.9378165419e+00   -6.2405096837e+00   -3.6418099474e+01    2.0072050654e+04    2.0451034610e+00    9.9893031567e-01
       127   -3.5275490730e+01    1.2450871581e+03   -4.8225767489e+01    1.2950276759e+01   -9.6090003312e+00    4.0252631512e+00   -6.2239308345e+00   -3.6418099474e+01    2.0206978821e+04    2.0285758370e+00    9.9889856938e-01
       128   -3.5273106799e+01    1.2449374422e+03   -4.8244803098e+01    1.2971696299e+01   -9.6451210363e+00    4.0393513164e+00   -6.2209339036e+00   -3.6418099474e+01    2.0280132720e+04    2.0320531270e+00    9.9902589396e-01
       129   -3.5255960032e+01    1.2437649865e+03   -4.8221776736e+01    1.2965816704e+01   -9.6877015893e+00    4.1276137088e+00   -6.2435893810e+00   -3.6418099474e+01    2.0256884770e+04    2.0329060860e+00    9.9880811329e-01
       130   -3.5276731621e+01    1.2452125474e+03   -4.8343382424e+01    1.3066650803e+01   -9.5815981672e+00    3.9055812467e+00   -6.2492660296e+00   -3.6418099474e+01    2.0270754466e+04    2.0339211590e+00    9.9891085968e-01
       131   -3.5254714871e+01    1.2436377587e+03   -4.8311472121e+01    1.3056757250e+01   -9.5909166650e+00    3.9239296710e+00   -6.2263856523e+00   -3.6418099474e+01    2.0292953694e+04    2.0398145900e+00    9.9892990904e-01
       132   -3.5277008008e+01    1.2452067942e+03   -4.8272653712e+01    1.2995645703e+01   -9.6271172005e+00    3.9748116662e+00   -6.2022487031e+00   -3.6418099474e+01    2.0300245258e+04    2.0384149580e+00    9.9896350262e-01
       133   -3.5265399631e+01    1.2443659425e+03   -4.8420895432e+01    1.3155495801e+01   -9.5408930483e+00    3.7550294475e+00   -6.2169323568e+00   -3.6418099474e+01    2.0306773781e+04    2.0353014960e+00    9.9898858775e-01
       134   -3.5276008731e+01    1.2450896637e+03   -4.8487542832e+01    1.3211534102e+01   -9.5667584163e+00    3.7312903841e+00   -6.2339753260e+00   -3.6418099474e+01    2.0408149647e+04    2.0454306990e+00    9.9893578290e-01
       135   -3.5258598729e+01    1.2438755450e+03   -4.8384313888e+01    1.3125715159e+01   -9.6131918142e+00    3.8894953469e+00   -6.2425179468e+00   -3.6418099474e+01    2.0436444297e+04    2.0460877910e+00    9.9903531583e-01
       136   -3.5240227542e+01    1.2426302977e+03   -4.8469919103e+01    1.3229691562e+01   -9.6276449150e+00    3.8204948870e+00   -6.2446696012e+00   -3.6418099474e+01    2.0445667147e+04    2.0468202630e+00    9.9888572965e-01
       137   -3.5242168637e+01    1.2427005394e+03   -4.8514567492e+01    1.3272398854e+01   -9.5770191938e+00    3.7578623212e+00   -6.2773111448e+00   -3.6418099474e+01    2.0444644470e+04    2.0429796160e+00    9.9897475129e-01
       138   -3.5235885622e+01    1.2423026758e+03   -4.8396136891e+01    1.3160251269e+01   -9.5605904943e+00    3.8285391719e+00   -6.2459860944e+00   -3.6418099474e+01    2.0347301325e+04    2.0411130570e+00    9.9895407035e-01
       139   -3.5252198255e+01    1.2434397037e+03   -4.8373242738e+01    1.3121044483e+01   -9.5165936997e+00    3.7713457257e+00   -6.2098952894e+00   -3.6418099474e+01    2.0373727807e+04    2.0335844910e+00    9.9893421588e-01
       140   -3.5254711339e+01    1.2436088910e+03   -4.8409575108e+01    1.3154863769e+01   -9.6406217873e+00    3.8937827375e+00   -6.2446365845e+00   -3.6418099474e+01    2.0276864966e+04    2.0376859740e+00    9.9894844010e-01
       141   -3.5269740039e+01    1.2446828576e+03   -4.8299838438e+01    1.3030098399e+01   -9.6640475400e+00    4.0341224317e+00   -6.2518138552e+00   -3.6418099474e+01    2.0210721403e+04    2.0409176910e+00    9.9896600727e-01
       142   -3.5256158339e+01    1.2436965243e+03   -4.8183670489e+01    1.2927512149e+01   -9.6428785285e+00    4.1273658131e+00   -6.2500582989e+00   -3.6418099474e+01    2.0218069102e+04    2.0400180820e+00    9.9894885239e-01
       143   -3.5258427053e+01    1.2438298611e+03   -4.8380602012e+01    1.3122174959e+01   -9.6448879336e+00    3.9374235534e+00   -6.2550381578e+00   -3.6418099474e+01    2.0259230163e+04    2.1234205890e+00    9.9894392767e-01
       144   -3.5247306268e+01    1.2430686661e+03   -4.8338443452e+01    1.3091137184e+01   -9.6475709358e+00    3.9822058596e+00   -6.2549789020e+00   -3.6418099474e+01    2.0270624164e+04    2.0398441800e+00    9.9893408599e-01
       145   -3.5245211949e+01    1.2428944041e+03   -4.8257197268e+01    1.3011985319e+01   -9.6496303468e+00    4.0495301012e+00   -6.2389975482e+00   -3.6418099474e+01    2.0075921145e+04    2.0301251530e+00    9.9892367906e-01
       146   -3.5239522880e+01    1.2425137370e+03   -4.8330946523e+01    1.3091423643e+01   -9.6140344509e+00    3.9612126993e+00   -6.2600252977e+00   -3.6418099474e+01    2.0101905894e+04    2.0258576520e+00    9.9895355117e-01
       147   -3.5256784031e+01    1.2437683028e+03   -4.8413962090e+01    1.3157178058e+01   -9.6181706921e+00    3.8808036391e+00   -6.2584955624e+00   -3.6418099474e+01    2.0214934216e+04    2.0290273370e+00    9.9888155430e-01
       148   -3.5259992981e+01    1.2439892293e+03   -4.8466948999e+01    1.3206956019e+01   -9.6040672738e+00    3.8119893238e+00   -6.2567715752e+00   -3.6418099474e+01    2.0288165379e+04    2.0278385670e+00    9.9897888762e-01
       149   -3.5265814604e+01    1.2443948881e+03   -4.8457644044e+01    1.3191829440e+01   -9.5661794715e+00    3.8079474750e+00   -6.2813125733e+00   -3.6418099474e+01    2.0338902716e+04    2.0307139640e+00    9.9900247274e-01
       150   -3.5275886178e+01    1.2451312971e+03   -4.8352111536e+01    1.3076225358e+01   -9.5967630819e+00    3.9338301244e+00   -6.2710791043e+00   -3.6418099474e+01    2.0366341156e+04    2.0307849640e+00    9.9894411158e-01
       151   -3.5272118334e+01    1.2448392267e+03   -4.8338084316e+01    1.3065965982e+01   -9.5940185288e+00    3.9603122306e+00   -6.2862785437e+00   -3.6418099474e+01    2.0339199394e+04    2.0291889000e+00    9.9898310443e-01
       152   -3.5285838071e+01    1.2458275679e+03   -4.8292889412e+01    1.3007051341e+01   -9.6011454041e+00    3.9994040263e+00   -6.2730485597e+00   -3.6418099474e+01    2.0226676894e+04    2.0279046530e+00    9.9897373757e-01
       153   -3.5278888841e+01    1.2453358201e+03   -4.8321286377e+01    1.3042397537e+01   -9.5392796055e+00    3.9268353989e+00   -6.2907426966e+00   -3.6418099474e+01    2.0355341444e+04    2.0430169280e+00    9.9897332397e-01
       154   -3.5276842773e+01    1.2451552030e+03   -4.8370443794e+01    1.3093601021e+01   -9.4831651204e+00    3.8174542000e+00   -6.2866333991e+00   -3.6418099474e+01    2.0483921496e+04    2.0617860890e+00    9.9893973214e-01
       155   -3.5292044104e+01    1.2463077531e+03   -4.8347939444e+01    1.3055895340e+01   -9.4690603946e+00    3.7880694982e+00   -6.2488490734e+00   -3.6418099474e+01    2.0457541154e+04    2.0603668630e+00    9.9890504830e-01
       156   -3.5275181115e+01    1.2451208187e+03   -4.8434518479e+01    1.3159337364e+01   -9.4966204131e+00    3.7601459464e+00   -6.2799445384e+00   -3.6418099474e+01    2.0554700502e+04    2.0825492530e+00    9.9896603737e-01
       157   -3.5300898391e+01    1.2468862922e+03   -4.8494770727e+01    1.3193872337e+01   -9.4719401251e+00    3.6968411448e+00   -6.3015722730e+00   -3.6418099474e+01    2.0695262331e+04    2.1015564430e+00    9.9898669410e-01
       158   -3.5267821661e+01    1.2445486938e+03   -4.8355559894e+01    1.3087738233e+01   -9.5177616397e+00    3.8806205611e+00   -6.3003193411e+00   -3.6418099474e+01    2.0673912080e+04    2.0908002550e+00    9.9896695643e-01
       159   -3.5269473560e+01    1.2446642734e+03   -4.8293955424e+01    1.3024481864e+01   -9.5485744078e+00    3.9622444587e+00   -6.2895260008e+00   -3.6418099474e+01    2.0731982862e+04    2.0915624010e+00    9.9903879943e-01
       160   -3.5253889978e+01    1.2435324655e+03   -4.8315960441e+01    1.3062070464e+01   -9.4700871133e+00    3.8678424248e+00   -6.2956162787e+00   -3.6418099474e+01    2.0698161751e+04    2.0926892060e+00    9.9898038052e-01
       161   -3.5258472403e+01    1.2438714452e+03   -4.8327570633e+01    1.3069098230e+01   -9.4712731454e+00    3.8571324195e+00   -6.2953304325e+00   -3.6418099474e+01    2.0618714248e+04    2.0920434280e+00    9.9892966255e-01
       162   -3.5277051839e+01    1.2451691971e+03   -4.8289237556e+01    1.3012185717e+01   -9.4264839462e+00    3.8669572018e+00   -6.3116113376e+00   -3.6418099474e+01    2.0587302056e+04    2.0865227640e+00    9.9891044103e-01
       163   -3.5274202938e+01    1.2449772313e+03   -4.8341750322e+01    1.3067547384e+01   -9.4407730753e+00    3.8232662686e+00   -6.3061440406e+00   -3.6418099474e+01    2.0640056642e+04    2.0846312250e+00    9.9896520457e-01
       164   -3.5274331123e+01    1.2449762143e+03   -4.8355479938e+01    1.3081148816e+01   -9.4596883177e+00    3.8122526576e+00   -6.2899448042e+00   -3.6418099474e+01    2.0825618606e+04    2.0957597390e+00    9.9894019838e-01
       165   -3.5287983639e+01    1.2459232858e+03   -4.8332744701e+01    1.3044761062e+01   -9.4998531412e+00    3.8549319349e+00   -6.2697240209e+00   -3.6418099474e+01    2.0777541677e+04    2.1161353160e+00    9.9898057418e-01
       166   -3.5285657218e+01    1.2457807987e+03   -4.8350175915e+01    1.3064518697e+01   -9.4416828812e+00    3.7592506053e+00   -6.2496441650e+00   -3.6418099474e+01    2.0831957045e+04    2.0980430020e+00    9.9895411837e-01
       167   -3.5254026638e+01    1.2435443519e+03   -4.8258168409e+01    1.3004141770e+01   -9.5456953933e+00    3.9544498806e+00   -6.2488234219e+00   -3.6418099474e+01    2.0891752916e+04    2.0927206010e+00    9.9896772606e-01
       168   -3.5258613517e+01    1.2438973945e+03   -4.8203641273e+01    1.2945027756e+01   -9.5898189877e+00    4.0419318301e+00   -6.2376546413e+00   -3.6418099474e+01    2.0962282496e+04    2.1012253980e+00    9.9886221181e-01
       169   -3.5264192655e+01    1.2442589500e+03   -4.8271355739e+01    1.3007163084e+01   -9.6061576039e+00    3.9989049450e+00   -6.2460036059e+00   -3.6418099474e+01    2.0708194557e+04    2.0980473870e+00    9.9892908878e-01
       170   -3.5265272545e+01    1.2443522321e+03   -4.8249213258e+01    1.2983940713e+01   -9.5080274195e+00    3.9338413267e+00   -6.2569276911e+00   -3.6418099474e+01    2.0627582719e+04    2.0830481060e+00    9.9888674202e-01
       171   -3.5279242365e+01    1.2453346274e+03   -4.8298536339e+01    1.3019293974e+01   -9.4674615446e+00    3.8353732194e+00   -6.2483485397e+00   -3.6418099474e+01    2.0764747907e+04    2.0950124580e+00    9.9897315409e-01
       172   -3.5268438905e+01    1.2445459666e+03   -4.8317574899e+01    1.3049135995e+01   -9.4375691142e+00    3.8051251717e+00   -6.2670314828e+00   -3.6418099474e+01    2.0690851121e+04    2.0898452780e+00    9.9893328362e-01
       173   -3.5257197951e+01    1.2437905072e+03   -4.8356836191e+01    1.3099638241e+01   -9.4578672975e+00    3.7697217028e+00   -6.2505911226e+00   -3.6418099474e+01    2.0700132161e+04    2.0823428150e+00    9.9891147591e-01
       174   -3.5256204841e+01    1.2437334795e+03   -4.8299008389e+01    1.3042803547e+01   -9.4835560584e+00    3.8631525390e+00   -6.2605053953e+00   -3.6418099474e+01    2.0752322505e+04    2.0772621270e+00    9.9890393139e-01
       175   -3.5248650300e+01    1.2431797553e+03   -4.8250272999e+01    1.3001622698e+01   -9.5607802606e+00    3.9707892448e+00   -6.2421825087e+00   -3.6418099474e+01    2.0744626777e+04    2.0792807180e+00    9.9891222031e-01
       176   -3.5262048785e+01    1.2441459204e+03   -4.8295439771e+01    1.3033390986e+01   -9.5906340923e+00    3.9362491328e+00   -6.2229553371e+00   -3.6418099474e+01    2.0877650350e+04    2.0948880870e+00    9.9897548694e-01
       177   -3.5267049199e+01    1.2444978846e+03   -4.8382208795e+01    1.3115159596e+01   -9.6051065809e+00    3.8859352354e+00   -6.2449379750e+00   -3.6418099474e+01    2.0893071273e+04    2.1064537560e+00    9.9888734686e-01
       178   -3.5275816005e+01    1.2451026907e+03   -4.8374431994e+01    1.3098615988e+01   -9.6074957614e+00    3.9078740659e+00   -6.2567108240e+00   -3.6418099474e+01    2.0975416180e+04    2.1075557990e+00    9.9888994068e-01
       179   -3.5257114419e+01    1.2437708144e+03   -4.8348141498e+01    1.3091027079e+01   -9.5760524545e+00    3.8912484148e+00   -6.2452379844e+00   -3.6418099474e+01    2.0932700540e+04    2.0960231040e+00    9.9895951312e-01
       180   -3.5255501338e+01    1.2436539126e+03   -4.8321644264e+01    1.3066142926e+01   -9.5701265194e+00    3.8968457702e+00   -6.2302640403e+00   -3.6418099474e+01    2.0730242215e+04    2.0887177960e+00    9.9891310339e-01
       181   -3.5262651663e+01    1.2441562427e+03   -4.8313101947e+01    1.3050450283e+01   -9.5993921969e+00    3.9428135259e+00   -6.2384238013e+00   -3.6418099474e+01    2.0716659862e+04    2.0895235590e+00    9.9898126633e-01
       182   -3.5271997119e+01    1.2448089742e+03   -4.8335718805e+01    1.3063721686e+01   -9.6789309111e+00    4.0052146578e+00   -6.2439030774e+00   -3.6418099474e+01    2.0718338475e+04    2.0926440930e+00    9.9892433081e-01
       183   -3.5258940963e+01    1.2438937131e+03   -4.8415612016e+01    1.3156671053e+01   -9.6866036409e+00    3.9220459795e+00   -6.2329548802e+00   -3.6418099474e+01    2.0798375308e+04    2.0864046130e+00    9.9893382504e-01
       184   -3.5269798343e+01    1.2446898174e+03   -4.8335339498e+01    1.3065541154e+01   -9.7021053423e+00    3.9925779014e+00   -6.2077125827e+00   -3.6418099474e+01    2.0925608850e+04    2.0991231550e+00    9.9895389635e-01
       185   -3.5246088026e+01    1.2430236685e+03   -4.8421334562e+01    1.3175246537e+01   -9.7071991671e+00    3.9260933183e+00   -6.2221292392e+00   -3.6418099474e+01    2.1033281561e+04    2.1090764740e+00    9.9895616929e-01
       186   -3.5253789555e+01    1.2435351335e+03   -4.8337468772e+01    1.3083679217e+01   -9.7309182565e+00    4.0176393108e+00   -6.2060903518e+00   -3.6418099474e+01    2.0956157527e+04    2.0974525510e+00    9.9894542084e-01
       187   -3.5256349887e+01    1.2437392013e+03   -4.8366260388e+01    1.3109910501e+01   -9.6704427518e+00    3.8962708221e+00   -6.1739889841e+00   -3.6418099474e+01    2.0743690528e+04    2.0742796170e+00    9.9894649140e-01
       188   -3.5245016387e+01    1.2429343721e+03   -4.8415650286e+01    1.3170633899e+01   -9.5734402251e+00    3.7754699279e+00   -6.1995805144e+00   -3.6418099474e+01    2.0670703416e+04    2.0794592470e+00    9.9892905508e-01
       189   -3.5256144328e+01    1.2437327743e+03   -4.8368365658e+01    1.3112221330e+01   -9.5790963034e+00    3.8147910950e+00   -6.1859609752e+00   -3.6418099474e+01    2.0607546500e+04    2.0795505000e+00    9.9893082415e-01
       190   -3.5248067038e+01    1.2431367973e+03   -4.8469196329e+01    1.3221129290e+01   -9.5119644874e+00    3.6711015861e+00   -6.2102339530e+00   -3.6418099474e+01    2.0565898329e+04    2.0779882300e+00    9.9889570296e-01
       191   -3.5222565127e+01    1.2413371777e+03   -4.8410758665e+01    1.3188193538e+01   -9.4996023989e+00    3.7199783757e+00   -6.2130351678e+00   -3.6418099474e+01    2.0695267500e+04    2.0934336740e+00    9.9897540277e-01
       192   -3.5229045061e+01    1.2417893298e+03   -4.8340267376e+01    1.3111222315e+01   -9.5363053983e+00    3.8325348139e+00   -6.2183973172e+00   -3.6418099474e+01    2.0637522980e+04    2.0926166720e+00    9.9902091031e-01
       193   -3.5248446845e+01    1.2431662874e+03   -4.8349254940e+01    1.3100808095e+01   -9.5358376601e+00    3.8106914912e+00   -6.2060092968e+00   -3.6418099474e+01    2.0639816181e+04    2.0860460150e+00    9.9895853517e-01
       194   -3.5257491491e+01    1.2438333191e+03   -4.8428712701e+01    1.3171221210e+01   -9.5340932331e+00    3.7496370936e+00   -6.2261570874e+00   -3.6418099474e+01    2.0545825405e+04    2.0907582250e+00    9.9899533474e-01
       195   -3.5260752066e+01    1.2440220400e+03   -4.8431441095e+01    1.3170689029e+01   -9.6172578331e+00    3.7990464319e+00   -6.1951302197e+00   -3.6418099474e+01    2.0536677397e+04    2.0842664740e+00    9.9898788945e-01
       196   -3.5244591942e+01    1.2429155302e+03   -4.8388065661e+01    1.3143473719e+01   -9.6268834897e+00    3.8672330658e+00   -6.2103157630e+00   -3.6418099474e+01    2.0467868919e+04    2.0651990220e+00    9.9891135195e-01
       197   -3.5265958612e+01    1.2444307893e+03   -4.8424362016e+01    1.3158403404e+01   -9.5859549310e+00    3.7855923930e+00   -6.2059000039e+00   -3.6418099474e+01    2.0499809436e+04    2.0678737760e+00    9.9890761222e-01
       198   -3.5263592628e+01    1.2442529628e+03   -4.8362226697e+01    1.3098634069e+01   -9.6002190218e+00    3.8667219663e+00   -6.2106301679e+00   -3.6418099474e+01    2.0750033550e+04    2.0912355330e+00    9.9896395528e-01
       199   -3.5255081970e+01    1.2437876400e+03   -4.8343497356e+01    1.3088415386e+01   -9.6290724055e+00    3.9010623722e+00   -6.1973878479e+00   -3.6418099474e+01    2.0625493373e+04    2.0851109730e+00    9.9890064611e-01
