#   index    LocalEnergy         LocalEnergy_sq      LocalPotential      Kinetic             LocalECP            NonLocalECP         ElecElec            IonIon              BlockWeight         BlockCPU            AcceptRatio         
         0   -3.5891283920e+01    1.2888538190e+03   -4.7782151319e+01    1.1890867399e+01   -8.7543134520e+00    3.9035141012e+00   -6.5132524945e+00   -3.6418099474e+01    2.0475125775e+04    2.0473609460e+00    9.9895835514e-01
         1   -3.5876182837e+01    1.2877378331e+03   -4.7899015131e+01    1.2022832294e+01   -8.6665043129e+00    3.6989615227e+00   -6.5133728666e+00   -3.6418099474e+01    2.0492988803e+04    2.0718791560e+00    9.9897098563e-01
         2   -3.5863588601e+01    1.2868735567e+03   -4.7870348525e+01    1.2006759924e+01   -8.6758009992e+00    3.7331867306e+00   -6.5096347821e+00   -3.6418099474e+01    2.0502304925e+04    2.0615326020e+00    9.9897894465e-01
         3   -3.5876887949e+01    1.2878695716e+03   -4.7952988429e+01    1.2076100480e+01   -8.7042354948e+00    3.6776326302e+00   -6.5082860903e+00   -3.6418099474e+01    2.0674825273e+04    2.0879834810e+00    9.9896700639e-01
         4   -3.5895591534e+01    1.2892327098e+03   -4.7964068575e+01    1.2068477041e+01   -8.6990726958e+00    3.6937188711e+00   -6.5406152759e+00   -3.6418099474e+01    2.0660222954e+04    2.0922304040e+00    9.9896269864e-01
         5   -3.5907438312e+01    1.2900802033e+03   -4.7958039034e+01    1.2050600722e+01   -8.6649614598e+00    3.6449105766e+00   -6.5198886770e+00   -3.6418099474e+01    2.0654302603e+04    2.0846654390e+00    9.9902460621e-01
         6   -3.5908722490e+01    1.2901816778e+03   -4.7888932567e+01    1.1980210077e+01   -8.6772940153e+00    3.7086530034e+00   -6.5021920812e+00   -3.6418099474e+01    2.0676330871e+04    2.0900858630e+00    9.9893931646e-01
         7   -3.5894242708e+01    1.2891412143e+03   -4.7915158672e+01    1.2020915964e+01   -8.6449109456e+00    3.6577131977e+00   -6.5098614499e+00   -3.6418099474e+01    2.0603213992e+04    2.0879382780e+00    9.9899291400e-01
         8   -3.5904955667e+01    1.2898326231e+03   -4.7998157163e+01    1.2093201496e+01   -8.6324105333e+00    3.5549513228e+00   -6.5025984781e+00   -3.6418099474e+01    2.0584639482e+04    2.0784498630e+00    9.9898321083e-01
         9   -3.5876117124e+01    1.2877800804e+03   -4.7894013724e+01    1.2017896600e+01   -8.6326611668e+00    3.6404377831e+00   -6.4836908659e+00   -3.6418099474e+01    2.0623692720e+04    2.0765411810e+00    9.9890924956e-01
        10   -3.5872073576e+01    1.2875028776e+03   -4.7941457694e+01    1.2069384118e+01   -8.5843664549e+00    3.5768280523e+00   -6.5158198174e+00   -3.6418099474e+01    2.0660222114e+04    2.0862975980e+00    9.9901148885e-01
        11   -3.5888695605e+01    1.2886751464e+03   -4.7884952874e+01    1.1996257269e+01   -8.5718147838e+00    3.5895412486e+00   -6.4845798643e+00   -3.6418099474e+01    2.0701617480e+04    2.0766646550e+00    9.9908230294e-01
        12   -3.5888140313e+01    1.2886955369e+03   -4.7816062075e+01    1.1927921762e+01   -8.7015340493e+00    3.7953066003e+00   -6.4917351515e+00   -3.6418099474e+01    2.0776951334e+04    2.0775989200e+00    9.9899800632e-01
        13   -3.5898344705e+01    1.2894281171e+03   -4.7792135750e+01    1.1893791045e+01   -8.7712385225e+00    3.8810187973e+00   -6.4838165502e+00   -3.6418099474e+01    2.0755018009e+04    2.0732410970e+00    9.9896243427e-01
        14   -3.5901690767e+01    1.2896183981e+03   -4.7905450308e+01    1.2003759541e+01   -8.7517795082e+00    3.7480265195e+00   -6.4835978456e+00   -3.6418099474e+01    2.0754418800e+04    2.0714525460e+00    9.9899335788e-01
        15   -3.5905005548e+01    1.2898633481e+03   -4.7898711144e+01    1.1993705597e+01   -8.7181765313e+00    3.7392881985e+00   -6.5017233372e+00   -3.6418099474e+01    2.0747369857e+04    2.0828008070e+00    9.9899296972e-01
        16   -3.5890476507e+01    1.2888425028e+03   -4.7821334278e+01    1.1930857771e+01   -8.7953239204e+00    3.8825649527e+00   -6.4904758361e+00   -3.6418099474e+01    2.0751158912e+04    2.0943855970e+00    9.9896405512e-01
        17   -3.5876890470e+01    1.2878539227e+03   -4.7895574858e+01    1.2018684388e+01   -8.8245974546e+00    3.8051011399e+00   -6.4579790687e+00   -3.6418099474e+01    2.0643555783e+04    2.0768922540e+00    9.9892068412e-01
        18   -3.5871149461e+01    1.2874596490e+03   -4.7889062116e+01    1.2017912655e+01   -8.8848845502e+00    3.8611258272e+00   -6.4472039187e+00   -3.6418099474e+01    2.0553489611e+04    2.0717649850e+00    9.9896807638e-01
        19   -3.5866250706e+01    1.2870898390e+03   -4.7877894480e+01    1.2011643774e+01   -8.8587225202e+00    3.8612766120e+00   -6.4623490977e+00   -3.6418099474e+01    2.0566391544e+04    2.0715497060e+00    9.9898266715e-01
        20   -3.5871672322e+01    1.2874820215e+03   -4.8032425708e+01    1.2160753387e+01   -8.8030525364e+00    3.6673890985e+00   -6.4786627964e+00   -3.6418099474e+01    2.0526025972e+04    2.0606258040e+00    9.9899798205e-01
        21   -3.5868109705e+01    1.2872525054e+03   -4.7978708048e+01    1.2110598343e+01   -8.8339624304e+00    3.7746897317e+00   -6.5013358748e+00   -3.6418099474e+01    2.0477364641e+04    2.0517956460e+00    9.9899907231e-01
        22   -3.5876130216e+01    1.2879191441e+03   -4.8023486385e+01    1.2147356168e+01   -8.8410864988e+00    3.7234397574e+00   -6.4877401690e+00   -3.6418099474e+01    2.0624609729e+04    2.0758765600e+00    9.9892488383e-01
        23   -3.5869820379e+01    1.2873234840e+03   -4.7857367061e+01    1.1987546682e+01   -8.8809022408e+00    3.8899817228e+00   -6.4483470690e+00   -3.6418099474e+01    2.0620245152e+04    2.0704836350e+00    9.9900606061e-01
        24   -3.5874657352e+01    1.2876727075e+03   -4.7905681607e+01    1.2031024255e+01   -8.8181358848e+00    3.8014393957e+00   -6.4708856438e+00   -3.6418099474e+01    2.0613722756e+04    2.0835884320e+00    9.9901606857e-01
        25   -3.5860367085e+01    1.2866226572e+03   -4.7882330936e+01    1.2021963851e+01   -8.8173829714e+00    3.8389978907e+00   -6.4858463812e+00   -3.6418099474e+01    2.0587835932e+04    2.0779439180e+00    9.9894386715e-01
        26   -3.5867967521e+01    1.2871491940e+03   -4.8016405545e+01    1.2148438023e+01   -8.7584310876e+00    3.6371667877e+00   -6.4770417708e+00   -3.6418099474e+01    2.0524512693e+04    2.0666511820e+00    9.9903963924e-01
        27   -3.5882034953e+01    1.2881759497e+03   -4.7988327220e+01    1.2106292267e+01   -8.7588956435e+00    3.7053296951e+00   -6.5166617974e+00   -3.6418099474e+01    2.0521050548e+04    2.0603970980e+00    9.9892972002e-01
        28   -3.5887436647e+01    1.2885824422e+03   -4.7933123214e+01    1.2045686566e+01   -8.7463964509e+00    3.7557220549e+00   -6.5243493435e+00   -3.6418099474e+01    2.0604868283e+04    2.0638863880e+00    9.9902069539e-01
        29   -3.5893969706e+01    1.2890515185e+03   -4.8003630936e+01    1.2109661230e+01   -8.7257957187e+00    3.6614259999e+00   -6.5211617428e+00   -3.6418099474e+01    2.0591193253e+04    2.0729150490e+00    9.9897314924e-01
        30   -3.5864686480e+01    1.2869582287e+03   -4.8031992024e+01    1.2167305544e+01   -8.7506725016e+00    3.6405092320e+00   -6.5037292802e+00   -3.6418099474e+01    2.0628740623e+04    2.0786761130e+00    9.9905149614e-01
        31   -3.5886278107e+01    1.2885225710e+03   -4.8010898271e+01    1.2124620164e+01   -8.8044232648e+00    3.7067716214e+00   -6.4951471539e+00   -3.6418099474e+01    2.0656742963e+04    2.0755367360e+00    9.9905086926e-01
        32   -3.5882368854e+01    1.2882215285e+03   -4.8055078616e+01    1.2172709762e+01   -8.7909660474e+00    3.6473921133e+00   -6.4934052077e+00   -3.6418099474e+01    2.0667204956e+04    2.0775977870e+00    9.9888895033e-01
        33   -3.5873207224e+01    1.2876163539e+03   -4.7980454815e+01    1.2107247592e+01   -8.8410898603e+00    3.7653237843e+00   -6.4865892650e+00   -3.6418099474e+01    2.0702467380e+04    2.0846973920e+00    9.9888926450e-01
        34   -3.5896450921e+01    1.2892828414e+03   -4.7908566628e+01    1.2012115707e+01   -8.8458270050e+00    3.8107124636e+00   -6.4553526126e+00   -3.6418099474e+01    2.0727252849e+04    2.0878262780e+00    9.9893513636e-01
        35   -3.5887442662e+01    1.2886490814e+03   -4.7873460826e+01    1.1986018163e+01   -8.8883743258e+00    3.9262076755e+00   -6.4931947014e+00   -3.6418099474e+01    2.0727454466e+04    2.0776246790e+00    9.9901449315e-01
        36   -3.5879027128e+01    1.2880242422e+03   -4.7965703461e+01    1.2086676332e+01   -8.8724725645e+00    3.8020719065e+00   -6.4772033285e+00   -3.6418099474e+01    2.0572036195e+04    2.0746564380e+00    9.9900706856e-01
        37   -3.5872311318e+01    1.2875583269e+03   -4.8006215470e+01    1.2133904152e+01   -8.8483277299e+00    3.7415264464e+00   -6.4813147119e+00   -3.6418099474e+01    2.0318798200e+04    2.0577849610e+00    9.9897180821e-01
        38   -3.5875720207e+01    1.2878391176e+03   -4.7928592848e+01    1.2052872641e+01   -8.8713278821e+00    3.8745587778e+00   -6.5137242699e+00   -3.6418099474e+01    2.0290553086e+04    2.0494579400e+00    9.9906709850e-01
        39   -3.5880995736e+01    1.2881563698e+03   -4.7902659037e+01    1.2021663301e+01   -8.8091583179e+00    3.8343470013e+00   -6.5097482460e+00   -3.6418099474e+01    2.0246064325e+04    2.0388151810e+00    9.9893619273e-01
        40   -3.5880978684e+01    1.2881962538e+03   -4.7803216871e+01    1.1922238187e+01   -8.8476161825e+00    3.9486325878e+00   -6.4861338018e+00   -3.6418099474e+01    2.0155693850e+04    2.0260002130e+00    9.9899341466e-01
        41   -3.5881748769e+01    1.2881865078e+03   -4.7861547605e+01    1.1979798836e+01   -8.7842654661e+00    3.8151838131e+00   -6.4743664775e+00   -3.6418099474e+01    2.0041024737e+04    2.0192017320e+00    9.9903927734e-01
        42   -3.5897190750e+01    1.2893009464e+03   -4.7859555175e+01    1.1962364426e+01   -8.7607780998e+00    3.8016551657e+00   -6.4823327670e+00   -3.6418099474e+01    1.9936022640e+04    2.0168820230e+00    9.9894979068e-01
        43   -3.5901485367e+01    1.2896135029e+03   -4.7956215641e+01    1.2054730275e+01   -8.7438232030e+00    3.6850417104e+00   -6.4793346747e+00   -3.6418099474e+01    2.0039162576e+04    2.0289163890e+00    9.9897836924e-01
        44   -3.5897046210e+01    1.2892971018e+03   -4.7937761337e+01    1.2040715128e+01   -8.7565093266e+00    3.7156705207e+00   -6.4788230570e+00   -3.6418099474e+01    2.0018043962e+04    2.0175318270e+00    9.9902196649e-01
        45   -3.5890001497e+01    1.2887796944e+03   -4.7897295366e+01    1.2007293869e+01   -8.7215314728e+00    3.7333454950e+00   -6.4910099139e+00   -3.6418099474e+01    2.0094113926e+04    2.0167702160e+00    9.9899909688e-01
        46   -3.5885323652e+01    1.2884356131e+03   -4.7887721517e+01    1.2002397866e+01   -8.6921339139e+00    3.7268286319e+00   -6.5043167611e+00   -3.6418099474e+01    2.0158362535e+04    2.0235289050e+00    9.9906262182e-01
        47   -3.5886336635e+01    1.2884894925e+03   -4.7903484626e+01    1.2017147991e+01   -8.6664390033e+00    3.7037962103e+00   -6.5227423586e+00   -3.6418099474e+01    2.0155044487e+04    2.0175271400e+00    9.9895077876e-01
        48   -3.5869341986e+01    1.2872599155e+03   -4.7910573028e+01    1.2041231043e+01   -8.6585864802e+00    3.6811867121e+00   -6.5150737861e+00   -3.6418099474e+01    2.0446868644e+04    2.0632991070e+00    9.9895384336e-01
        49   -3.5865251545e+01    1.2869814959e+03   -4.8033794048e+01    1.2168542503e+01   -8.6584472756e+00    3.5574924800e+00   -6.5147397780e+00   -3.6418099474e+01    2.0365275100e+04    2.0411561270e+00    9.9901982101e-01
        50   -3.5883740874e+01    1.2883526897e+03   -4.7953232240e+01    1.2069491365e+01   -8.7198169535e+00    3.6610120652e+00   -6.4763278773e+00   -3.6418099474e+01    2.0375022953e+04    2.0455893710e+00    9.9897278043e-01
        51   -3.5897771839e+01    1.2893788156e+03   -4.7965807894e+01    1.2068036054e+01   -8.7308225768e+00    3.6521108697e+00   -6.4689967123e+00   -3.6418099474e+01    2.0392050999e+04    2.0467680520e+00    9.9893669946e-01
        52   -3.5870561049e+01    1.2874230395e+03   -4.7952511773e+01    1.2081950724e+01   -8.7952778528e+00    3.7535799689e+00   -6.4927144150e+00   -3.6418099474e+01    2.0493543522e+04    2.0662230160e+00    9.9898934984e-01
        53   -3.5889148923e+01    1.2888173834e+03   -4.7922632083e+01    1.2033483160e+01   -8.8323657094e+00    3.8121392970e+00   -6.4843061964e+00   -3.6418099474e+01    2.0528638200e+04    2.0801255260e+00    9.9903615967e-01
        54   -3.5903998431e+01    1.2898557839e+03   -4.7994143599e+01    1.2090145168e+01   -8.8703732475e+00    3.7754733573e+00   -6.4811442344e+00   -3.6418099474e+01    2.0589065508e+04    2.1379524730e+00    9.9893651719e-01
        55   -3.5876373370e+01    1.2878295025e+03   -4.7953836406e+01    1.2077463037e+01   -8.9246727863e+00    3.8263545947e+00   -6.4374187406e+00   -3.6418099474e+01    2.0741069575e+04    2.0887024560e+00    9.9894122508e-01
        56   -3.5886613989e+01    1.2885491838e+03   -4.7972515065e+01    1.2085901076e+01   -8.9132161610e+00    3.8166094468e+00   -6.4578088767e+00   -3.6418099474e+01    2.0740237487e+04    2.0927932690e+00    9.9899789247e-01
        57   -3.5879236326e+01    1.2880335530e+03   -4.7930785481e+01    1.2051549155e+01   -8.8691238995e+00    3.8436493764e+00   -6.4872114841e+00   -3.6418099474e+01    2.0587561684e+04    2.0836652980e+00    9.9895406924e-01
        58   -3.5889394247e+01    1.2887444773e+03   -4.7914433134e+01    1.2025038887e+01   -8.7929494638e+00    3.7922331984e+00   -6.4956173949e+00   -3.6418099474e+01    2.0564525190e+04    2.0858644750e+00    9.9896664073e-01
        59   -3.5898092902e+01    1.2893571937e+03   -4.7859678567e+01    1.1961585665e+01   -8.7652985907e+00    3.8333589598e+00   -6.5096394615e+00   -3.6418099474e+01    2.0615311437e+04    2.0903569880e+00    9.9895528698e-01
        60   -3.5907691635e+01    1.2900523626e+03   -4.7920384942e+01    1.2012693306e+01   -8.8052303454e+00    3.7967776156e+00   -6.4938327377e+00   -3.6418099474e+01    2.0611789394e+04    2.0798624880e+00    9.9890472493e-01
        61   -3.5909039499e+01    1.2901421744e+03   -4.7987738212e+01    1.2078698713e+01   -8.7121774289e+00    3.6277075498e+00   -6.4851688587e+00   -3.6418099474e+01    2.0747582247e+04    2.0860811470e+00    9.9904452019e-01
        62   -3.5899239695e+01    1.2894404676e+03   -4.7932918176e+01    1.2033678482e+01   -8.6653755991e+00    3.6416267271e+00   -6.4910698300e+00   -3.6418099474e+01    2.0780889124e+04    2.0910252570e+00    9.9896368248e-01
        63   -3.5872516796e+01    1.2874836702e+03   -4.7872350618e+01    1.1999833822e+01   -8.6443355625e+00    3.6772174516e+00   -6.4871330327e+00   -3.6418099474e+01    2.0780585839e+04    2.0860062080e+00    9.9900860469e-01
        64   -3.5868869069e+01    1.2872428912e+03   -4.7761863615e+01    1.1892994547e+01   -8.7046989985e+00    3.8667254946e+00   -6.5057906373e+00   -3.6418099474e+01    2.0791573484e+04    2.0839053120e+00    9.9893190279e-01
        65   -3.5848638923e+01    1.2857980817e+03   -4.7837353578e+01    1.1988714655e+01   -8.6253359400e+00    3.7425860422e+00   -6.5365042056e+00   -3.6418099474e+01    2.0597200729e+04    2.0735045030e+00    9.9900687733e-01
        66   -3.5855545960e+01    1.2862980555e+03   -4.7925318627e+01    1.2069772667e+01   -8.6001805750e+00    3.6374768356e+00   -6.5445154135e+00   -3.6418099474e+01    2.0492212679e+04    2.0613911230e+00    9.9892323990e-01
        67   -3.5853052569e+01    1.2861223430e+03   -4.8013779172e+01    1.2160726603e+01   -8.5703863265e+00    3.5187546618e+00   -6.5440480334e+00   -3.6418099474e+01    2.0460903972e+04    2.0516605460e+00    9.9903677697e-01
        68   -3.5854584020e+01    1.2862352335e+03   -4.7974295193e+01    1.2119711173e+01   -8.6082067610e+00    3.5823687424e+00   -6.5303577002e+00   -3.6418099474e+01    2.0428605505e+04    2.0436416460e+00    9.9904046477e-01
        69   -3.5872347983e+01    1.2875149665e+03   -4.7854238261e+01    1.1981890278e+01   -8.7247088423e+00    3.8003395507e+00   -6.5117694953e+00   -3.6418099474e+01    2.0304177553e+04    2.0293575190e+00    9.9911000106e-01
        70   -3.5887325308e+01    1.2886403083e+03   -4.7881902379e+01    1.1994577070e+01   -8.8271788960e+00    3.8620162227e+00   -6.4986402310e+00   -3.6418099474e+01    2.0406933811e+04    2.0431580000e+00    9.9893933560e-01
        71   -3.5884373318e+01    1.2883735601e+03   -4.7985219036e+01    1.2100845718e+01   -8.8047088690e+00    3.7130239465e+00   -6.4754346393e+00   -3.6418099474e+01    2.0494181007e+04    2.0735843650e+00    9.9901016325e-01
        72   -3.5887469721e+01    1.2885753634e+03   -4.7997750078e+01    1.2110280356e+01   -8.8287181890e+00    3.7099316011e+00   -6.4608640156e+00   -3.6418099474e+01    2.0331705225e+04    2.0390142120e+00    9.9897050660e-01
        73   -3.5882802436e+01    1.2882463758e+03   -4.8052597773e+01    1.2169795337e+01   -8.8570483073e+00    3.6867042571e+00   -6.4641542485e+00   -3.6418099474e+01    2.0299676212e+04    2.0400648550e+00    9.9899004828e-01
        74   -3.5890362380e+01    1.2888044187e+03   -4.7932098112e+01    1.2041735732e+01   -8.8058255718e+00    3.7658251849e+00   -6.4739982509e+00   -3.6418099474e+01    2.0351831602e+04    2.0362476450e+00    9.9895045738e-01
        75   -3.5887892633e+01    1.2886276467e+03   -4.7996568750e+01    1.2108676117e+01   -8.8000055370e+00    3.6971806758e+00   -6.4756444145e+00   -3.6418099474e+01    2.0272822110e+04    2.0341020750e+00    9.9892522376e-01
        76   -3.5866622489e+01    1.2871052688e+03   -4.7908813189e+01    1.2042190700e+01   -8.8379125841e+00    3.7859563106e+00   -6.4387574411e+00   -3.6418099474e+01    2.0264114113e+04    2.0367004530e+00    9.9894258221e-01
        77   -3.5889104355e+01    1.2887001227e+03   -4.7986627333e+01    1.2097522978e+01   -8.7500384434e+00    3.6297945001e+00   -6.4482839153e+00   -3.6418099474e+01    2.0428939708e+04    2.0513996400e+00    9.9895271664e-01
        78   -3.5887499868e+01    1.2885979604e+03   -4.8027456520e+01    1.2139956653e+01   -8.7300251294e+00    3.5682342740e+00   -6.4475661909e+00   -3.6418099474e+01    2.0434548586e+04    2.0642067580e+00    9.9894078906e-01
        79   -3.5885811182e+01    1.2884916690e+03   -4.7931271314e+01    1.2045460132e+01   -8.7339316317e+00    3.6678562863e+00   -6.4470964943e+00   -3.6418099474e+01    2.0462014596e+04    2.0600093880e+00    9.9899285749e-01
        80   -3.5867701299e+01    1.2871712379e+03   -4.7911765816e+01    1.2044064518e+01   -8.7084125234e+00    3.6663414686e+00   -6.4515952875e+00   -3.6418099474e+01    2.0388752873e+04    2.0394705320e+00    9.9899290303e-01
        81   -3.5861438679e+01    1.2867337570e+03   -4.7839827166e+01    1.1978388488e+01   -8.6952614963e+00    3.7097705033e+00   -6.4362366993e+00   -3.6418099474e+01    2.0409315248e+04    2.0466990100e+00    9.9891350750e-01
        82   -3.5864640371e+01    1.2869734926e+03   -4.7870710633e+01    1.2006070261e+01   -8.7172174356e+00    3.7141458331e+00   -6.4495395561e+00   -3.6418099474e+01    2.0535982516e+04    2.0685984620e+00    9.9893413548e-01
        83   -3.5870525669e+01    1.2874110516e+03   -4.7924469516e+01    1.2053943847e+01   -8.7018307480e+00    3.6638586119e+00   -6.4683979061e+00   -3.6418099474e+01    2.0591647879e+04    2.1970049420e+00    9.9897513266e-01
        84   -3.5889024843e+01    1.2887532488e+03   -4.7952840140e+01    1.2063815297e+01   -8.5718519250e+00    3.5129738074e+00   -6.4758625480e+00   -3.6418099474e+01    2.0470018630e+04    2.0495277020e+00    9.9894265195e-01
        85   -3.5906077577e+01    1.2899560853e+03   -4.7873926846e+01    1.1967849269e+01   -8.6713575451e+00    3.6922873954e+00   -6.4767572221e+00   -3.6418099474e+01    2.0480935193e+04    2.0575836480e+00    9.9902499093e-01
        86   -3.5902245876e+01    1.2896954434e+03   -4.7857932015e+01    1.1955686139e+01   -8.7350894762e+00    3.7417394911e+00   -6.4464825562e+00   -3.6418099474e+01    2.0451154326e+04    2.0448648720e+00    9.9901487469e-01
        87   -3.5899949472e+01    1.2895375064e+03   -4.7864180139e+01    1.1964230667e+01   -8.7828258760e+00    3.7868958175e+00   -6.4501506068e+00   -3.6418099474e+01    2.0582110471e+04    2.0723027090e+00    9.9896392300e-01
        88   -3.5903541040e+01    1.2898088986e+03   -4.7926117088e+01    1.2022576048e+01   -8.8371621036e+00    3.8032985204e+00   -6.4741540306e+00   -3.6418099474e+01    2.0665270502e+04    2.0903596570e+00    9.9900616008e-01
        89   -3.5920460148e+01    1.2910151810e+03   -4.7888240858e+01    1.1967780710e+01   -8.8365062294e+00    3.8270127152e+00   -6.4606478699e+00   -3.6418099474e+01    2.0794725661e+04    2.0835168770e+00    9.9889026318e-01
        90   -3.5913113577e+01    1.2904783291e+03   -4.7866865939e+01    1.1953752361e+01   -8.8452605710e+00    3.8368898081e+00   -6.4403957015e+00   -3.6418099474e+01    2.0966421523e+04    2.1163383330e+00    9.9893189329e-01
        91   -3.5911717885e+01    1.2903879756e+03   -4.7849087101e+01    1.1937369216e+01   -8.8736189776e+00    3.8674060353e+00   -6.4247746845e+00   -3.6418099474e+01    2.0979451949e+04    2.1129511640e+00    9.9899389185e-01
        92   -3.5906078462e+01    1.2899443959e+03   -4.7894205958e+01    1.1988127495e+01   -8.8533808518e+00    3.8186488078e+00   -6.4413744394e+00   -3.6418099474e+01    2.1020276699e+04    2.1277465140e+00    9.9895682549e-01
        93   -3.5910980185e+01    1.2903006564e+03   -4.7823257772e+01    1.1912277587e+01   -8.8039273297e+00    3.8411239634e+00   -6.4423549317e+00   -3.6418099474e+01    2.0945673486e+04    2.0918611240e+00    9.9897179688e-01
        94   -3.5923739036e+01    1.2912139867e+03   -4.8022318205e+01    1.2098579169e+01   -8.7955156972e+00    3.6117306913e+00   -6.4204337246e+00   -3.6418099474e+01    2.0973362446e+04    2.1014838230e+00    9.9903433476e-01
        95   -3.5920092394e+01    1.2909436138e+03   -4.7925117476e+01    1.2005025082e+01   -8.7759816913e+00    3.7009594024e+00   -6.4319957128e+00   -3.6418099474e+01    2.0994081073e+04    2.1045909320e+00    9.9898600828e-01
        96   -3.5901913292e+01    1.2896641719e+03   -4.7913982171e+01    1.2012068879e+01   -8.7313083388e+00    3.6948292522e+00   -6.4594036098e+00   -3.6418099474e+01    2.0995583934e+04    2.1123714000e+00    9.9903897836e-01
        97   -3.5903538945e+01    1.2897580131e+03   -4.7897858292e+01    1.1994319347e+01   -8.7515191043e+00    3.7156950619e+00   -6.4439347753e+00   -3.6418099474e+01    2.1104806719e+04    2.1163982720e+00    9.9894082135e-01
        98   -3.5889837763e+01    1.2887481166e+03   -4.7860764154e+01    1.1970926390e+01   -8.8052384613e+00    3.8206602455e+00   -6.4580864637e+00   -3.6418099474e+01    2.1163302994e+04    2.1406583120e+00    9.9895062187e-01
        99   -3.5886084274e+01    1.2884984475e+03   -4.7848993226e+01    1.1962908952e+01   -8.8112415875e+00    3.8495778765e+00   -6.4692300406e+00   -3.6418099474e+01    2.0994707417e+04    2.1155731500e+00    9.9892517007e-01
       100   -3.5897296673e+01    1.2893113765e+03   -4.7897076947e+01    1.1999780273e+01   -8.7933769651e+00    3.8016912668e+00   -6.4872917741e+00   -3.6418099474e+01    2.0797700787e+04    2.1008012380e+00    9.9895771088e-01
       101   -3.5879777315e+01    1.2880432080e+03   -4.7910948664e+01    1.2031171349e+01   -8.7985748547e+00    3.7923527501e+00   -6.4866270854e+00   -3.6418099474e+01    2.0706930865e+04    2.0849024900e+00    9.9898254811e-01
       102   -3.5876796625e+01    1.2878103681e+03   -4.7964170761e+01    1.2087374136e+01   -8.8737657167e+00    3.7927730689e+00   -6.4650786394e+00   -3.6418099474e+01    2.0701915915e+04    2.0892869890e+00    9.9897372742e-01
       103   -3.5880346513e+01    1.2880595058e+03   -4.8016436195e+01    1.2136089682e+01   -8.8933520014e+00    3.7410386552e+00   -6.4460233748e+00   -3.6418099474e+01    2.0687628519e+04    2.0963710920e+00    9.9893328362e-01
       104   -3.5876888402e+01    1.2878212980e+03   -4.7955301945e+01    1.2078413543e+01   -8.8878107274e+00    3.8289740455e+00   -6.4783657890e+00   -3.6418099474e+01    2.0639508836e+04    2.0898262370e+00    9.9901384766e-01
       105   -3.5887737059e+01    1.2886119850e+03   -4.7965282105e+01    1.2077545045e+01   -8.9301926116e+00    3.8595624653e+00   -6.4765524840e+00   -3.6418099474e+01    2.0663577590e+04    2.0929023330e+00    9.9896305002e-01
       106   -3.5890551964e+01    1.2888116344e+03   -4.7933653032e+01    1.2043101068e+01   -8.8730724360e+00    3.8375307919e+00   -6.4800119137e+00   -3.6418099474e+01    2.0775998458e+04    2.0903504490e+00    9.9900994183e-01
       107   -3.5889368301e+01    1.2887223502e+03   -4.7866549758e+01    1.1977181457e+01   -8.8794666727e+00    3.9084173594e+00   -6.4774009706e+00   -3.6418099474e+01    2.0805487288e+04    2.0882394370e+00    9.9894614709e-01
       108   -3.5899955528e+01    1.2895180502e+03   -4.7878672394e+01    1.1978716866e+01   -8.7388534116e+00    3.7729930315e+00   -6.4947125398e+00   -3.6418099474e+01    2.0753017945e+04    2.0860365540e+00    9.9902767930e-01
       109   -3.5877732800e+01    1.2879139215e+03   -4.7895171354e+01    1.2017438554e+01   -8.8013021324e+00    3.8055073025e+00   -6.4812770495e+00   -3.6418099474e+01    2.0720910052e+04    2.0826474470e+00    9.9894364984e-01
       110   -3.5898022671e+01    1.2893818493e+03   -4.8057466922e+01    1.2159444251e+01   -8.8108014960e+00    3.6577121553e+00   -6.4862781076e+00   -3.6418099474e+01    2.0838019626e+04    2.0862167910e+00    9.9908653418e-01
       111   -3.5890569680e+01    1.2888070105e+03   -4.8042472904e+01    1.2151903224e+01   -8.8338495381e+00    3.6914383571e+00   -6.4819622491e+00   -3.6418099474e+01    2.0892866125e+04    2.1188747420e+00    9.9898647725e-01
       112   -3.5882618813e+01    1.2882247311e+03   -4.8013131191e+01    1.2130512378e+01   -8.8008839434e+00    3.7009020938e+00   -6.4950498674e+00   -3.6418099474e+01    2.0872548377e+04    2.0969661910e+00    9.9900437255e-01
       113   -3.5882157237e+01    1.2882000369e+03   -4.7941136703e+01    1.2058979466e+01   -8.7364204488e+00    3.6899864630e+00   -6.4766032430e+00   -3.6418099474e+01    2.0721348015e+04    2.0851980220e+00    9.9895915906e-01
       114   -3.5874999186e+01    1.2876918188e+03   -4.7971177242e+01    1.2096178056e+01   -8.7669526014e+00    3.7000994918e+00   -6.4862246581e+00   -3.6418099474e+01    2.0647092939e+04    2.0860268200e+00    9.9905227696e-01
       115   -3.5868831068e+01    1.2872471089e+03   -4.7963479423e+01    1.2094648355e+01   -8.7730637899e+00    3.7192784856e+00   -6.4915946444e+00   -3.6418099474e+01    2.0549718561e+04    2.0963669260e+00    9.9890184740e-01
       116   -3.5871709822e+01    1.2874307509e+03   -4.7985878220e+01    1.2114168398e+01   -8.7967651930e+00    3.7318377042e+00   -6.5028512574e+00   -3.6418099474e+01    2.0633613485e+04    2.0752120710e+00    9.9901880027e-01
       117   -3.5878073467e+01    1.2878929010e+03   -4.7984743928e+01    1.2106670461e+01   -8.7731822746e+00    3.7170487298e+00   -6.5105109094e+00   -3.6418099474e+01    2.0500029003e+04    2.0560745340e+00    9.9897570969e-01
       118   -3.5874889829e+01    1.2876724755e+03   -4.8069025557e+01    1.2194135728e+01   -8.7274352430e+00    3.6040309385e+00   -6.5275217780e+00   -3.6418099474e+01    2.0393528662e+04    2.0414567660e+00    9.9898784716e-01
       119   -3.5903009378e+01    1.2896940934e+03   -4.7991410849e+01    1.2088401471e+01   -8.7973596564e+00    3.7309062902e+00   -6.5068580091e+00   -3.6418099474e+01    2.0368493953e+04    2.0335399860e+00    9.9904067402e-01
       120   -3.5896775022e+01    1.2892391179e+03   -4.7907150699e+01    1.2010375678e+01   -8.7794029337e+00    3.7801271956e+00   -6.4897754869e+00   -3.6418099474e+01    2.0408081478e+04    2.0431771800e+00    9.9895333777e-01
       121   -3.5884308975e+01    1.2883900247e+03   -4.7906364105e+01    1.2022055130e+01   -8.8666544724e+00    3.8618414323e+00   -6.4834515911e+00   -3.6418099474e+01    2.0568153965e+04    2.0706607140e+00    9.9898946403e-01
       122   -3.5895390147e+01    1.2892058324e+03   -4.7920280579e+01    1.2024890431e+01   -8.8224578818e+00    3.8161634060e+00   -6.4958866289e+00   -3.6418099474e+01    2.0674031737e+04    2.1608617720e+00    9.9902050885e-01
       123   -3.5900493118e+01    1.2895854569e+03   -4.7983680332e+01    1.2083187214e+01   -8.7737082085e+00    3.7096441449e+00   -6.5015167946e+00   -3.6418099474e+01    2.0484743459e+04    2.0530956330e+00    9.9903399501e-01
       124   -3.5902922215e+01    1.2897818221e+03   -4.7957552936e+01    1.2054630722e+01   -8.7774703866e+00    3.7228454612e+00   -6.4848285367e+00   -3.6418099474e+01    2.0533979657e+04    2.0682297660e+00    9.9895628214e-01
       125   -3.5886623229e+01    1.2885922988e+03   -4.7976036770e+01    1.2089413541e+01   -8.7412462729e+00    3.6879769795e+00   -6.5046680026e+00   -3.6418099474e+01    2.0534455478e+04    2.0862699050e+00    9.9898953007e-01
       126   -3.5899338924e+01    1.2894709379e+03   -4.7921914220e+01    1.2022575296e+01   -8.7736815693e+00    3.7698438715e+00   -6.4999770482e+00   -3.6418099474e+01    2.0365974491e+04    2.0422864420e+00    9.9892306397e-01
       127   -3.5875060354e+01    1.2877189449e+03   -4.7876835598e+01    1.2001775244e+01   -8.7918695432e+00    3.8210355091e+00   -6.4879020897e+00   -3.6418099474e+01    2.0442465474e+04    2.0468608090e+00    9.9901123627e-01
       128   -3.5874380963e+01    1.2876875858e+03   -4.7925497883e+01    1.2051116920e+01   -8.7944962248e+00    3.7699681426e+00   -6.4828703268e+00   -3.6418099474e+01    2.0379275611e+04    2.0479929430e+00    9.9903796954e-01
       129   -3.5873598514e+01    1.2876301373e+03   -4.7974450165e+01    1.2100851652e+01   -8.8252879938e+00    3.7663443762e+00   -6.4974070735e+00   -3.6418099474e+01    2.0345847874e+04    2.0382617090e+00    9.9900476729e-01
       130   -3.5869636313e+01    1.2873886938e+03   -4.7956556112e+01    1.2086919799e+01   -8.7829171153e+00    3.7459940072e+00   -6.5015335299e+00   -3.6418099474e+01    2.0337983667e+04    2.0395914670e+00    9.9888502599e-01
       131   -3.5861260867e+01    1.2867652186e+03   -4.7965663337e+01    1.2104402470e+01   -8.7419027447e+00    3.6703913299e+00   -6.4760524480e+00   -3.6418099474e+01    2.0319814037e+04    2.0372950050e+00    9.9891221066e-01
       132   -3.5857340737e+01    1.2864845071e+03   -4.7957195243e+01    1.2099854506e+01   -8.7569125170e+00    3.7015761766e+00   -6.4837594283e+00   -3.6418099474e+01    2.0350323508e+04    2.0375617510e+00    9.9898761273e-01
       133   -3.5873135193e+01    1.2876010902e+03   -4.7924911920e+01    1.2051776726e+01   -8.6965023800e+00    3.6824381074e+00   -6.4927481729e+00   -3.6418099474e+01    2.0379247034e+04    2.0385975650e+00    9.9899941823e-01
       134   -3.5870208516e+01    1.2873733590e+03   -4.8002066833e+01    1.2131858317e+01   -8.6827765622e+00    3.6006442231e+00   -6.5018350197e+00   -3.6418099474e+01    2.0408903475e+04    2.0333243210e+00    9.9908312745e-01
       135   -3.5866349895e+01    1.2870937075e+03   -4.7970624873e+01    1.2104274977e+01   -8.6356387287e+00    3.5895489652e+00   -6.5064356349e+00   -3.6418099474e+01    2.0347395898e+04    2.0347282370e+00    9.9906809407e-01
       136   -3.5865169948e+01    1.2870375755e+03   -4.7939502129e+01    1.2074332181e+01   -8.6508541845e+00    3.6288013750e+00   -6.4993498451e+00   -3.6418099474e+01    2.0261081271e+04    2.0332517110e+00    9.9890017696e-01
       137   -3.5845670440e+01    1.2855994462e+03   -4.7934407080e+01    1.2088736640e+01   -8.7037382264e+00    3.6994297235e+00   -6.5119991031e+00   -3.6418099474e+01    2.0194139565e+04    2.0298367790e+00    9.9891967778e-01
       138   -3.5867971961e+01    1.2871960235e+03   -4.7903254385e+01    1.2035282424e+01   -8.6616843748e+00    3.6833855924e+00   -6.5068561286e+00   -3.6418099474e+01    2.0281496803e+04    2.0325037970e+00    9.9905092935e-01
       139   -3.5864548438e+01    1.2869475910e+03   -4.7846854908e+01    1.1982306470e+01   -8.7088306566e+00    3.7856816460e+00   -6.5056064235e+00   -3.6418099474e+01    2.0388802397e+04    2.0427836350e+00    9.9901046629e-01
       140   -3.5872794176e+01    1.2875689631e+03   -4.7838923474e+01    1.1966129298e+01   -8.6486822653e+00    3.7229408364e+00   -6.4950825710e+00   -3.6418099474e+01    2.0391276693e+04    2.0811867220e+00    9.9897023488e-01
       141   -3.5902484159e+01    1.2896999446e+03   -4.7859279557e+01    1.1956795398e+01   -8.6427633252e+00    3.7127241583e+00   -6.5111409156e+00   -3.6418099474e+01    2.0521354807e+04    2.0703284300e+00    9.9900435854e-01
       142   -3.5901466166e+01    1.2895996175e+03   -4.7828940577e+01    1.1927474410e+01   -8.7139364844e+00    3.8158138658e+00   -6.5127184838e+00   -3.6418099474e+01    2.0633132190e+04    2.0809903180e+00    9.9892152586e-01
       143   -3.5891690036e+01    1.2889056352e+03   -4.7816453368e+01    1.1924763332e+01   -8.6933672259e+00    3.8010464657e+00   -6.5060331337e+00   -3.6418099474e+01    2.0451760269e+04    2.0598688230e+00    9.9896262662e-01
       144   -3.5897348151e+01    1.2892764463e+03   -4.7874077813e+01    1.1976729662e+01   -8.7257174707e+00    3.7800222832e+00   -6.5102831513e+00   -3.6418099474e+01    2.0545977873e+04    2.0626622870e+00    9.9901952603e-01
       145   -3.5911427652e+01    1.2902954149e+03   -4.7910077982e+01    1.1998650331e+01   -8.6526994742e+00    3.6619360089e+00   -6.5012150429e+00   -3.6418099474e+01    2.0790800106e+04    2.0789126560e+00    9.9897777564e-01
       146   -3.5894566913e+01    1.2890648106e+03   -4.7863267471e+01    1.1968700558e+01   -8.6496566123e+00    3.6883323067e+00   -6.4838436916e+00   -3.6418099474e+01    2.0954439284e+04    2.0929249080e+00    9.9897408980e-01
       147   -3.5883700489e+01    1.2883158206e+03   -4.7831977938e+01    1.1948277449e+01   -8.7187443974e+00    3.7916548304e+00   -6.4867888970e+00   -3.6418099474e+01    2.0869668385e+04    2.0865131420e+00    9.9898712000e-01
       148   -3.5890225502e+01    1.2887961547e+03   -4.7811624654e+01    1.1921399152e+01   -8.7061453418e+00    3.8102988122e+00   -6.4976786499e+00   -3.6418099474e+01    2.0715564173e+04    2.0841144740e+00    9.9895875713e-01
       149   -3.5891109578e+01    1.2888455777e+03   -4.7793277147e+01    1.1902167569e+01   -8.7542274194e+00    3.8462072288e+00   -6.4671574824e+00   -3.6418099474e+01    2.0806025861e+04    2.0923359610e+00    9.9899077278e-01
       150   -3.5883118730e+01    1.2883134251e+03   -4.7773555104e+01    1.1890436374e+01   -8.7387798881e+00    3.8570758982e+00   -6.4737516400e+00   -3.6418099474e+01    2.0748947437e+04    2.0897609730e+00    9.9893814021e-01
       151   -3.5872841249e+01    1.2875468582e+03   -4.7753487132e+01    1.1880645883e+01   -8.7129501972e+00    3.8419379425e+00   -6.4643754033e+00   -3.6418099474e+01    2.0679636399e+04    2.0904762350e+00    9.9898644915e-01
       152   -3.5884718952e+01    1.2883785992e+03   -4.7795412820e+01    1.1910693868e+01   -8.7199135467e+00    3.8017221011e+00   -6.4591219004e+00   -3.6418099474e+01    2.0529185383e+04    2.0766653000e+00    9.9899450282e-01
       153   -3.5893372170e+01    1.2889745912e+03   -4.7924802626e+01    1.2031430456e+01   -8.7558612121e+00    3.7144503618e+00   -6.4652923017e+00   -3.6418099474e+01    2.0446038367e+04    2.0537075360e+00    9.9901123627e-01
       154   -3.5890460841e+01    1.2888144774e+03   -4.7929802936e+01    1.2039342095e+01   -8.7373156559e+00    3.6978138426e+00   -6.4722016484e+00   -3.6418099474e+01    2.0466088048e+04    2.0554637210e+00    9.9902097658e-01
       155   -3.5899529801e+01    1.2894562772e+03   -4.7895691766e+01    1.1996161965e+01   -8.7064029176e+00    3.7175137631e+00   -6.4887031372e+00   -3.6418099474e+01    2.0624815988e+04    2.0834652320e+00    9.9903194076e-01
       156   -3.5903099785e+01    1.2897260887e+03   -4.7882830622e+01    1.1979730837e+01   -8.7451395075e+00    3.7749620140e+00   -6.4945536543e+00   -3.6418099474e+01    2.0704492061e+04    2.0958490160e+00    9.9903395643e-01
       157   -3.5912931819e+01    1.2904369657e+03   -4.7926371433e+01    1.2013439614e+01   -8.7307958431e+00    3.7253224005e+00   -6.5027985159e+00   -3.6418099474e+01    2.0911713570e+04    2.0969476990e+00    9.9898032384e-01
       158   -3.5891466028e+01    1.2888873141e+03   -4.7958434478e+01    1.2066968450e+01   -8.7586456003e+00    3.7131267668e+00   -6.4948161704e+00   -3.6418099474e+01    2.0995968184e+04    2.1048352860e+00    9.9896428571e-01
       159   -3.5923573130e+01    1.2911680074e+03   -4.7929058283e+01    1.2005485153e+01   -8.7514492280e+00    3.7686935586e+00   -6.5282031393e+00   -3.6418099474e+01    2.1004747533e+04    2.1101538180e+00    9.9895078020e-01
       160   -3.5909999924e+01    1.2902083917e+03   -4.7978594790e+01    1.2068594866e+01   -8.7757702064e+00    3.7028027835e+00   -6.4875278925e+00   -3.6418099474e+01    2.0920584002e+04    2.1012044860e+00    9.9899446872e-01
       161   -3.5904910828e+01    1.2898540299e+03   -4.7949227665e+01    1.2044316837e+01   -8.8499089619e+00    3.7754293773e+00   -6.4566486060e+00   -3.6418099474e+01    2.0878982494e+04    2.0934697390e+00    9.9898052041e-01
       162   -3.5893278100e+01    1.2890500686e+03   -4.7901840332e+01    1.2008562232e+01   -8.8712067382e+00    3.8737522442e+00   -6.4862863639e+00   -3.6418099474e+01    2.0850929646e+04    2.1111936400e+00    9.9900322667e-01
       163   -3.5896277872e+01    1.2892697123e+03   -4.7909727158e+01    1.2013449285e+01   -8.9326726742e+00    3.9028905837e+00   -6.4618455930e+00   -3.6418099474e+01    2.0781878063e+04    2.0877247880e+00    9.9895347159e-01
       164   -3.5909609016e+01    1.2902171174e+03   -4.7948454297e+01    1.2038845281e+01   -8.9263896592e+00    3.8501943916e+00   -6.4541595555e+00   -3.6418099474e+01    2.0718188349e+04    2.0919372790e+00    9.9893457093e-01
       165   -3.5911585267e+01    1.2903635268e+03   -4.7910983423e+01    1.1999398156e+01   -8.8790438923e+00    3.8469855615e+00   -6.4608256176e+00   -3.6418099474e+01    2.0720081569e+04    2.0841412340e+00    9.9893117454e-01
       166   -3.5892307315e+01    1.2889494059e+03   -4.7834344854e+01    1.1942037539e+01   -8.8504322725e+00    3.9026164502e+00   -6.4684295571e+00   -3.6418099474e+01    2.0676810846e+04    2.0912228250e+00    9.9894292485e-01
       167   -3.5901621364e+01    1.2896199053e+03   -4.7942594626e+01    1.2040973262e+01   -8.8347467486e+00    3.7985850733e+00   -6.4883334765e+00   -3.6418099474e+01    2.0701741994e+04    2.1037151670e+00    9.9904766505e-01
       168   -3.5883064019e+01    1.2882876134e+03   -4.7878816758e+01    1.1995752739e+01   -8.7654133928e+00    3.7944838079e+00   -6.4897876989e+00   -3.6418099474e+01    2.0653551337e+04    2.0925816610e+00    9.9892801815e-01
       169   -3.5883252512e+01    1.2882632326e+03   -4.7952733543e+01    1.2069481031e+01   -8.7604677350e+00    3.7124059529e+00   -6.4865722866e+00   -3.6418099474e+01    2.0589322443e+04    2.1065352900e+00    9.9889341390e-01
       170   -3.5876171795e+01    1.2877530262e+03   -4.7999544259e+01    1.2123372463e+01   -8.7976326835e+00    3.7003686594e+00   -6.4841807603e+00   -3.6418099474e+01    2.0581030188e+04    2.0956658000e+00    9.9895549942e-01
       171   -3.5881021426e+01    1.2881091276e+03   -4.7857104495e+01    1.1976083070e+01   -8.7906828921e+00    3.8157365944e+00   -6.4640587234e+00   -3.6418099474e+01    2.0569793272e+04    2.0827012410e+00    9.9892537707e-01
       172   -3.5883149927e+01    1.2882724511e+03   -4.7912479361e+01    1.2029329433e+01   -8.8094288243e+00    3.8069916502e+00   -6.4919427124e+00   -3.6418099474e+01    2.0549645664e+04    2.0830116440e+00    9.9900421947e-01
       173   -3.5885670698e+01    1.2884427168e+03   -4.7887915369e+01    1.2002244671e+01   -8.7574915618e+00    3.7766684515e+00   -6.4889927850e+00   -3.6418099474e+01    2.0618307308e+04    2.0855847800e+00    9.9896598310e-01
       174   -3.5893430185e+01    1.2889932070e+03   -4.7781433466e+01    1.1888003282e+01   -8.8160783209e+00    3.9444640172e+00   -6.4917196886e+00   -3.6418099474e+01    2.0678727930e+04    2.1021037370e+00    9.9896893329e-01
       175   -3.5883074307e+01    1.2882702086e+03   -4.7846392803e+01    1.1963318496e+01   -8.8042471964e+00    3.8654483463e+00   -6.4894944783e+00   -3.6418099474e+01    2.0588193030e+04    2.0828792290e+00    9.9897835288e-01
       176   -3.5880306870e+01    1.2880703947e+03   -4.7890638484e+01    1.2010331614e+01   -8.8120169026e+00    3.8319736044e+00   -6.4924957117e+00   -3.6418099474e+01    2.0529038874e+04    2.0728520210e+00    9.9898237508e-01
       177   -3.5891776222e+01    1.2889197919e+03   -4.7813063167e+01    1.1921286946e+01   -8.8456236273e+00    3.9454890404e+00   -6.4948291063e+00   -3.6418099474e+01    2.0398784915e+04    2.0559928300e+00    9.9900020311e-01
       178   -3.5896338437e+01    1.2892435587e+03   -4.7736708988e+01    1.1840370552e+01   -8.8385113556e+00    3.9925238477e+00   -6.4726220063e+00   -3.6418099474e+01    2.0375005926e+04    2.0395010550e+00    9.9896040784e-01
       179   -3.5914752921e+01    1.2905722798e+03   -4.7812515759e+01    1.1897762838e+01   -8.7908883338e+00    3.8809668381e+00   -6.4844947890e+00   -3.6418099474e+01    2.0506546703e+04    2.0603735680e+00    9.9894081822e-01
       180   -3.5913331424e+01    1.2905219668e+03   -4.7850335453e+01    1.1937004029e+01   -8.7971530063e+00    3.8774970525e+00   -6.5125800251e+00   -3.6418099474e+01    2.0680014112e+04    2.0878637070e+00    9.9899987563e-01
       181   -3.5884845462e+01    1.2884297030e+03   -4.7862918089e+01    1.1978072627e+01   -8.8139792633e+00    3.8770118082e+00   -6.5078511594e+00   -3.6418099474e+01    2.0540972247e+04    2.0843216160e+00    9.9897596562e-01
       182   -3.5849892329e+01    1.2858797943e+03   -4.7850202312e+01    1.2000309983e+01   -8.7997856296e+00    3.8945631104e+00   -6.5268803189e+00   -3.6418099474e+01    2.0293297384e+04    2.0291562760e+00    9.9894963158e-01
       183   -3.5872051881e+01    1.2874744160e+03   -4.7864740196e+01    1.1992688315e+01   -8.7430977509e+00    3.8136764288e+00   -6.5172194002e+00   -3.6418099474e+01    2.0269212661e+04    2.0307632210e+00    9.9901508211e-01
       184   -3.5882984957e+01    1.2882630007e+03   -4.7860915214e+01    1.1977930257e+01   -8.7273001088e+00    3.7987660576e+00   -6.5142816883e+00   -3.6418099474e+01    2.0081949027e+04    2.0248613800e+00    9.9908041806e-01
       185   -3.5869502885e+01    1.2872972036e+03   -4.7896247330e+01    1.2026744446e+01   -8.7255225219e+00    3.7583831292e+00   -6.5110084634e+00   -3.6418099474e+01    1.9995571019e+04    2.0239155700e+00    9.9905864617e-01
       186   -3.5868901377e+01    1.2872154586e+03   -4.7962652401e+01    1.2093751024e+01   -8.6788641697e+00    3.6178709071e+00   -6.4835596644e+00   -3.6418099474e+01    2.0032880683e+04    2.0167419270e+00    9.9901051175e-01
       187   -3.5862513216e+01    1.2867939344e+03   -4.7846640623e+01    1.1984127408e+01   -8.7266699265e+00    3.7841946427e+00   -6.4860658654e+00   -3.6418099474e+01    2.0147627713e+04    2.0273450380e+00    9.9893294953e-01
       188   -3.5883336926e+01    1.2883780234e+03   -4.7899641999e+01    1.2016305074e+01   -8.7351518234e+00    3.7232825464e+00   -6.4696732481e+00   -3.6418099474e+01    2.0156670067e+04    2.0287658370e+00    9.9898819860e-01
       189   -3.5874685335e+01    1.2877314568e+03   -4.7874326125e+01    1.1999640790e+01   -8.7533381800e+00    3.7598543569e+00   -6.4627428282e+00   -3.6418099474e+01    2.0031432910e+04    2.0286923210e+00    9.9900684687e-01
       190   -3.5856048714e+01    1.2863688836e+03   -4.7913594913e+01    1.2057546200e+01   -8.7782013118e+00    3.7554947099e+00   -6.4727888373e+00   -3.6418099474e+01    2.0012684662e+04    2.0332148410e+00    9.9896322574e-01
       191   -3.5882276860e+01    1.2882323732e+03   -4.7958957129e+01    1.2076680269e+01   -8.7854489301e+00    3.7275097802e+00   -6.4829185051e+00   -3.6418099474e+01    2.0002950228e+04    2.0361291680e+00    9.9898387777e-01
       192   -3.5877883230e+01    1.2879339692e+03   -4.8021978477e+01    1.2144095247e+01   -8.6987157519e+00    3.6035337232e+00   -6.5086969740e+00   -3.6418099474e+01    2.0056594638e+04    2.0268837490e+00    9.9899735001e-01
       193   -3.5903910721e+01    1.2898123679e+03   -4.8127568684e+01    1.2223657963e+01   -8.6861258608e+00    3.5086065837e+00   -6.5319499329e+00   -3.6418099474e+01    2.0067748629e+04    2.0325679100e+00    9.9894601909e-01
       194   -3.5905461463e+01    1.2899031439e+03   -4.8009107254e+01    1.2103645791e+01   -8.8436781360e+00    3.7648039018e+00   -6.5121335456e+00   -3.6418099474e+01    2.0123620995e+04    2.0376664030e+00    9.9897735988e-01
       195   -3.5915292498e+01    1.2905960744e+03   -4.7959169066e+01    1.2043876568e+01   -8.8445072613e+00    3.8175584397e+00   -6.5141207701e+00   -3.6418099474e+01    2.0344224639e+04    2.0383435740e+00    9.9897442382e-01
       196   -3.5921030941e+01    1.2909910533e+03   -4.8019925147e+01    1.2098894205e+01   -8.8503680936e+00    3.7438932820e+00   -6.4953508608e+00   -3.6418099474e+01    2.0501174885e+04    2.0668718440e+00    9.9896485382e-01
       197   -3.5900036606e+01    1.2894824569e+03   -4.7908518601e+01    1.2008481994e+01   -8.8509601272e+00    3.8486049239e+00   -6.4880639230e+00   -3.6418099474e+01    2.0671386187e+04    2.0891615520e+00    9.9896502868e-01
       198   -3.5875305021e+01    1.2877186031e+03   -4.7944499261e+01    1.2069194241e+01   -8.8141788494e+00    3.7595448377e+00   -6.4717657753e+00   -3.6418099474e+01    2.0746202417e+04    2.1266554200e+00    9.9904823864e-01
       199   -3.5879410460e+01    1.2880085488e+03   -4.7929817167e+01    1.2050406707e+01   -8.8058649833e+00    3.7791176367e+00   -6.4849703462e+00   -3.6418099474e+01    2.0689334652e+04    2.0849428810e+00    9.9894891992e-01
