#  Band    State   TwistIndex BandIndex Energy      Kx      Ky      Kz      K1      K2      K3    KmK 
       0        0        2        0    -0.227530  0.3409  0.1968  0.1962  0.4500  0.0000  0.4500      1
       1        1        2        1    -0.219410  0.3409  0.1968  0.1962  0.4500  0.0000  0.4500      1
       2        2        2        2    -0.199261  0.3409  0.1968  0.1962  0.4500  0.0000  0.4500      1
       3        3        2        3    -0.175626  0.3409  0.1968  0.1962  0.4500  0.0000  0.4500      1
       4        4        2        4    -0.156404  0.3409  0.1968  0.1962  0.4500  0.0000  0.4500      1
       5        5        2        5     0.033895  0.3409  0.1968  0.1962  0.4500  0.0000  0.4500      1
       6        6        2        6     0.049564  0.3409  0.1968  0.1962  0.4500  0.0000  0.4500      1
       7        7        2        7     0.070513  0.3409  0.1968  0.1962  0.4500  0.0000  0.4500      1
       8        8        2        8     0.087020  0.3409  0.1968  0.1962  0.4500  0.0000  0.4500      1
       9        9        2        9     0.121165  0.3409  0.1968  0.1962  0.4500  0.0000  0.4500      1
      10       10        2       10     0.129172  0.3409  0.1968  0.1962  0.4500  0.0000  0.4500      1
      11       11        2       11     0.152376  0.3409  0.1968  0.1962  0.4500  0.0000  0.4500      1
      12       12        2       12     0.157323  0.3409  0.1968  0.1962  0.4500  0.0000  0.4500      1
      13       13        2       13     0.176689  0.3409  0.1968  0.1962  0.4500  0.0000  0.4500      1
      14       14        2       14     0.246192  0.3409  0.1968  0.1962  0.4500  0.0000  0.4500      1
      15       15        2       15     0.267893  0.3409  0.1968  0.1962  0.4500  0.0000  0.4500      1
      16       16        2       16     0.283887  0.3409  0.1968  0.1962  0.4500  0.0000  0.4500      1
      17       17        2       17     0.310313  0.3409  0.1968  0.1962  0.4500  0.0000  0.4500      1
      18       18        2       18     0.319103  0.3409  0.1968  0.1962  0.4500  0.0000  0.4500      1
      19       19        2       19     0.342706  0.3409  0.1968  0.1962  0.4500  0.0000  0.4500      1
      20       20        2       20     0.396619  0.3409  0.1968  0.1962  0.4500  0.0000  0.4500      1
      21       21        2       21     0.419811  0.3409  0.1968  0.1962  0.4500  0.0000  0.4500      1
      22       22        2       22     0.467215  0.3409  0.1968  0.1962  0.4500  0.0000  0.4500      1
      23       23        2       23     0.527063  0.3409  0.1968  0.1962  0.4500  0.0000  0.4500      1
      24       24        2       24     0.549675  0.3409  0.1968  0.1962  0.4500  0.0000  0.4500      1
      25       25        2       25     0.555039  0.3409  0.1968  0.1962  0.4500  0.0000  0.4500      1
      26       26        2       26     0.561252  0.3409  0.1968  0.1962  0.4500  0.0000  0.4500      1
      27       27        2       27     0.574555  0.3409  0.1968  0.1962  0.4500  0.0000  0.4500      1
      28       28        2       28     0.606371  0.3409  0.1968  0.1962  0.4500  0.0000  0.4500      1
      29       29        2       29     0.606979  0.3409  0.1968  0.1962  0.4500  0.0000  0.4500      1
      30       30        2       30     0.624557  0.3409  0.1968  0.1962  0.4500  0.0000  0.4500      1
      31       31        2       31     0.637928  0.3409  0.1968  0.1962  0.4500  0.0000  0.4500      1
      32       32        2       32     0.649779  0.3409  0.1968  0.1962  0.4500  0.0000  0.4500      1
      33       33        2       33     0.659701  0.3409  0.1968  0.1962  0.4500  0.0000  0.4500      1
      34       34        2       34     0.666562  0.3409  0.1968  0.1962  0.4500  0.0000  0.4500      1
      35       35        2       35     0.667867  0.3409  0.1968  0.1962  0.4500  0.0000  0.4500      1
      36       36        2       36     0.672484  0.3409  0.1968  0.1962  0.4500  0.0000  0.4500      1
      37       37        2       37     0.702836  0.3409  0.1968  0.1962  0.4500  0.0000  0.4500      1
      38       38        2       38     0.704191  0.3409  0.1968  0.1962  0.4500  0.0000  0.4500      1
      39       39        2       39     0.729119  0.3409  0.1968  0.1962  0.4500  0.0000  0.4500      1
      40       40        2       40     0.731946  0.3409  0.1968  0.1962  0.4500  0.0000  0.4500      1
      41       41        2       41     0.747832  0.3409  0.1968  0.1962  0.4500  0.0000  0.4500      1
      42       42        2       42     0.756255  0.3409  0.1968  0.1962  0.4500  0.0000  0.4500      1
      43       43        2       43     0.769245  0.3409  0.1968  0.1962  0.4500  0.0000  0.4500      1
      44       44        2       44     0.787835  0.3409  0.1968  0.1962  0.4500  0.0000  0.4500      1
      45       45        2       45     0.796113  0.3409  0.1968  0.1962  0.4500  0.0000  0.4500      1
      46       46        2       46     0.800676  0.3409  0.1968  0.1962  0.4500  0.0000  0.4500      1
      47       47        2       47     0.807570  0.3409  0.1968  0.1962  0.4500  0.0000  0.4500      1
      48       48        2       48     0.816526  0.3409  0.1968  0.1962  0.4500  0.0000  0.4500      1
      49       49        2       49     0.825497  0.3409  0.1968  0.1962  0.4500  0.0000  0.4500      1
      50       50        2       50     0.835533  0.3409  0.1968  0.1962  0.4500  0.0000  0.4500      1
      51       51        2       51     0.865733  0.3409  0.1968  0.1962  0.4500  0.0000  0.4500      1
      52       52        2       52     0.899572  0.3409  0.1968  0.1962  0.4500  0.0000  0.4500      1
      53       53        2       53     0.902973  0.3409  0.1968  0.1962  0.4500  0.0000  0.4500      1
      54       54        2       54     0.904066  0.3409  0.1968  0.1962  0.4500  0.0000  0.4500      1
      55       55        2       55     0.919775  0.3409  0.1968  0.1962  0.4500  0.0000  0.4500      1
      56       56        2       56     0.930606  0.3409  0.1968  0.1962  0.4500  0.0000  0.4500      1
      57       57        2       57     0.941484  0.3409  0.1968  0.1962  0.4500  0.0000  0.4500      1
      58       58        2       58     0.951433  0.3409  0.1968  0.1962  0.4500  0.0000  0.4500      1
      59       59        2       59     0.957277  0.3409  0.1968  0.1962  0.4500  0.0000  0.4500      1
      60       60        2       60     0.977817  0.3409  0.1968  0.1962  0.4500  0.0000  0.4500      1
      61       61        2       61     0.980787  0.3409  0.1968  0.1962  0.4500  0.0000  0.4500      1
      62       62        2       62     1.020578  0.3409  0.1968  0.1962  0.4500  0.0000  0.4500      1
      63       63        2       63     1.025027  0.3409  0.1968  0.1962  0.4500  0.0000  0.4500      1
      64       64        2       64     1.038154  0.3409  0.1968  0.1962  0.4500  0.0000  0.4500      1
      65       65        2       65     1.046285  0.3409  0.1968  0.1962  0.4500  0.0000  0.4500      1
      66       66        2       66     1.064455  0.3409  0.1968  0.1962  0.4500  0.0000  0.4500      1
      67       67        2       67     1.081429  0.3409  0.1968  0.1962  0.4500  0.0000  0.4500      1
      68       68        2       68     1.083759  0.3409  0.1968  0.1962  0.4500  0.0000  0.4500      1
      69       69        2       69     1.088536  0.3409  0.1968  0.1962  0.4500  0.0000  0.4500      1
      70       70        2       70     1.097909  0.3409  0.1968  0.1962  0.4500  0.0000  0.4500      1
      71       71        2       71     1.098601  0.3409  0.1968  0.1962  0.4500  0.0000  0.4500      1
      72       72        2       72     1.105877  0.3409  0.1968  0.1962  0.4500  0.0000  0.4500      1
      73       73        2       73     1.113787  0.3409  0.1968  0.1962  0.4500  0.0000  0.4500      1
      74       74        2       74     1.128364  0.3409  0.1968  0.1962  0.4500  0.0000  0.4500      1
      75       75        2       75     1.130932  0.3409  0.1968  0.1962  0.4500  0.0000  0.4500      1
      76       76        2       76     1.144028  0.3409  0.1968  0.1962  0.4500  0.0000  0.4500      1
      77       77        2       77     1.169304  0.3409  0.1968  0.1962  0.4500  0.0000  0.4500      1
      78       78        2       78     1.180840  0.3409  0.1968  0.1962  0.4500  0.0000  0.4500      1
      79       79        2       79     1.192093  0.3409  0.1968  0.1962  0.4500  0.0000  0.4500      1
      80       80        2       80     1.204516  0.3409  0.1968  0.1962  0.4500  0.0000  0.4500      1
      81       81        2       81     1.212988  0.3409  0.1968  0.1962  0.4500  0.0000  0.4500      1
      82       82        2       82     1.216188  0.3409  0.1968  0.1962  0.4500  0.0000  0.4500      1
      83       83        2       83     1.232768  0.3409  0.1968  0.1962  0.4500  0.0000  0.4500      1
      84       84        2       84     1.236494  0.3409  0.1968  0.1962  0.4500  0.0000  0.4500      1
      85       85        2       85     1.246020  0.3409  0.1968  0.1962  0.4500  0.0000  0.4500      1
      86       86        2       86     1.254718  0.3409  0.1968  0.1962  0.4500  0.0000  0.4500      1
      87       87        2       87     1.264449  0.3409  0.1968  0.1962  0.4500  0.0000  0.4500      1
      88       88        2       88     1.270010  0.3409  0.1968  0.1962  0.4500  0.0000  0.4500      1
      89       89        2       89     1.281989  0.3409  0.1968  0.1962  0.4500  0.0000  0.4500      1
      90       90        2       90     1.285904  0.3409  0.1968  0.1962  0.4500  0.0000  0.4500      1
      91       91        2       91     1.298249  0.3409  0.1968  0.1962  0.4500  0.0000  0.4500      1
      92       92        2       92     1.318835  0.3409  0.1968  0.1962  0.4500  0.0000  0.4500      1
      93       93        2       93     1.321037  0.3409  0.1968  0.1962  0.4500  0.0000  0.4500      1
      94       94        2       94     1.324579  0.3409  0.1968  0.1962  0.4500  0.0000  0.4500      1
      95       95        2       95     1.327557  0.3409  0.1968  0.1962  0.4500  0.0000  0.4500      1
      96       96        2       96     1.368238  0.3409  0.1968  0.1962  0.4500  0.0000  0.4500      1
      97       97        2       97     1.370903  0.3409  0.1968  0.1962  0.4500  0.0000  0.4500      1
      98       98        2       98     1.378382  0.3409  0.1968  0.1962  0.4500  0.0000  0.4500      1
      99       99        2       99     1.380434  0.3409  0.1968  0.1962  0.4500  0.0000  0.4500      1
