#   index    LocalEnergy         LocalEnergy_sq      LocalPotential      Kinetic             LocalECP            NonLocalECP         ElecElec            IonIon              BlockWeight         BlockCPU            AcceptRatio         
         0   -3.6076840936e+01    1.3022627816e+03   -4.7830353289e+01    1.1753512353e+01   -8.6023349391e+00    3.6789971649e+00   -6.4889160409e+00   -3.6418099474e+01    2.0492384592e+04    5.5932764800e-01    9.9891342202e-01
         1   -3.6080522690e+01    1.3025184539e+03   -4.7831953869e+01    1.1751431179e+01   -8.5904770071e+00    3.6628665831e+00   -6.4862439711e+00   -3.6418099474e+01    2.0465185165e+04    5.2106027700e-01    9.9888747616e-01
         2   -3.6071386386e+01    1.3018550646e+03   -4.7700166909e+01    1.1628780523e+01   -8.5183404228e+00    3.7428814045e+00   -6.5066084166e+00   -3.6418099474e+01    2.0543706081e+04    5.4148779800e-01    9.9885415218e-01
         3   -3.6086348313e+01    1.3029455398e+03   -4.7740527998e+01    1.1654179685e+01   -8.5334860738e+00    3.7355523237e+00   -6.5244947732e+00   -3.6418099474e+01    2.0782674981e+04    5.7592567500e-01    9.9886411284e-01
         4   -3.6093793962e+01    1.3035220380e+03   -4.7800019898e+01    1.1706225936e+01   -8.5371076499e+00    3.6445750403e+00   -6.4893878146e+00   -3.6418099474e+01    2.0864001509e+04    5.4874463800e-01    9.9895929616e-01
         5   -3.6101234248e+01    1.3040221967e+03   -4.7808417615e+01    1.1707183367e+01   -8.5217258805e+00    3.6154608425e+00   -6.4840531029e+00   -3.6418099474e+01    2.0935292048e+04    5.5150354900e-01    9.9896628661e-01
         6   -3.6107134345e+01    1.3044320983e+03   -4.7749533032e+01    1.1642398687e+01   -8.5719705655e+00    3.7342161819e+00   -6.4936791740e+00   -3.6418099474e+01    2.1012395791e+04    5.3129529800e-01    9.9892588614e-01
         7   -3.6102855398e+01    1.3041493328e+03   -4.7785439696e+01    1.1682584298e+01   -8.5682207011e+00    3.7257014490e+00   -6.5248209694e+00   -3.6418099474e+01    2.1154255279e+04    5.3059447500e-01    9.9890961631e-01
         8   -3.6108776961e+01    1.3045635252e+03   -4.7824279896e+01    1.1715502934e+01   -8.5762208091e+00    3.6986614749e+00   -6.5286210874e+00   -3.6418099474e+01    2.1112578325e+04    5.7159909200e-01    9.9896828404e-01
         9   -3.6114382584e+01    1.3049643653e+03   -4.7773938226e+01    1.1659555642e+01   -8.6253659627e+00    3.8118627374e+00   -6.5423355261e+00   -3.6418099474e+01    2.1147997442e+04    5.3152545600e-01    9.9893453197e-01
        10   -3.6122388062e+01    1.3055839050e+03   -4.7791015096e+01    1.1668627035e+01   -8.6757783126e+00    3.8600775165e+00   -6.5572148259e+00   -3.6418099474e+01    2.1220287273e+04    5.2913759200e-01    9.9888093107e-01
        11   -3.6118414262e+01    1.3053127208e+03   -4.7780785152e+01    1.1662370889e+01   -8.7192170072e+00    3.9200184631e+00   -6.5634871334e+00   -3.6418099474e+01    2.1150544038e+04    5.7662372000e-01    9.9894312457e-01
        12   -3.6106304377e+01    1.3044250879e+03   -4.7658206536e+01    1.1551902159e+01   -8.7709347864e+00    4.0590835850e+00   -6.5282558605e+00   -3.6418099474e+01    2.1000397596e+04    5.6676817600e-01    9.9891012344e-01
        13   -3.6129463745e+01    1.3060776033e+03   -4.7836918553e+01    1.1707454807e+01   -8.7218083052e+00    3.8389023747e+00   -6.5359131479e+00   -3.6418099474e+01    2.1049560428e+04    5.4851585400e-01    9.9896844248e-01
        14   -3.6114606545e+01    1.3049863074e+03   -4.7946361461e+01    1.1831754916e+01   -8.7005535818e+00    3.7282657390e+00   -6.5559741441e+00   -3.6418099474e+01    2.1169293434e+04    5.3012246800e-01    9.9890870205e-01
        15   -3.6114832163e+01    1.3049812148e+03   -4.7914428417e+01    1.1799596254e+01   -8.7006666380e+00    3.7340555153e+00   -6.5297178203e+00   -3.6418099474e+01    2.1056599742e+04    5.5489103100e-01    9.9893676192e-01
        16   -3.6133627487e+01    1.3063557563e+03   -4.7952063744e+01    1.1818436258e+01   -8.6370041468e+00    3.6266263458e+00   -6.5235864690e+00   -3.6418099474e+01    2.1044858034e+04    5.5050343100e-01    9.9893086244e-01
        17   -3.6107204666e+01    1.3044160771e+03   -4.7921535339e+01    1.1814330673e+01   -8.6638649076e+00    3.6944270957e+00   -6.5339980528e+00   -3.6418099474e+01    2.1147702030e+04    5.5516166800e-01    9.9894481287e-01
        18   -3.6112304966e+01    1.3048189967e+03   -4.7950528286e+01    1.1838223320e+01   -8.6546184910e+00    3.6401641906e+00   -6.5179745116e+00   -3.6418099474e+01    2.0953529295e+04    5.8334405900e-01    9.9901333279e-01
        19   -3.6098602477e+01    1.3038844797e+03   -4.7897559671e+01    1.1798957195e+01   -8.6542916045e+00    3.6903414606e+00   -6.5155100534e+00   -3.6418099474e+01    2.0899988711e+04    5.5685859200e-01    9.9891521231e-01
        20   -3.6092875066e+01    1.3034177649e+03   -4.7779626958e+01    1.1686751892e+01   -8.7164269777e+00    3.8773663476e+00   -6.5224668537e+00   -3.6418099474e+01    2.0847835872e+04    5.8057283900e-01    9.9889200945e-01
        21   -3.6096088952e+01    1.3036711515e+03   -4.7831185491e+01    1.1735096539e+01   -8.6105270273e+00    3.6891439034e+00   -6.4917028926e+00   -3.6418099474e+01    2.0731014692e+04    5.4262379100e-01    9.9887703924e-01
        22   -3.6104370777e+01    1.3042559233e+03   -4.7867958293e+01    1.1763587517e+01   -8.6105867774e+00    3.6671359134e+00   -6.5064079550e+00   -3.6418099474e+01    2.0674853217e+04    5.2843926100e-01    9.9896537906e-01
        23   -3.6087208510e+01    1.3029997766e+03   -4.7798862572e+01    1.1711654062e+01   -8.6020971872e+00    3.7569720116e+00   -6.5356379227e+00   -3.6418099474e+01    2.0628565560e+04    5.4268679600e-01    9.9900303244e-01
        24   -3.6091347814e+01    1.3032965580e+03   -4.7806679531e+01    1.1715331717e+01   -8.5926634953e+00    3.7426865483e+00   -6.5386031102e+00   -3.6418099474e+01    2.0585768757e+04    5.2683769900e-01    9.9891417470e-01
        25   -3.6091131222e+01    1.3032669033e+03   -4.7732546823e+01    1.1641415601e+01   -8.5967698655e+00    3.8246388607e+00   -6.5423163445e+00   -3.6418099474e+01    2.0535801345e+04    5.0908328700e-01    9.9893582244e-01
        26   -3.6085656076e+01    1.3028521249e+03   -4.7889023095e+01    1.1803367018e+01   -8.5075063075e+00    3.5654988464e+00   -6.5289161593e+00   -3.6418099474e+01    2.0469086235e+04    4.8655163000e-01    9.9893239179e-01
        27   -3.6087471498e+01    1.3029973173e+03   -4.7806799787e+01    1.1719328289e+01   -8.5279416213e+00    3.6873071881e+00   -6.5480658794e+00   -3.6418099474e+01    2.0401523641e+04    4.7828805700e-01    9.9888327219e-01
        28   -3.6077048021e+01    1.3022821150e+03   -4.7733361302e+01    1.1656313281e+01   -8.5178441593e+00    3.7451648123e+00   -6.5425824810e+00   -3.6418099474e+01    2.0321515349e+04    4.7737834900e-01    9.9885608856e-01
        29   -3.6078376735e+01    1.3023953618e+03   -4.7828454115e+01    1.1750077381e+01   -8.4898128057e+00    3.6146468092e+00   -6.5351886448e+00   -3.6418099474e+01    2.0211403748e+04    4.7584916200e-01    9.9900175267e-01
        30   -3.6086028880e+01    1.3029809937e+03   -4.7757713136e+01    1.1671684255e+01   -8.4481569709e+00    3.6432600015e+00   -6.5347166921e+00   -3.6418099474e+01    2.0074200015e+04    5.2896300800e-01    9.9895203934e-01
        31   -3.6079139544e+01    1.3024433557e+03   -4.7741908767e+01    1.1662769223e+01   -8.3498560915e+00    3.5763509724e+00   -6.5503041739e+00   -3.6418099474e+01    2.0267872158e+04    4.8054675100e-01    9.9892874762e-01
        32   -3.6070016429e+01    1.3017631745e+03   -4.7734224527e+01    1.1664208098e+01   -8.3574511865e+00    3.6015453446e+00   -6.5602192106e+00   -3.6418099474e+01    2.0139120424e+04    5.1644218300e-01    9.9897158744e-01
        33   -3.6074963688e+01    1.3021666305e+03   -4.7752620048e+01    1.1677656360e+01   -8.3063486384e+00    3.5187019578e+00   -6.5468738930e+00   -3.6418099474e+01    2.0271590663e+04    4.7817649100e-01    9.9896419059e-01
        34   -3.6085117517e+01    1.3028599845e+03   -4.7787528567e+01    1.1702411050e+01   -8.3218534869e+00    3.5188121185e+00   -6.5663877246e+00   -3.6418099474e+01    2.0294661093e+04    5.0430968400e-01    9.9895299566e-01
        35   -3.6105751711e+01    1.3043193753e+03   -4.7800805395e+01    1.1695053684e+01   -8.3941397349e+00    3.5993344746e+00   -6.5879006605e+00   -3.6418099474e+01    2.0420053650e+04    4.7865026200e-01    9.9887704127e-01
        36   -3.6092687190e+01    1.3033628564e+03   -4.7698236902e+01    1.1605549711e+01   -8.4050727693e+00    3.6973483607e+00   -6.5724130189e+00   -3.6418099474e+01    2.0454457468e+04    5.1572083700e-01    9.9890526242e-01
        37   -3.6084616976e+01    1.3027712042e+03   -4.7770509781e+01    1.1685892806e+01   -8.3353162374e+00    3.5577865713e+00   -6.5748806411e+00   -3.6418099474e+01    2.0465394341e+04    5.3606829500e-01    9.9896528379e-01
        38   -3.6083781072e+01    1.3027303931e+03   -4.7770520866e+01    1.1686739794e+01   -8.3665544282e+00    3.5942319686e+00   -6.5800989323e+00   -3.6418099474e+01    2.0477096955e+04    5.2411154600e-01    9.9893101283e-01
        39   -3.6115583364e+01    1.3050576800e+03   -4.7701917967e+01    1.1586334603e+01   -8.4353343246e+00    3.7169258900e+00   -6.5654100586e+00   -3.6418099474e+01    2.0552743267e+04    5.6163832300e-01    9.9886861314e-01
        40   -3.6118265347e+01    1.3052724711e+03   -4.7734409528e+01    1.1616144181e+01   -8.4074403537e+00    3.6510113953e+00   -6.5598810955e+00   -3.6418099474e+01    2.0600141869e+04    5.3816901500e-01    9.9886252506e-01
        41   -3.6128555245e+01    1.3060303418e+03   -4.7774917014e+01    1.1646361769e+01   -8.4454337463e+00    3.6336512521e+00   -6.5450350457e+00   -3.6418099474e+01    2.0669667951e+04    5.6872959200e-01    9.9888527877e-01
        42   -3.6120810249e+01    1.3055253343e+03   -4.7750863292e+01    1.1630053043e+01   -8.4593698461e+00    3.6717140440e+00   -6.5451080154e+00   -3.6418099474e+01    2.0752447390e+04    5.5985300700e-01    9.9892776252e-01
        43   -3.6085751337e+01    1.3028979961e+03   -4.7653602728e+01    1.1567851391e+01   -8.4227118717e+00    3.7625419659e+00   -6.5753333481e+00   -3.6418099474e+01    2.0675111006e+04    5.2825078500e-01    9.9893098922e-01
        44   -3.6106221764e+01    1.3043811953e+03   -4.7606297096e+01    1.1500075333e+01   -8.4213153253e+00    3.8242038426e+00   -6.5910861393e+00   -3.6418099474e+01    2.0546434927e+04    5.1568281100e-01    9.9889272851e-01
        45   -3.6093167279e+01    1.3034264134e+03   -4.7599778457e+01    1.1506611178e+01   -8.4601402406e+00    3.8495997251e+00   -6.5711384674e+00   -3.6418099474e+01    2.0356066871e+04    4.7743174400e-01    9.9887712994e-01
        46   -3.6094866568e+01    1.3035228471e+03   -4.7677105661e+01    1.1582239093e+01   -8.4679158410e+00    3.7995451333e+00   -6.5906354793e+00   -3.6418099474e+01    2.0301862185e+04    5.0317707600e-01    9.9900427143e-01
        47   -3.6101393396e+01    1.3039386677e+03   -4.7701029206e+01    1.1599635811e+01   -8.4762403683e+00    3.7585911782e+00   -6.5652805420e+00   -3.6418099474e+01    2.0337851758e+04    5.1092831800e-01    9.9883036417e-01
        48   -3.6108323603e+01    1.3044940507e+03   -4.7765510333e+01    1.1657186731e+01   -8.4428621285e+00    3.6571707590e+00   -6.5617194894e+00   -3.6418099474e+01    2.0479903455e+04    4.8891377600e-01    9.9886812328e-01
        49   -3.6084336782e+01    1.3027699886e+03   -4.7787222905e+01    1.1702886123e+01   -8.4627929743e+00    3.6560860675e+00   -6.5624165240e+00   -3.6418099474e+01    2.0576011144e+04    5.5221227400e-01    9.9893620714e-01
        50   -3.6083908606e+01    1.3027435412e+03   -4.7761067771e+01    1.1677159164e+01   -8.4435991554e+00    3.6885914323e+00   -6.5879605735e+00   -3.6418099474e+01    2.0483881389e+04    5.4819476800e-01    9.9893835115e-01
        51   -3.6072460697e+01    1.3019231370e+03   -4.7692913971e+01    1.1620453274e+01   -8.4192374771e+00    3.7383382968e+00   -6.5939153162e+00   -3.6418099474e+01    2.0333961931e+04    5.0639036000e-01    9.9891652501e-01
        52   -3.6084606569e+01    1.3027896400e+03   -4.7697882108e+01    1.1613275539e+01   -8.4580875985e+00    3.7556684206e+00   -6.5773634558e+00   -3.6418099474e+01    2.0263466311e+04    4.9370238800e-01    9.9887379448e-01
        53   -3.6076032135e+01    1.3021424315e+03   -4.7758658608e+01    1.1682626473e+01   -8.3874258281e+00    3.6185081151e+00   -6.5716414212e+00   -3.6418099474e+01    2.0239860745e+04    4.8840056900e-01    9.9894314509e-01
        54   -3.6098352053e+01    1.3038372434e+03   -4.7643934438e+01    1.1545582385e+01   -8.4007277163e+00    3.7510257188e+00   -6.5761329663e+00   -3.6418099474e+01    2.0232432301e+04    4.8120497300e-01    9.9894251818e-01
        55   -3.6078784003e+01    1.3023801950e+03   -4.7700115224e+01    1.1621331221e+01   -8.3925470447e+00    3.7107217154e+00   -6.6001904209e+00   -3.6418099474e+01    2.0336543586e+04    4.7942769100e-01    9.9889375092e-01
        56   -3.6083627973e+01    1.3027252894e+03   -4.7704706600e+01    1.1621078627e+01   -8.3296889947e+00    3.6324000767e+00   -6.5893182078e+00   -3.6418099474e+01    2.0339392017e+04    5.3641252600e-01    9.9896935816e-01
        57   -3.6089078044e+01    1.3031431284e+03   -4.7617429417e+01    1.1528351373e+01   -8.3481722657e+00    3.7164824734e+00   -6.5676401505e+00   -3.6418099474e+01    2.0253807951e+04    5.2485359100e-01    9.9882380741e-01
        58   -3.6085720085e+01    1.3028749462e+03   -4.7627999811e+01    1.1542279726e+01   -8.3306616375e+00    3.6921039760e+00   -6.5713426755e+00   -3.6418099474e+01    2.0181636597e+04    4.9486988200e-01    9.9891340511e-01
        59   -3.6084662780e+01    1.3028058117e+03   -4.7648060956e+01    1.1563398175e+01   -8.3019637468e+00    3.6585802475e+00   -6.5865779820e+00   -3.6418099474e+01    2.0223057131e+04    6.7191601600e-01    9.9885914906e-01
        60   -3.6100071663e+01    1.3038799680e+03   -4.7629146778e+01    1.1529075115e+01   -8.3438820208e+00    3.7018070837e+00   -6.5689723664e+00   -3.6418099474e+01    2.0097529200e+04    5.4811660700e-01    9.9897974419e-01
        61   -3.6093888253e+01    1.3034865900e+03   -4.7504040639e+01    1.1410152386e+01   -8.4583235890e+00    3.9376601310e+00   -6.5652777072e+00   -3.6418099474e+01    1.9947473631e+04    4.7037726100e-01    9.9889327440e-01
        62   -3.6090260085e+01    1.3032268396e+03   -4.7689073115e+01    1.1598813029e+01   -8.3851145752e+00    3.6786177385e+00   -6.5644768037e+00   -3.6418099474e+01    1.9842018106e+04    4.9357929300e-01    9.9892696908e-01
        63   -3.6086807602e+01    1.3029787210e+03   -4.7689623317e+01    1.1602815714e+01   -8.3777312009e+00    3.6603020628e+00   -6.5540947045e+00   -3.6418099474e+01    1.9862315613e+04    4.7348241900e-01    9.9890832050e-01
        64   -3.6099611000e+01    1.3039279568e+03   -4.7669085604e+01    1.1569474604e+01   -8.4123179080e+00    3.7333542898e+00   -6.5720225115e+00   -3.6418099474e+01    1.9957772047e+04    4.8289220100e-01    9.9888303357e-01
        65   -3.6096915456e+01    1.3037516856e+03   -4.7671714151e+01    1.1574798695e+01   -8.4078819373e+00    3.7157877965e+00   -6.5615205356e+00   -3.6418099474e+01    2.0095258084e+04    5.0309870600e-01    9.9897964263e-01
        66   -3.6076479843e+01    1.3022142505e+03   -4.7663907699e+01    1.1587427855e+01   -8.4459751276e+00    3.7614010550e+00   -6.5612341521e+00   -3.6418099474e+01    2.0261073852e+04    5.1965257300e-01    9.9891603979e-01
        67   -3.6061481974e+01    1.3010961784e+03   -4.7603926770e+01    1.1542444797e+01   -8.3555441770e+00    3.7322447968e+00   -6.5625279160e+00   -3.6418099474e+01    2.0156664460e+04    5.2062777300e-01    9.9893884637e-01
        68   -3.6084025247e+01    1.3027552620e+03   -4.7673261806e+01    1.1589236559e+01   -8.3499898885e+00    3.6587635645e+00   -6.5639360082e+00   -3.6418099474e+01    2.0125741101e+04    4.7596300300e-01    9.9891038154e-01
        69   -3.6081909547e+01    1.3026270246e+03   -4.7628582901e+01    1.1546673355e+01   -8.3649776123e+00    3.7055585029e+00   -6.5510643178e+00   -3.6418099474e+01    2.0165690116e+04    5.2244306800e-01    9.9893025398e-01
        70   -3.6090698164e+01    1.3032986742e+03   -4.7665069386e+01    1.1574371222e+01   -8.3826431927e+00    3.6812396735e+00   -6.5455663931e+00   -3.6418099474e+01    2.0146178391e+04    5.1141464200e-01    9.9890786338e-01
        71   -3.6094126225e+01    1.3035371971e+03   -4.7611368861e+01    1.1517242636e+01   -8.4485154869e+00    3.7944304217e+00   -6.5391843217e+00   -3.6418099474e+01    2.0215560884e+04    4.9311276300e-01    9.9895576397e-01
        72   -3.6085808944e+01    1.3029009793e+03   -4.7656341942e+01    1.1570532998e+01   -8.3774671739e+00    3.6918504584e+00   -6.5526257525e+00   -3.6418099474e+01    2.0351634323e+04    5.1536295200e-01    9.9888919306e-01
        73   -3.6092271829e+01    1.3033864572e+03   -4.7730730013e+01    1.1638458183e+01   -8.4389526008e+00    3.6873217421e+00   -6.5609996800e+00   -3.6418099474e+01    2.0367491620e+04    4.8650105400e-01    9.9894612433e-01
        74   -3.6108006950e+01    1.3045346008e+03   -4.7791573959e+01    1.1683567009e+01   -8.4767601770e+00    3.6583195272e+00   -6.5550338355e+00   -3.6418099474e+01    2.0399147150e+04    4.8105307400e-01    9.9894412070e-01
        75   -3.6113341023e+01    1.3048765921e+03   -4.7754715470e+01    1.1641374447e+01   -8.5353817127e+00    3.7364271602e+00   -6.5376614434e+00   -3.6418099474e+01    2.0384824362e+04    5.0756003500e-01    9.9891350063e-01
        76   -3.6107192962e+01    1.3044666665e+03   -4.7693132246e+01    1.1585939284e+01   -8.5555626070e+00    3.8083601646e+00   -6.5278303292e+00   -3.6418099474e+01    2.0442964439e+04    5.2325290100e-01    9.9889572267e-01
        77   -3.6111733230e+01    1.3047459705e+03   -4.7777020124e+01    1.1665286894e+01   -8.6275595470e+00    3.8012631187e+00   -6.5326242219e+00   -3.6418099474e+01    2.0443311831e+04    4.8487854600e-01    9.9886776628e-01
        78   -3.6108293408e+01    1.3045203381e+03   -4.7736631287e+01    1.1628337879e+01   -8.6004229143e+00    3.8287059542e+00   -6.5468148524e+00   -3.6418099474e+01    2.0582302211e+04    5.6116118100e-01    9.9887199778e-01
        79   -3.6081720214e+01    1.3025805732e+03   -4.7911082873e+01    1.1829362659e+01   -8.5999437751e+00    3.6754745556e+00   -6.5685141793e+00   -3.6418099474e+01    2.0723650447e+04    5.4599866300e-01    9.9888182877e-01
        80   -3.6099090994e+01    1.3038370808e+03   -4.7896983467e+01    1.1797892473e+01   -8.6015833170e+00    3.6826522978e+00   -6.5599529736e+00   -3.6418099474e+01    2.0679460246e+04    5.5420401100e-01    9.9900011743e-01
        81   -3.6100170834e+01    1.3039078235e+03   -4.7749512089e+01    1.1649341254e+01   -8.6461387045e+00    3.8605092607e+00   -6.5457831708e+00   -3.6418099474e+01    2.0663146743e+04    5.5080900500e-01    9.9886621315e-01
        82   -3.6083691375e+01    1.3027420131e+03   -4.7846723734e+01    1.1763032358e+01   -8.6600419398e+00    3.7733129016e+00   -6.5418952214e+00   -3.6418099474e+01    2.0627850250e+04    5.2816438900e-01    9.9893542624e-01
        83   -3.6089026719e+01    1.3031569126e+03   -4.7822985294e+01    1.1733958575e+01   -8.5762358263e+00    3.6975138989e+00   -6.5261638927e+00   -3.6418099474e+01    2.0441913804e+04    4.9170301000e-01    9.9882425699e-01
        84   -3.6070000634e+01    1.3017650530e+03   -4.7757338417e+01    1.1687337783e+01   -8.5238140145e+00    3.6805872297e+00   -6.4960121585e+00   -3.6418099474e+01    2.0336165646e+04    4.7895898900e-01    9.9891311982e-01
        85   -3.6061862442e+01    1.3011562604e+03   -4.7740798391e+01    1.1678935949e+01   -8.5132742276e+00    3.6728715122e+00   -6.4822962014e+00   -3.6418099474e+01    2.0303073410e+04    4.8032610200e-01    9.9882699288e-01
        86   -3.6061923067e+01    1.3011450567e+03   -4.7811319617e+01    1.1749396551e+01   -8.4494728179e+00    3.5485642067e+00   -6.4923115320e+00   -3.6418099474e+01    2.0234892069e+04    4.7765228500e-01    9.9886358022e-01
        87   -3.6055934904e+01    1.3007190403e+03   -4.7944247245e+01    1.1888312340e+01   -8.3894939223e+00    3.3793702868e+00   -6.5160241351e+00   -3.6418099474e+01    2.0149287484e+04    4.7295158900e-01    9.9891194942e-01
        88   -3.6078202045e+01    1.3023858196e+03   -4.7888277192e+01    1.1810075146e+01   -8.4113524146e+00    3.4499724975e+00   -6.5087978005e+00   -3.6418099474e+01    2.0278796543e+04    4.8863433400e-01    9.9889405466e-01
        89   -3.6081983215e+01    1.3026513900e+03   -4.7836017320e+01    1.1754034104e+01   -8.4955457949e+00    3.5826440707e+00   -6.5050161212e+00   -3.6418099474e+01    2.0440462708e+04    5.2828113000e-01    9.9888540262e-01
        90   -3.6111355190e+01    1.3048425951e+03   -4.7722914938e+01    1.1611559748e+01   -8.5783719810e+00    3.7600214880e+00   -6.4864649708e+00   -3.6418099474e+01    2.0465343899e+04    4.9170032200e-01    9.9886374743e-01
        91   -3.6116881682e+01    1.3051784858e+03   -4.7796778502e+01    1.1679896819e+01   -8.5997995458e+00    3.7287136693e+00   -6.5075931508e+00   -3.6418099474e+01    2.0400519983e+04    5.1178167100e-01    9.9892130424e-01
        92   -3.6132300185e+01    1.3063415785e+03   -4.7877425135e+01    1.1745124951e+01   -8.5755508561e+00    3.6703422377e+00   -6.5541170427e+00   -3.6418099474e+01    2.0429131763e+04    5.1521166900e-01    9.9891743094e-01
        93   -3.6121170437e+01    1.3055673016e+03   -4.7718176169e+01    1.1597005731e+01   -8.5800393248e+00    3.8385896493e+00   -6.5586270188e+00   -3.6418099474e+01    2.0431933208e+04    5.0885367600e-01    9.9888097803e-01
        94   -3.6120929172e+01    1.3054860321e+03   -4.7769387160e+01    1.1648457988e+01   -8.5981510635e+00    3.7653918822e+00   -6.5185285047e+00   -3.6418099474e+01    2.0470240240e+04    4.9552730900e-01    9.9887089456e-01
        95   -3.6113436647e+01    1.3049504850e+03   -4.7661108176e+01    1.1547671530e+01   -8.6179690082e+00    3.8828995589e+00   -6.5079392527e+00   -3.6418099474e+01    2.0503442383e+04    5.4264024700e-01    9.9886236934e-01
        96   -3.6102601128e+01    1.3042143932e+03   -4.7686643350e+01    1.1584042222e+01   -8.6751951459e+00    3.9073668700e+00   -6.5007155997e+00   -3.6418099474e+01    2.0336632526e+04    5.1503916100e-01    9.9892509379e-01
        97   -3.6103026390e+01    1.3042131027e+03   -4.7723595599e+01    1.1620569208e+01   -8.7352609097e+00    3.9085866606e+00   -6.4788218753e+00   -3.6418099474e+01    2.0309996430e+04    5.1791352200e-01    9.9888321409e-01
        98   -3.6086912820e+01    1.3029850982e+03   -4.7752663519e+01    1.1665750699e+01   -8.7172449052e+00    3.8700360806e+00   -6.4873552203e+00   -3.6418099474e+01    2.0301287447e+04    4.9958415200e-01    9.9883714384e-01
        99   -3.6089054523e+01    1.3031541022e+03   -4.7765958902e+01    1.1676904379e+01   -8.6174044816e+00    3.7862846068e+00   -6.5167395527e+00   -3.6418099474e+01    2.0236117893e+04    4.9424801200e-01    9.9889689011e-01
       100   -3.6095611076e+01    1.3036089576e+03   -4.7853165272e+01    1.1757554195e+01   -8.5496443300e+00    3.6328658560e+00   -6.5182873235e+00   -3.6418099474e+01    2.0426629745e+04    4.9605258600e-01    9.9892468982e-01
       101   -3.6108925620e+01    1.3046176235e+03   -4.7815793081e+01    1.1706867461e+01   -8.5665829492e+00    3.7050147412e+00   -6.5361253989e+00   -3.6418099474e+01    2.0494448622e+04    5.0195209300e-01    9.9889155350e-01
       102   -3.6106171017e+01    1.3043919526e+03   -4.7786348113e+01    1.1680177097e+01   -8.5947679901e+00    3.7664452094e+00   -6.5399258584e+00   -3.6418099474e+01    2.0499056095e+04    4.9023962800e-01    9.9893712669e-01
       103   -3.6093322689e+01    1.3034318310e+03   -4.7779832354e+01    1.1686509665e+01   -8.5788592455e+00    3.7715500718e+00   -6.5544237063e+00   -3.6418099474e+01    2.0481776772e+04    4.8447455700e-01    9.9897819688e-01
       104   -3.6097788824e+01    1.3037403213e+03   -4.7715363797e+01    1.1617574974e+01   -8.5418498164e+00    3.8182164538e+00   -6.5736309606e+00   -3.6418099474e+01    2.0488384615e+04    4.7978052200e-01    9.9894711887e-01
       105   -3.6094902417e+01    1.3035487673e+03   -4.7652194877e+01    1.1557292460e+01   -8.5224540569e+00    3.8401432519e+00   -6.5517845980e+00   -3.6418099474e+01    2.0389629674e+04    4.7900495400e-01    9.9892624174e-01
       106   -3.6074064640e+01    1.3020837008e+03   -4.7745244117e+01    1.1671179477e+01   -8.5038134918e+00    3.7369093188e+00   -6.5602404700e+00   -3.6418099474e+01    2.0300518936e+04    4.7546495700e-01    9.9888123500e-01
       107   -3.6083383321e+01    1.3027573119e+03   -4.7727571258e+01    1.1644187937e+01   -8.4463392214e+00    3.6792478232e+00   -6.5423803857e+00   -3.6418099474e+01    2.0139740459e+04    4.7271447400e-01    9.9886680428e-01
       108   -3.6068799718e+01    1.3017069326e+03   -4.7680422445e+01    1.1611622727e+01   -8.5035322362e+00    3.7763936679e+00   -6.5351844027e+00   -3.6418099474e+01    2.0173822212e+04    4.8353899800e-01    9.9892729693e-01
       109   -3.6069746315e+01    1.3017842424e+03   -4.7741763110e+01    1.1672016795e+01   -8.3868357245e+00    3.6265263589e+00   -6.5633542701e+00   -3.6418099474e+01    2.0267434373e+04    4.9744757000e-01    9.9898512933e-01
       110   -3.6065707282e+01    1.3014731079e+03   -4.7833938286e+01    1.1768231005e+01   -8.3801027852e+00    3.5124780663e+00   -6.5482140934e+00   -3.6418099474e+01    2.0353363105e+04    4.8684060500e-01    9.9900179642e-01
       111   -3.6074035070e+01    1.3020844477e+03   -4.7783582810e+01    1.1709547740e+01   -8.4027199479e+00    3.6177304424e+00   -6.5804938306e+00   -3.6418099474e+01    2.0370125216e+04    5.2505970400e-01    9.9895344679e-01
       112   -3.6049002085e+01    1.3002390515e+03   -4.7767904646e+01    1.1718902561e+01   -8.4282386444e+00    3.6547286156e+00   -6.5762951431e+00   -3.6418099474e+01    2.0332254760e+04    5.0927843600e-01    9.9890434050e-01
       113   -3.6080671465e+01    1.3025843054e+03   -4.7741118706e+01    1.1660447241e+01   -8.4377383669e+00    3.6690368512e+00   -6.5543177161e+00   -3.6418099474e+01    2.0254399594e+04    4.7730068300e-01    9.9897379836e-01
       114   -3.6072652082e+01    1.3019710634e+03   -4.7798110844e+01    1.1725458762e+01   -8.4477085450e+00    3.6402041458e+00   -6.5725069710e+00   -3.6418099474e+01    2.0180832287e+04    4.8402433800e-01    9.9895239039e-01
       115   -3.6063864487e+01    1.3013214985e+03   -4.7777003729e+01    1.1713139242e+01   -8.4315918870e+00    3.6252799730e+00   -6.5525923403e+00   -3.6418099474e+01    2.0198805956e+04    5.1839274400e-01    9.9896226682e-01
       116   -3.6067574995e+01    1.3016206304e+03   -4.7780441559e+01    1.1712866565e+01   -8.3587684138e+00    3.5677020019e+00   -6.5712756732e+00   -3.6418099474e+01    2.0235101470e+04    5.4261121600e-01    9.9893940677e-01
       117   -3.6086664793e+01    1.3030057413e+03   -4.7570870774e+01    1.1484205981e+01   -8.4036352838e+00    3.8192403812e+00   -6.5683763968e+00   -3.6418099474e+01    2.0034794670e+04    4.7475699200e-01    9.9895346018e-01
       118   -3.6071206085e+01    1.3019993901e+03   -4.7524706971e+01    1.1453500886e+01   -8.4772660970e+00    3.9220610728e+00   -6.5514024724e+00   -3.6418099474e+01    2.0057206542e+04    5.0037255200e-01    9.9892994238e-01
       119   -3.6085075840e+01    1.3028688854e+03   -4.7612602971e+01    1.1527527132e+01   -8.4060317806e+00    3.7373939405e+00   -6.5258656569e+00   -3.6418099474e+01    2.0132080762e+04    4.9527447000e-01    9.9898339366e-01
       120   -3.6072923722e+01    1.3019441017e+03   -4.7669506471e+01    1.1596582750e+01   -8.3139411222e+00    3.6103020302e+00   -6.5477679051e+00   -3.6418099474e+01    2.0051131350e+04    4.8395386300e-01    9.9892417193e-01
       121   -3.6083708576e+01    1.3028226803e+03   -4.7736239638e+01    1.1652531062e+01   -8.2955195224e+00    3.5062942156e+00   -6.5289148571e+00   -3.6418099474e+01    2.0044697886e+04    5.0279894200e-01    9.9891661499e-01
       122   -3.6081575159e+01    1.3025647688e+03   -4.7599854154e+01    1.1518278994e+01   -8.3642397332e+00    3.7118800619e+00   -6.5293950082e+00   -3.6418099474e+01    2.0060026535e+04    4.7851702000e-01    9.9888537527e-01
       123   -3.6106388352e+01    1.3043704040e+03   -4.7691929010e+01    1.1585540658e+01   -8.3781002679e+00    3.6183738536e+00   -6.5141031211e+00   -3.6418099474e+01    2.0068527707e+04    4.7287699100e-01    9.9887847672e-01
       124   -3.6102886977e+01    1.3041369585e+03   -4.7557008519e+01    1.1454121542e+01   -8.4563622122e+00    3.8163012349e+00   -6.4988480674e+00   -3.6418099474e+01    2.0292710577e+04    4.7778463200e-01    9.9896842609e-01
       125   -3.6090374978e+01    1.3032363689e+03   -4.7713495074e+01    1.1623120096e+01   -8.4736552977e+00    3.6949032079e+00   -6.5166435099e+00   -3.6418099474e+01    2.0444835597e+04    4.8104613200e-01    9.9897984139e-01
       126   -3.6109350303e+01    1.3047056332e+03   -4.7717454627e+01    1.1608104324e+01   -8.4935330649e+00    3.6832704384e+00   -6.4890925265e+00   -3.6418099474e+01    2.0526489264e+04    5.0068774100e-01    9.9890203584e-01
       127   -3.6116801658e+01    1.3051968214e+03   -4.7710746758e+01    1.1593945100e+01   -8.4608484560e+00    3.6836567025e+00   -6.5154555306e+00   -3.6418099474e+01    2.0502178526e+04    5.0019149200e-01    9.9895460184e-01
       128   -3.6104687208e+01    1.3043597640e+03   -4.7631969507e+01    1.1527282299e+01   -8.4870210640e+00    3.7999719525e+00   -6.5268209215e+00   -3.6418099474e+01    2.0479429387e+04    4.7982750400e-01    9.9885411507e-01
       129   -3.6107954383e+01    1.3045955853e+03   -4.7633094826e+01    1.1525140443e+01   -8.5024287369e+00    3.8168917551e+00   -6.5294583701e+00   -3.6418099474e+01    2.0613952630e+04    5.7271944200e-01    9.9895177107e-01
       130   -3.6109963834e+01    1.3047298541e+03   -4.7669175685e+01    1.1559211851e+01   -8.4843901729e+00    3.7400514395e+00   -6.5067374776e+00   -3.6418099474e+01    2.0606709513e+04    5.4747087600e-01    9.9888203279e-01
       131   -3.6139073977e+01    1.3068761741e+03   -4.7702201634e+01    1.1563127657e+01   -8.5204452348e+00    3.7411136985e+00   -6.5047706239e+00   -3.6418099474e+01    2.0788330415e+04    5.5518248000e-01    9.9893456878e-01
       132   -3.6101308390e+01    1.3040468766e+03   -4.7725049796e+01    1.1623741406e+01   -8.5470119179e+00    3.7655586222e+00   -6.5254970263e+00   -3.6418099474e+01    2.0728060074e+04    5.3625090200e-01    9.9892834745e-01
       133   -3.6100174994e+01    1.3039643088e+03   -4.7711020397e+01    1.1610845403e+01   -8.5588547429e+00    3.7784589440e+00   -6.5125251240e+00   -3.6418099474e+01    2.0581306240e+04    5.5337940500e-01    9.9893452352e-01
       134   -3.6108935233e+01    1.3045705278e+03   -4.7676544201e+01    1.1567608968e+01   -8.5773375992e+00    3.8404327347e+00   -6.5215398622e+00   -3.6418099474e+01    2.0648659885e+04    5.4793334600e-01    9.9884625231e-01
       135   -3.6092718054e+01    1.3033823242e+03   -4.7651583977e+01    1.1558865923e+01   -8.5200397978e+00    3.8159567651e+00   -6.5294014698e+00   -3.6418099474e+01    2.0669735016e+04    5.6887793400e-01    9.9887356258e-01
       136   -3.6081228979e+01    1.3025645357e+03   -4.7734434166e+01    1.1653205186e+01   -8.5231562343e+00    3.7436619905e+00   -6.5368404478e+00   -3.6418099474e+01    2.0686289844e+04    5.6378500900e-01    9.9896435303e-01
       137   -3.6070712822e+01    1.3017742131e+03   -4.7720717651e+01    1.1650004828e+01   -8.6078663395e+00    3.8269823433e+00   -6.5217341803e+00   -3.6418099474e+01    2.0613134165e+04    5.6947887500e-01    9.9883775713e-01
       138   -3.6070390029e+01    1.3017831594e+03   -4.7642861740e+01    1.1572471711e+01   -8.6025711592e+00    3.8996892330e+00   -6.5218803398e+00   -3.6418099474e+01    2.0584095374e+04    5.4430026500e-01    9.9895060015e-01
       139   -3.6069664894e+01    1.3017406750e+03   -4.7750522606e+01    1.1680857712e+01   -8.5587221474e+00    3.7587125261e+00   -6.5324135107e+00   -3.6418099474e+01    2.0557360678e+04    5.0919523000e-01    9.9888669663e-01
       140   -3.6084154702e+01    1.3028502761e+03   -4.7808835840e+01    1.1724681138e+01   -8.5529764151e+00    3.6888355205e+00   -6.5265954714e+00   -3.6418099474e+01    2.0669264941e+04    5.5077707400e-01    9.9890298595e-01
       141   -3.6085907202e+01    1.3028768923e+03   -4.7847235429e+01    1.1761328227e+01   -8.5538569316e+00    3.6387211922e+00   -6.5140002152e+00   -3.6418099474e+01    2.0696149577e+04    5.2482765900e-01    9.9896997930e-01
       142   -3.6089391881e+01    1.3031999098e+03   -4.7770296781e+01    1.1680904900e+01   -8.6017992344e+00    3.7458641889e+00   -6.4962622617e+00   -3.6418099474e+01    2.0754648127e+04    5.2697091300e-01    9.9890231649e-01
       143   -3.6096959450e+01    1.3037164432e+03   -4.7715597825e+01    1.1618638374e+01   -8.5850760369e+00    3.7759822931e+00   -6.4884046069e+00   -3.6418099474e+01    2.0805306488e+04    5.5274156700e-01    9.9896331081e-01
       144   -3.6101793368e+01    1.3040640946e+03   -4.7787123800e+01    1.1685330433e+01   -8.5452531126e+00    3.6961242788e+00   -6.5198954923e+00   -3.6418099474e+01    2.0866054534e+04    5.2465634300e-01    9.9888585394e-01
       145   -3.6106058615e+01    1.3044326055e+03   -4.7776153302e+01    1.1670094687e+01   -8.4915148544e+00    3.6640807883e+00   -6.5306197618e+00   -3.6418099474e+01    2.0726665724e+04    5.2599709200e-01    9.9890412092e-01
       146   -3.6097546503e+01    1.3037711718e+03   -4.7620142370e+01    1.1522595866e+01   -8.5174768195e+00    3.8635009394e+00   -6.5480670155e+00   -3.6418099474e+01    2.0609705908e+04    5.2449334200e-01    9.9890829694e-01
       147   -3.6083464680e+01    1.3027510515e+03   -4.7727289791e+01    1.1643825111e+01   -8.5091973842e+00    3.7392443054e+00   -6.5392372380e+00   -3.6418099474e+01    2.0601901695e+04    5.4131318400e-01    9.9887336638e-01
       148   -3.6072491124e+01    1.3019311991e+03   -4.7853547479e+01    1.1781056356e+01   -8.5987995873e+00    3.6766129006e+00   -6.5132613184e+00   -3.6418099474e+01    2.0487631621e+04    5.0190123000e-01    9.9896300996e-01
       149   -3.6066621665e+01    1.3015007591e+03   -4.7854690588e+01    1.1788068923e+01   -8.5266549844e+00    3.6225162504e+00   -6.5324523796e+00   -3.6418099474e+01    2.0283190171e+04    5.1264418200e-01    9.9889795717e-01
       150   -3.6073734246e+01    1.3020016686e+03   -4.7880261739e+01    1.1806527493e+01   -8.5098026095e+00    3.5520514317e+00   -6.5044110868e+00   -3.6418099474e+01    2.0020553154e+04    4.9011656000e-01    9.9885471671e-01
       151   -3.6087575221e+01    1.3030163304e+03   -4.7843612028e+01    1.1756036807e+01   -8.5415541034e+00    3.6208668417e+00   -6.5048252922e+00   -3.6418099474e+01    2.0047182717e+04    5.1386894700e-01    9.9895943211e-01
       152   -3.6068044623e+01    1.3016021905e+03   -4.7890321628e+01    1.1822277005e+01   -8.5229429225e+00    3.6005604866e+00   -6.5498397178e+00   -3.6418099474e+01    1.9951444846e+04    4.7254800700e-01    9.9901544498e-01
       153   -3.6056569379e+01    1.3007601946e+03   -4.7964034500e+01    1.1907465121e+01   -8.5265771771e+00    3.5470396466e+00   -6.5663974952e+00   -3.6418099474e+01    1.9931464690e+04    4.8705910500e-01    9.9891601150e-01
       154   -3.6049290350e+01    1.3002405330e+03   -4.7835079725e+01    1.1785789375e+01   -8.5992389008e+00    3.7006272039e+00   -6.5183685534e+00   -3.6418099474e+01    2.0010944906e+04    5.1392251300e-01    9.9891509939e-01
       155   -3.6050273160e+01    1.3003107588e+03   -4.7755016167e+01    1.1704743007e+01   -8.4825080398e+00    3.6681273208e+00   -6.5225359739e+00   -3.6418099474e+01    1.9805354642e+04    5.2353855600e-01    9.9882076322e-01
       156   -3.6060632480e+01    1.3010447841e+03   -4.7785292730e+01    1.1724660250e+01   -8.4967707723e+00    3.6233136129e+00   -6.4937360964e+00   -3.6418099474e+01    1.9804291119e+04    5.0956206400e-01    9.9895764203e-01
       157   -3.6081177929e+01    1.3026130221e+03   -4.7708409302e+01    1.1627231373e+01   -8.5631942523e+00    3.7912037882e+00   -6.5183193635e+00   -3.6418099474e+01    1.9846367313e+04    4.7557577800e-01    9.9887684133e-01
       158   -3.6070087310e+01    1.3017568042e+03   -4.7779154614e+01    1.1709067304e+01   -8.5468055909e+00    3.7172160209e+00   -6.5314655699e+00   -3.6418099474e+01    1.9792528074e+04    5.0137020000e-01    9.9902187252e-01
       159   -3.6072213538e+01    1.3019323088e+03   -4.7806213412e+01    1.1733999874e+01   -8.5057833306e+00    3.6305229377e+00   -6.5128535445e+00   -3.6418099474e+01    1.9787561559e+04    4.7242039500e-01    9.9894581032e-01
       160   -3.6065907592e+01    1.3014243420e+03   -4.7667992622e+01    1.1602085030e+01   -8.4846716551e+00    3.7305181511e+00   -6.4957396441e+00   -3.6418099474e+01    1.9730618255e+04    4.9642891100e-01    9.9891017843e-01
       161   -3.6069889582e+01    1.3017479325e+03   -4.7663244213e+01    1.1593354631e+01   -8.4335698139e+00    3.7004992637e+00   -6.5120741883e+00   -3.6418099474e+01    1.9657822491e+04    4.7213870100e-01    9.9880613179e-01
       162   -3.6064623668e+01    1.3013344223e+03   -4.7710242189e+01    1.1645618521e+01   -8.4958197174e+00    3.7522017235e+00   -6.5485247214e+00   -3.6418099474e+01    1.9606193573e+04    4.6805070000e-01    9.9892509164e-01
       163   -3.6097620924e+01    1.3037734989e+03   -4.7799271441e+01    1.1701650517e+01   -8.5641632908e+00    3.7551461883e+00   -6.5721548646e+00   -3.6418099474e+01    1.9554337457e+04    4.6914716300e-01    9.9884692416e-01
       164   -3.6086672796e+01    1.3029981579e+03   -4.7779625002e+01    1.1692952205e+01   -8.5847102121e+00    3.8051197284e+00   -6.5819350438e+00   -3.6418099474e+01    1.9597082499e+04    4.6748868700e-01    9.9886051209e-01
       165   -3.6083682688e+01    1.3027392182e+03   -4.7724458697e+01    1.1640776009e+01   -8.6276850916e+00    3.8991729981e+00   -6.5778471293e+00   -3.6418099474e+01    1.9783498934e+04    4.6850680300e-01    9.9884070323e-01
       166   -3.6070556966e+01    1.3017759643e+03   -4.7743506551e+01    1.1672949586e+01   -8.6412256090e+00    3.8527168954e+00   -6.5368983636e+00   -3.6418099474e+01    1.9994185478e+04    4.7229665900e-01    9.9888711049e-01
       167   -3.6075961637e+01    1.3021768969e+03   -4.7711407029e+01    1.1635445392e+01   -8.5931251702e+00    3.8676275488e+00   -6.5678099339e+00   -3.6418099474e+01    2.0058041216e+04    5.0339171700e-01    9.9887997778e-01
       168   -3.6059241246e+01    1.3009493810e+03   -4.7772650711e+01    1.1713409465e+01   -8.5686573004e+00    3.7889877565e+00   -6.5748816931e+00   -3.6418099474e+01    2.0003380081e+04    5.1741006800e-01    9.9883779055e-01
       169   -3.6100549704e+01    1.3039523423e+03   -4.7884554202e+01    1.1784004498e+01   -8.5260856223e+00    3.6465838702e+00   -6.5869529757e+00   -3.6418099474e+01    2.0013275624e+04    4.8395763600e-01    9.9888967433e-01
       170   -3.6084550716e+01    1.3028544289e+03   -4.7894389351e+01    1.1809838636e+01   -8.5231565997e+00    3.6305387084e+00   -6.5836719857e+00   -3.6418099474e+01    2.0088343083e+04    4.9825936000e-01    9.9887087023e-01
       171   -3.6067186689e+01    1.3015839714e+03   -4.7938290797e+01    1.1871104108e+01   -8.5260519573e+00    3.6091823947e+00   -6.6033217605e+00   -3.6418099474e+01    2.0220701334e+04    4.9033629400e-01    9.9889093748e-01
       172   -3.6080994518e+01    1.3025609583e+03   -4.7904553474e+01    1.1823558957e+01   -8.5393818694e+00    3.6444800447e+00   -6.5915521755e+00   -3.6418099474e+01    2.0151418484e+04    4.8983466100e-01    9.9888869195e-01
       173   -3.6085986896e+01    1.3028865534e+03   -4.7947212914e+01    1.1861226018e+01   -8.5682257051e+00    3.6201248113e+00   -6.5810125463e+00   -3.6418099474e+01    2.0062768779e+04    4.7453165800e-01    9.9894779946e-01
       174   -3.6098642295e+01    1.3037813958e+03   -4.7922761049e+01    1.1824118753e+01   -8.5813000140e+00    3.6319129812e+00   -6.5552745417e+00   -3.6418099474e+01    2.0236385158e+04    5.2918236000e-01    9.9896557081e-01
       175   -3.6084014716e+01    1.3027306591e+03   -4.7923048631e+01    1.1839033915e+01   -8.5503638150e+00    3.5816079499e+00   -6.5361932915e+00   -3.6418099474e+01    2.0317441753e+04    5.7446452400e-01    9.9894177290e-01
       176   -3.6078671469e+01    1.3023913548e+03   -4.7923351982e+01    1.1844680513e+01   -8.5889511797e+00    3.6069735265e+00   -6.5232748546e+00   -3.6418099474e+01    2.0405322546e+04    5.1973903500e-01    9.9891668825e-01
       177   -3.6085792000e+01    1.3029121573e+03   -4.7890638400e+01    1.1804846400e+01   -8.6197529351e+00    3.6999308834e+00   -6.5527168741e+00   -3.6418099474e+01    2.0541878639e+04    5.7431520000e-01    9.9893950668e-01
       178   -3.6066149131e+01    1.3014845608e+03   -4.7793672715e+01    1.1727523584e+01   -8.6198173036e+00    3.8204823842e+00   -6.5762383211e+00   -3.6418099474e+01    2.0501605592e+04    5.1099083400e-01    9.9890455524e-01
       179   -3.6085645597e+01    1.3029787279e+03   -4.7836292257e+01    1.1750646661e+01   -8.6066986214e+00    3.7389699853e+00   -6.5504641468e+00   -3.6418099474e+01    2.0586034624e+04    5.3017273900e-01    9.9893315107e-01
       180   -3.6100847992e+01    1.3041205193e+03   -4.7831714615e+01    1.1730866623e+01   -8.6176191888e+00    3.7456121834e+00   -6.5416081352e+00   -3.6418099474e+01    2.0685490559e+04    5.3767722500e-01    9.9887777793e-01
       181   -3.6097874718e+01    1.3038685089e+03   -4.7709925066e+01    1.1612050347e+01   -8.6272897914e+00    3.8572422463e+00   -6.5217780464e+00   -3.6418099474e+01    2.0756482653e+04    5.3945437700e-01    9.9887994990e-01
       182   -3.6106869757e+01    1.3044292573e+03   -4.7661972652e+01    1.1555102895e+01   -8.5895867956e+00    3.8914684732e+00   -6.5457548553e+00   -3.6418099474e+01    2.0826271582e+04    5.3314311800e-01    9.9890418570e-01
       183   -3.6115480815e+01    1.3050467132e+03   -4.7805256548e+01    1.1689775733e+01   -8.4903878508e+00    3.6730122649e+00   -6.5697814881e+00   -3.6418099474e+01    2.0842372324e+04    5.5504544200e-01    9.9889811978e-01
       184   -3.6097055894e+01    1.3036763959e+03   -4.7829498084e+01    1.1732442190e+01   -8.4743747642e+00    3.6431326411e+00   -6.5801564865e+00   -3.6418099474e+01    2.0765776806e+04    5.3060842300e-01    9.9885119936e-01
       185   -3.6086331552e+01    1.3029013881e+03   -4.7728814834e+01    1.1642483283e+01   -8.4932792840e+00    3.7473975143e+00   -6.5648335906e+00   -3.6418099474e+01    2.0748605825e+04    5.3142428000e-01    9.9884520597e-01
       186   -3.6087709147e+01    1.3030126052e+03   -4.7718285591e+01    1.1630576444e+01   -8.5120028047e+00    3.7772455567e+00   -6.5654288684e+00   -3.6418099474e+01    2.0811902425e+04    5.5737285200e-01    9.9897743494e-01
       187   -3.6092221326e+01    1.3033802948e+03   -4.7722094144e+01    1.1629872818e+01   -8.5335580060e+00    3.8045902445e+00   -6.5750269086e+00   -3.6418099474e+01    2.0812020711e+04    5.5132122500e-01    9.9882811160e-01
       188   -3.6082903933e+01    1.3027223965e+03   -4.7734701455e+01    1.1651797522e+01   -8.5331274280e+00    3.7622837372e+00   -6.5457582899e+00   -3.6418099474e+01    2.0754900772e+04    5.6765892400e-01    9.9895054125e-01
       189   -3.6077558624e+01    1.3023257651e+03   -4.7743821514e+01    1.1666262891e+01   -8.5603489641e+00    3.7638727402e+00   -6.5292458161e+00   -3.6418099474e+01    2.0775450433e+04    5.2999970100e-01    9.9887775234e-01
       190   -3.6094160321e+01    1.3035428250e+03   -4.7725072448e+01    1.1630912127e+01   -8.4776620675e+00    3.6947736902e+00   -6.5240845962e+00   -3.6418099474e+01    2.0760831145e+04    5.4846560400e-01    9.9890086073e-01
       191   -3.6080912754e+01    1.3025713159e+03   -4.7756880548e+01    1.1675967794e+01   -8.4439857266e+00    3.6252626899e+00   -6.5200580371e+00   -3.6418099474e+01    2.0766110312e+04    5.2784145600e-01    9.9881531256e-01
       192   -3.6075967801e+01    1.3021923464e+03   -4.7740416899e+01    1.1664449098e+01   -8.4263743080e+00    3.6309298867e+00   -6.5268730037e+00   -3.6418099474e+01    2.0702602517e+04    5.4447128100e-01    9.9887379619e-01
       193   -3.6121019207e+01    1.3054821884e+03   -4.7712741807e+01    1.1591722600e+01   -8.4323070351e+00    3.6556917441e+00   -6.5180270421e+00   -3.6418099474e+01    2.0610497671e+04    5.7333523700e-01    9.9885955547e-01
       194   -3.6114402487e+01    1.3050060484e+03   -4.7669429408e+01    1.1555026921e+01   -8.4273484027e+00    3.6666266730e+00   -6.4906082044e+00   -3.6418099474e+01    2.0594111316e+04    5.4780320800e-01    9.9886907653e-01
       195   -3.6095231185e+01    1.3035943140e+03   -4.7743656863e+01    1.1648425677e+01   -8.5097408094e+00    3.6737038534e+00   -6.4895204326e+00   -3.6418099474e+01    2.0630601513e+04    5.8538050700e-01    9.9893364355e-01
       196   -3.6096591506e+01    1.3036622693e+03   -4.7774462849e+01    1.1677871343e+01   -8.5604982549e+00    3.6900922740e+00   -6.4859573939e+00   -3.6418099474e+01    2.0720930983e+04    5.6591013700e-01    9.9888834503e-01
       197   -3.6093809935e+01    1.3034707394e+03   -4.7780503873e+01    1.1686693938e+01   -8.5816033179e+00    3.7299583344e+00   -6.5107594150e+00   -3.6418099474e+01    2.0718190022e+04    5.2887971200e-01    9.9886065913e-01
       198   -3.6097523234e+01    1.3037248828e+03   -4.7801348463e+01    1.1703825229e+01   -8.5841175368e+00    3.7188620439e+00   -6.5179934954e+00   -3.6418099474e+01    2.0661576303e+04    5.3814421800e-01    9.9891622993e-01
       199   -3.6088987916e+01    1.3030919311e+03   -4.7708577578e+01    1.1619589662e+01   -8.5416054453e+00    3.7572655688e+00   -6.5061382275e+00   -3.6418099474e+01    2.0666981611e+04    5.3228606800e-01    9.9897189027e-01
