#  Band    State   TwistIndex BandIndex Energy      Kx      Ky      Kz      K1      K2      K3    KmK 
       0        0       13        0    -0.248512  0.2591  0.1496  0.0373  0.3421  0.0000 -0.0000      1
       1        1       13        1    -0.232432  0.2591  0.1496  0.0373  0.3421  0.0000 -0.0000      1
       2        2       13        2    -0.193517  0.2591  0.1496  0.0373  0.3421  0.0000 -0.0000      1
       3        3       13        3    -0.165313  0.2591  0.1496  0.0373  0.3421  0.0000 -0.0000      1
       4        4       13        4    -0.140154  0.2591  0.1496  0.0373  0.3421  0.0000 -0.0000      1
       5        5       13        5     0.037978  0.2591  0.1496  0.0373  0.3421  0.0000 -0.0000      1
       6        6       13        6     0.076480  0.2591  0.1496  0.0373  0.3421  0.0000 -0.0000      1
       7        7       13        7     0.083890  0.2591  0.1496  0.0373  0.3421  0.0000 -0.0000      1
       8        8       13        8     0.100321  0.2591  0.1496  0.0373  0.3421  0.0000 -0.0000      1
       9        9       13        9     0.112979  0.2591  0.1496  0.0373  0.3421  0.0000 -0.0000      1
      10       10       13       10     0.114853  0.2591  0.1496  0.0373  0.3421  0.0000 -0.0000      1
      11       11       13       11     0.157214  0.2591  0.1496  0.0373  0.3421  0.0000 -0.0000      1
      12       12       13       12     0.176631  0.2591  0.1496  0.0373  0.3421  0.0000 -0.0000      1
      13       13       13       13     0.188877  0.2591  0.1496  0.0373  0.3421  0.0000 -0.0000      1
      14       14       13       14     0.241882  0.2591  0.1496  0.0373  0.3421  0.0000 -0.0000      1
      15       15       13       15     0.259605  0.2591  0.1496  0.0373  0.3421  0.0000 -0.0000      1
      16       16       13       16     0.281659  0.2591  0.1496  0.0373  0.3421  0.0000 -0.0000      1
      17       17       13       17     0.316538  0.2591  0.1496  0.0373  0.3421  0.0000 -0.0000      1
      18       18       13       18     0.329467  0.2591  0.1496  0.0373  0.3421  0.0000 -0.0000      1
      19       19       13       19     0.354526  0.2591  0.1496  0.0373  0.3421  0.0000 -0.0000      1
      20       20       13       20     0.365505  0.2591  0.1496  0.0373  0.3421  0.0000 -0.0000      1
      21       21       13       21     0.413945  0.2591  0.1496  0.0373  0.3421  0.0000 -0.0000      1
      22       22       13       22     0.461473  0.2591  0.1496  0.0373  0.3421  0.0000 -0.0000      1
      23       23       13       23     0.509510  0.2591  0.1496  0.0373  0.3421  0.0000 -0.0000      1
      24       24       13       24     0.513425  0.2591  0.1496  0.0373  0.3421  0.0000 -0.0000      1
      25       25       13       25     0.528424  0.2591  0.1496  0.0373  0.3421  0.0000 -0.0000      1
      26       26       13       26     0.534556  0.2591  0.1496  0.0373  0.3421  0.0000 -0.0000      1
      27       27       13       27     0.552627  0.2591  0.1496  0.0373  0.3421  0.0000 -0.0000      1
      28       28       13       28     0.576239  0.2591  0.1496  0.0373  0.3421  0.0000 -0.0000      1
      29       29       13       29     0.580819  0.2591  0.1496  0.0373  0.3421  0.0000 -0.0000      1
      30       30       13       30     0.587646  0.2591  0.1496  0.0373  0.3421  0.0000 -0.0000      1
      31       31       13       31     0.593120  0.2591  0.1496  0.0373  0.3421  0.0000 -0.0000      1
      32       32       13       32     0.599954  0.2591  0.1496  0.0373  0.3421  0.0000 -0.0000      1
      33       33       13       33     0.632064  0.2591  0.1496  0.0373  0.3421  0.0000 -0.0000      1
      34       34       13       34     0.670039  0.2591  0.1496  0.0373  0.3421  0.0000 -0.0000      1
      35       35       13       35     0.682738  0.2591  0.1496  0.0373  0.3421  0.0000 -0.0000      1
      36       36       13       36     0.692382  0.2591  0.1496  0.0373  0.3421  0.0000 -0.0000      1
      37       37       13       37     0.722343  0.2591  0.1496  0.0373  0.3421  0.0000 -0.0000      1
      38       38       13       38     0.725535  0.2591  0.1496  0.0373  0.3421  0.0000 -0.0000      1
      39       39       13       39     0.738960  0.2591  0.1496  0.0373  0.3421  0.0000 -0.0000      1
      40       40       13       40     0.743340  0.2591  0.1496  0.0373  0.3421  0.0000 -0.0000      1
      41       41       13       41     0.763056  0.2591  0.1496  0.0373  0.3421  0.0000 -0.0000      1
      42       42       13       42     0.769332  0.2591  0.1496  0.0373  0.3421  0.0000 -0.0000      1
      43       43       13       43     0.773954  0.2591  0.1496  0.0373  0.3421  0.0000 -0.0000      1
      44       44       13       44     0.789526  0.2591  0.1496  0.0373  0.3421  0.0000 -0.0000      1
      45       45       13       45     0.796891  0.2591  0.1496  0.0373  0.3421  0.0000 -0.0000      1
      46       46       13       46     0.811713  0.2591  0.1496  0.0373  0.3421  0.0000 -0.0000      1
      47       47       13       47     0.832557  0.2591  0.1496  0.0373  0.3421  0.0000 -0.0000      1
      48       48       13       48     0.837519  0.2591  0.1496  0.0373  0.3421  0.0000 -0.0000      1
      49       49       13       49     0.844715  0.2591  0.1496  0.0373  0.3421  0.0000 -0.0000      1
      50       50       13       50     0.856924  0.2591  0.1496  0.0373  0.3421  0.0000 -0.0000      1
      51       51       13       51     0.869190  0.2591  0.1496  0.0373  0.3421  0.0000 -0.0000      1
      52       52       13       52     0.881704  0.2591  0.1496  0.0373  0.3421  0.0000 -0.0000      1
      53       53       13       53     0.884590  0.2591  0.1496  0.0373  0.3421  0.0000 -0.0000      1
      54       54       13       54     0.909356  0.2591  0.1496  0.0373  0.3421  0.0000 -0.0000      1
      55       55       13       55     0.934300  0.2591  0.1496  0.0373  0.3421  0.0000 -0.0000      1
      56       56       13       56     0.937883  0.2591  0.1496  0.0373  0.3421  0.0000 -0.0000      1
      57       57       13       57     0.938579  0.2591  0.1496  0.0373  0.3421  0.0000 -0.0000      1
      58       58       13       58     0.960024  0.2591  0.1496  0.0373  0.3421  0.0000 -0.0000      1
      59       59       13       59     0.960318  0.2591  0.1496  0.0373  0.3421  0.0000 -0.0000      1
      60       60       13       60     0.969662  0.2591  0.1496  0.0373  0.3421  0.0000 -0.0000      1
      61       61       13       61     1.016674  0.2591  0.1496  0.0373  0.3421  0.0000 -0.0000      1
      62       62       13       62     1.024238  0.2591  0.1496  0.0373  0.3421  0.0000 -0.0000      1
      63       63       13       63     1.032847  0.2591  0.1496  0.0373  0.3421  0.0000 -0.0000      1
      64       64       13       64     1.039543  0.2591  0.1496  0.0373  0.3421  0.0000 -0.0000      1
      65       65       13       65     1.040409  0.2591  0.1496  0.0373  0.3421  0.0000 -0.0000      1
      66       66       13       66     1.047182  0.2591  0.1496  0.0373  0.3421  0.0000 -0.0000      1
      67       67       13       67     1.062435  0.2591  0.1496  0.0373  0.3421  0.0000 -0.0000      1
      68       68       13       68     1.071093  0.2591  0.1496  0.0373  0.3421  0.0000 -0.0000      1
      69       69       13       69     1.100542  0.2591  0.1496  0.0373  0.3421  0.0000 -0.0000      1
      70       70       13       70     1.113790  0.2591  0.1496  0.0373  0.3421  0.0000 -0.0000      1
      71       71       13       71     1.139942  0.2591  0.1496  0.0373  0.3421  0.0000 -0.0000      1
      72       72       13       72     1.144700  0.2591  0.1496  0.0373  0.3421  0.0000 -0.0000      1
      73       73       13       73     1.147388  0.2591  0.1496  0.0373  0.3421  0.0000 -0.0000      1
      74       74       13       74     1.153858  0.2591  0.1496  0.0373  0.3421  0.0000 -0.0000      1
      75       75       13       75     1.167166  0.2591  0.1496  0.0373  0.3421  0.0000 -0.0000      1
      76       76       13       76     1.185910  0.2591  0.1496  0.0373  0.3421  0.0000 -0.0000      1
      77       77       13       77     1.198563  0.2591  0.1496  0.0373  0.3421  0.0000 -0.0000      1
      78       78       13       78     1.203582  0.2591  0.1496  0.0373  0.3421  0.0000 -0.0000      1
      79       79       13       79     1.220238  0.2591  0.1496  0.0373  0.3421  0.0000 -0.0000      1
      80       80       13       80     1.226630  0.2591  0.1496  0.0373  0.3421  0.0000 -0.0000      1
      81       81       13       81     1.228170  0.2591  0.1496  0.0373  0.3421  0.0000 -0.0000      1
      82       82       13       82     1.235853  0.2591  0.1496  0.0373  0.3421  0.0000 -0.0000      1
      83       83       13       83     1.240847  0.2591  0.1496  0.0373  0.3421  0.0000 -0.0000      1
      84       84       13       84     1.251486  0.2591  0.1496  0.0373  0.3421  0.0000 -0.0000      1
      85       85       13       85     1.261314  0.2591  0.1496  0.0373  0.3421  0.0000 -0.0000      1
      86       86       13       86     1.267819  0.2591  0.1496  0.0373  0.3421  0.0000 -0.0000      1
      87       87       13       87     1.272804  0.2591  0.1496  0.0373  0.3421  0.0000 -0.0000      1
      88       88       13       88     1.280704  0.2591  0.1496  0.0373  0.3421  0.0000 -0.0000      1
      89       89       13       89     1.296609  0.2591  0.1496  0.0373  0.3421  0.0000 -0.0000      1
      90       90       13       90     1.299122  0.2591  0.1496  0.0373  0.3421  0.0000 -0.0000      1
      91       91       13       91     1.310590  0.2591  0.1496  0.0373  0.3421  0.0000 -0.0000      1
      92       92       13       92     1.319462  0.2591  0.1496  0.0373  0.3421  0.0000 -0.0000      1
      93       93       13       93     1.328251  0.2591  0.1496  0.0373  0.3421  0.0000 -0.0000      1
      94       94       13       94     1.346251  0.2591  0.1496  0.0373  0.3421  0.0000 -0.0000      1
      95       95       13       95     1.352742  0.2591  0.1496  0.0373  0.3421  0.0000 -0.0000      1
      96       96       13       96     1.366432  0.2591  0.1496  0.0373  0.3421  0.0000 -0.0000      1
      97       97       13       97     1.372432  0.2591  0.1496  0.0373  0.3421  0.0000 -0.0000      1
      98       98       13       98     1.377932  0.2591  0.1496  0.0373  0.3421  0.0000 -0.0000      1
      99       99       13       99     1.380327  0.2591  0.1496  0.0373  0.3421  0.0000 -0.0000      1
