#   index    LocalEnergy         LocalEnergy_sq      LocalPotential      Kinetic             LocalECP            NonLocalECP         ElecElec            IonIon              BlockWeight         BlockCPU            AcceptRatio         
         0   -3.5636233390e+01    1.2707900360e+03   -4.7536460405e+01    1.1900227015e+01   -8.7077812431e+00    3.8997619554e+00   -6.3103416436e+00   -3.6418099474e+01    2.0480000000e+04    2.1756539300e+00    7.0017845517e-01
         1   -3.5631607859e+01    1.2704737418e+03   -4.7597857531e+01    1.1966249673e+01   -8.6068192850e+00    3.7432423489e+00   -6.3161811209e+00   -3.6418099474e+01    2.0480000000e+04    2.1681060100e+00    7.0013427734e-01
         2   -3.5608914141e+01    1.2688382910e+03   -4.7553430706e+01    1.1944516565e+01   -8.5867117919e+00    3.7433482259e+00   -6.2919676658e+00   -3.6418099474e+01    2.0480000000e+04    2.1815237960e+00    7.0025460379e-01
         3   -3.5623192274e+01    1.2698852257e+03   -4.7550641453e+01    1.1927449179e+01   -8.5725769257e+00    3.7405434890e+00   -6.3005085426e+00   -3.6418099474e+01    2.0480000000e+04    2.1821604970e+00    7.0050513858e-01
         4   -3.5603326378e+01    1.2684642650e+03   -4.7574969707e+01    1.1971643328e+01   -8.6202899335e+00    3.7738451554e+00   -6.3104254543e+00   -3.6418099474e+01    2.0480000000e+04    2.1774184540e+00    7.0049002511e-01
         5   -3.5628738481e+01    1.2702655519e+03   -4.7578225376e+01    1.1949486894e+01   -8.5408875875e+00    3.6907928643e+00   -6.3100311785e+00   -3.6418099474e+01    2.0480000000e+04    2.1769649510e+00    7.0022902716e-01
         6   -3.5595797221e+01    1.2679406425e+03   -4.7521607029e+01    1.1925809807e+01   -8.6211750118e+00    3.8059453752e+00   -6.2882779178e+00   -3.6418099474e+01    2.0480000000e+04    2.1849426960e+00    7.0006161644e-01
         7   -3.5614833778e+01    1.2692794218e+03   -4.7555249333e+01    1.1940415555e+01   -8.6329500842e+00    3.7673456423e+00   -6.2715454168e+00   -3.6418099474e+01    2.0480000000e+04    2.2018698760e+00    6.9999128069e-01
         8   -3.5611671986e+01    1.2690625059e+03   -4.7512690445e+01    1.1901018459e+01   -8.6161774971e+00    3.8055677835e+00   -6.2839812570e+00   -3.6418099474e+01    2.0480000000e+04    2.1800775820e+00    7.0013427734e-01
         9   -3.5614015804e+01    1.2692429993e+03   -4.7516269133e+01    1.1902253329e+01   -8.5518951506e+00    3.7678361484e+00   -6.3141106565e+00   -3.6418099474e+01    2.0480000000e+04    2.1844246170e+00    7.0057721819e-01
        10   -3.5605994374e+01    1.2686685267e+03   -4.7570439544e+01    1.1964445170e+01   -8.6520844947e+00    3.7769386436e+00   -6.2771942183e+00   -3.6418099474e+01    2.0480000000e+04    2.1823649270e+00    7.0035051618e-01
        11   -3.5605488170e+01    1.2686261146e+03   -4.7584508689e+01    1.1979020520e+01   -8.5999984543e+00    3.7542375714e+00   -6.3206483324e+00   -3.6418099474e+01    2.0480000000e+04    2.1925000980e+00    6.9997558594e-01
        12   -3.5623605446e+01    1.2699066607e+03   -4.7606970566e+01    1.1983365119e+01   -8.6140828370e+00    3.7406576302e+00   -6.3154458846e+00   -3.6418099474e+01    2.0480000000e+04    2.1825477580e+00    6.9980468750e-01
        13   -3.5612206887e+01    1.2691069282e+03   -4.7515825114e+01    1.1903618227e+01   -8.5792248190e+00    3.7623771624e+00   -6.2808779833e+00   -3.6418099474e+01    2.0480000000e+04    2.2125778800e+00    7.0020286923e-01
        14   -3.5623653341e+01    1.2699223358e+03   -4.7562137162e+01    1.1938483822e+01   -8.6202207872e+00    3.7787090413e+00   -6.3025259423e+00   -3.6418099474e+01    2.0480000000e+04    2.1834128460e+00    7.0054757254e-01
        15   -3.5597560039e+01    1.2680465786e+03   -4.7560507429e+01    1.1962947390e+01   -8.6307029192e+00    3.7954662142e+00   -6.3071712496e+00   -3.6418099474e+01    2.0480000000e+04    2.1916156990e+00    7.0011567615e-01
        16   -3.5625795328e+01    1.2700436250e+03   -4.7588910308e+01    1.1963114980e+01   -8.5863906043e+00    3.7455275211e+00   -6.3299477511e+00   -3.6418099474e+01    2.0480000000e+04    2.1933704590e+00    7.0055396670e-01
        17   -3.5616072840e+01    1.2693651087e+03   -4.7558096727e+01    1.1942023887e+01   -8.5847351584e+00    3.7586801554e+00   -6.3139422497e+00   -3.6418099474e+01    2.0480000000e+04    2.1924820070e+00    7.0008544922e-01
        18   -3.5627605862e+01    1.2702591109e+03   -4.7610207854e+01    1.1982601992e+01   -8.5857903577e+00    3.7145851452e+00   -6.3209031670e+00   -3.6418099474e+01    2.0480000000e+04    2.1887723450e+00    7.0074114118e-01
        19   -3.5607797971e+01    1.2687886721e+03   -4.7517192042e+01    1.1909394071e+01   -8.5421419409e+00    3.7209308943e+00   -6.2778815216e+00   -3.6418099474e+01    2.0480000000e+04    2.1889085850e+00    7.0014125279e-01
        20   -3.5616745688e+01    1.2694188297e+03   -4.7527464581e+01    1.1910718893e+01   -8.5576781516e+00    3.7373989948e+00   -6.2890859497e+00   -3.6418099474e+01    2.0480000000e+04    2.1900797010e+00    7.0052083333e-01
        21   -3.5621094027e+01    1.2697153840e+03   -4.7514214178e+01    1.1893120151e+01   -8.5807528783e+00    3.7866137431e+00   -6.3019755682e+00   -3.6418099474e+01    2.0480000000e+04    2.1851969740e+00    7.0011742001e-01
        22   -3.5607186015e+01    1.2687704808e+03   -4.7579933556e+01    1.1972747541e+01   -8.6284430389e+00    3.7618716671e+00   -6.2952627095e+00   -3.6418099474e+01    2.0480000000e+04    2.1933285760e+00    7.0004243397e-01
        23   -3.5603063616e+01    1.2684809388e+03   -4.7526338449e+01    1.1923274833e+01   -8.5975218822e+00    3.7514712254e+00   -6.2621883178e+00   -3.6418099474e+01    2.0480000000e+04    2.1915591660e+00    6.9997616722e-01
        24   -3.5601045952e+01    1.2683168305e+03   -4.7550101170e+01    1.1949055218e+01   -8.5753328733e+00    3.7244407442e+00   -6.2811095670e+00   -3.6418099474e+01    2.0480000000e+04    2.1939200940e+00    6.9987734840e-01
        25   -3.5619710621e+01    1.2696094726e+03   -4.7600500027e+01    1.1980789406e+01   -8.6577373289e+00    3.7805988801e+00   -6.3052621036e+00   -3.6418099474e+01    2.0480000000e+04    2.1904349460e+00    7.0059581938e-01
        26   -3.5615146674e+01    1.2692972951e+03   -4.7561165992e+01    1.1946019318e+01   -8.6008822829e+00    3.7580585115e+00   -6.3002427465e+00   -3.6418099474e+01    2.0480000000e+04    2.1890693770e+00    7.0049525670e-01
        27   -3.5610484632e+01    1.2689992070e+03   -4.7508292042e+01    1.1897807410e+01   -8.5801430302e+00    3.7856500120e+00   -6.2956995495e+00   -3.6418099474e+01    2.0480000000e+04    2.1900596800e+00    7.0023018973e-01
        28   -3.5614117575e+01    1.2692227394e+03   -4.7552338970e+01    1.1938221395e+01   -8.6146238565e+00    3.7796396114e+00   -6.2992552506e+00   -3.6418099474e+01    2.0480000000e+04    2.1893942470e+00    7.0008138021e-01
        29   -3.5613393301e+01    1.2691769965e+03   -4.7571981922e+01    1.1958588621e+01   -8.5976732501e+00    3.7653218533e+00   -6.3215310515e+00   -3.6418099474e+01    2.0480000000e+04    2.1915178250e+00    7.0045805432e-01
        30   -3.5602228658e+01    1.2683920845e+03   -4.7512278030e+01    1.1910049372e+01   -8.6065099999e+00    3.7937312828e+00   -6.2813998384e+00   -3.6418099474e+01    2.0480000000e+04    2.1916794270e+00    7.0015869141e-01
        31   -3.5625991530e+01    1.2700695462e+03   -4.7562993306e+01    1.1937001776e+01   -8.6054109119e+00    3.7563497959e+00   -6.2958327158e+00   -3.6418099474e+01    2.0480000000e+04    2.1925706750e+00    7.0055571057e-01
        32   -3.5615016400e+01    1.2693025226e+03   -4.7560137970e+01    1.1945121570e+01   -8.6163859868e+00    3.7637872529e+00   -6.2894397615e+00   -3.6418099474e+01    2.0480000000e+04    2.1911971850e+00    7.0016624814e-01
        33   -3.5600470257e+01    1.2682912542e+03   -4.7566965478e+01    1.1966495221e+01   -8.6688484722e+00    3.8184592223e+00   -6.2984767540e+00   -3.6418099474e+01    2.0480000000e+04    2.1913719920e+00    7.0030691964e-01
        34   -3.5599570086e+01    1.2682155649e+03   -4.7612869358e+01    1.2013299271e+01   -8.6193850336e+00    3.7381972687e+00   -6.3135821188e+00   -3.6418099474e+01    2.0480000000e+04    2.1937933500e+00    7.0052664621e-01
        35   -3.5627106397e+01    1.2701516848e+03   -4.7595019132e+01    1.1967912735e+01   -8.5915397695e+00    3.7373860962e+00   -6.3227659846e+00   -3.6418099474e+01    2.0480000000e+04    2.1954314600e+00    7.0032028925e-01
        36   -3.5613517444e+01    1.2692062387e+03   -4.7521656128e+01    1.1908138684e+01   -8.5675258527e+00    3.7488394669e+00   -6.2848702679e+00   -3.6418099474e+01    2.0480000000e+04    2.1994624050e+00    7.0046561105e-01
        37   -3.5617467628e+01    1.2694868487e+03   -4.7497824064e+01    1.1880356436e+01   -8.6095434503e+00    3.8154241517e+00   -6.2856052911e+00   -3.6418099474e+01    2.0480000000e+04    2.1978738030e+00    6.9978724888e-01
        38   -3.5636717858e+01    1.2708180998e+03   -4.7549197204e+01    1.1912479346e+01   -8.5873008845e+00    3.7543538922e+00   -6.2981507374e+00   -3.6418099474e+01    2.0480000000e+04    2.1967173250e+00    7.0033889044e-01
        39   -3.5636899712e+01    1.2708208281e+03   -4.7569038776e+01    1.1932139063e+01   -8.5460141720e+00    3.7229740600e+00   -6.3278991893e+00   -3.6418099474e+01    2.0480000000e+04    2.1947490560e+00    7.0040399461e-01
