#   index    LocalEnergy         LocalEnergy_sq      LocalPotential      Kinetic             LocalECP            NonLocalECP         ElecElec            IonIon              BlockWeight         BlockCPU            AcceptRatio         
         0   -3.5890326194e+01    1.2887778919e+03   -4.7892107415e+01    1.2001781221e+01   -8.5956027232e+00    3.6082588416e+00   -6.4866640592e+00   -3.6418099474e+01    2.0486836368e+04    2.0678556030e+00    9.9898228053e-01
         1   -3.5893430826e+01    1.2890245264e+03   -4.7946228133e+01    1.2052797307e+01   -8.5839805386e+00    3.5587724682e+00   -6.5029205880e+00   -3.6418099474e+01    2.0485110012e+04    2.0781830510e+00    9.9904327399e-01
         2   -3.5922730943e+01    1.2911742783e+03   -4.7893727129e+01    1.1970996186e+01   -8.6808162253e+00    3.7003176210e+00   -6.4951290509e+00   -3.6418099474e+01    2.0463485635e+04    2.0735138480e+00    9.9901016717e-01
         3   -3.5933662662e+01    1.2919777021e+03   -4.7864690760e+01    1.1931028099e+01   -8.6591754928e+00    3.6737726802e+00   -6.4611884735e+00   -3.6418099474e+01    2.0461534319e+04    2.0551160340e+00    9.9894044128e-01
         4   -3.5931578033e+01    1.2917887355e+03   -4.7844478990e+01    1.1912900956e+01   -8.7131575564e+00    3.7783051267e+00   -6.4915270858e+00   -3.6418099474e+01    2.0471882215e+04    2.0637072510e+00    9.9901428502e-01
         5   -3.5930823131e+01    1.2917732092e+03   -4.7938097649e+01    1.2007274518e+01   -8.7136061460e+00    3.7204922535e+00   -6.5268842826e+00   -3.6418099474e+01    2.0372386913e+04    2.0450668820e+00    9.9893581211e-01
         6   -3.5950827860e+01    1.2931368338e+03   -4.7940417964e+01    1.1989590105e+01   -8.7019678232e+00    3.7196906134e+00   -6.5400412803e+00   -3.6418099474e+01    2.0611639906e+04    2.1079576190e+00    9.9897236298e-01
         7   -3.5943547935e+01    1.2926289887e+03   -4.7874929925e+01    1.1931381990e+01   -8.7440113674e+00    3.8167450122e+00   -6.5295640955e+00   -3.6418099474e+01    2.0827628685e+04    2.1005170140e+00    9.9892148996e-01
         8   -3.5969917289e+01    1.2945776100e+03   -4.7887971271e+01    1.1918053982e+01   -8.6830026570e+00    3.7310881470e+00   -6.5179572865e+00   -3.6418099474e+01    2.0913063127e+04    2.0984815360e+00    9.9897524884e-01
         9   -3.5972760817e+01    1.2947775480e+03   -4.7777836050e+01    1.1805075233e+01   -8.6573493076e+00    3.8399683696e+00   -6.5423556379e+00   -3.6418099474e+01    2.0964939442e+04    2.1178869250e+00    9.9901527181e-01
        10   -3.5972707260e+01    1.2947630270e+03   -4.7839528833e+01    1.1866821573e+01   -8.6600878805e+00    3.7630583933e+00   -6.5243998715e+00   -3.6418099474e+01    2.0947685036e+04    2.0963352860e+00    9.9899576482e-01
        11   -3.5958784951e+01    1.2937222912e+03   -4.7938589972e+01    1.1979805021e+01   -8.6400986433e+00    3.6511311372e+00   -6.5315229916e+00   -3.6418099474e+01    2.0995338714e+04    2.1002191730e+00    9.9901861402e-01
        12   -3.5943699891e+01    1.2926349753e+03   -4.7835724238e+01    1.1892024348e+01   -8.6523723983e+00    3.7605477461e+00   -6.5258001119e+00   -3.6418099474e+01    2.0955214922e+04    2.1034683200e+00    9.9890102026e-01
        13   -3.5936092878e+01    1.2920778267e+03   -4.7833933992e+01    1.1897841114e+01   -8.6383529164e+00    3.7463773208e+00   -6.5238589221e+00   -3.6418099474e+01    2.0836666612e+04    2.1040677630e+00    9.9896847863e-01
        14   -3.5941434681e+01    1.2924572531e+03   -4.7776253223e+01    1.1834818542e+01   -8.6083308914e+00    3.7868096040e+00   -6.5366324613e+00   -3.6418099474e+01    2.0708661262e+04    2.1011335660e+00    9.9898092203e-01
        15   -3.5942482001e+01    1.2925404790e+03   -4.7831598744e+01    1.1889116743e+01   -8.6247124483e+00    3.7506533690e+00   -6.5394401906e+00   -3.6418099474e+01    2.0667192658e+04    2.0963186240e+00    9.9902723063e-01
        16   -3.5956199680e+01    1.2935494228e+03   -4.7807713009e+01    1.1851513329e+01   -8.6546903827e+00    3.7914056554e+00   -6.5263288074e+00   -3.6418099474e+01    2.0665778651e+04    2.0914567830e+00    9.9898383819e-01
        17   -3.5971789968e+01    1.2946402876e+03   -4.7825032984e+01    1.1853243016e+01   -8.6198596855e+00    3.7297405023e+00   -6.5168143266e+00   -3.6418099474e+01    2.0681022349e+04    2.0922092530e+00    9.9901551684e-01
        18   -3.5971363311e+01    1.2946568520e+03   -4.7913650583e+01    1.1942287272e+01   -8.6522205072e+00    3.6619393140e+00   -6.5052699157e+00   -3.6418099474e+01    2.0746073068e+04    2.0916403280e+00    9.9892567903e-01
        19   -3.5950336909e+01    1.2931438230e+03   -4.7783177134e+01    1.1832840225e+01   -8.6503056100e+00    3.7835441151e+00   -6.4983161649e+00   -3.6418099474e+01    2.0869434043e+04    2.0897899210e+00    9.9895285091e-01
        20   -3.5935524229e+01    1.2920777985e+03   -4.7838229758e+01    1.1902705529e+01   -8.6269882882e+00    3.7222725551e+00   -6.5154145505e+00   -3.6418099474e+01    2.0858264938e+04    2.0900866910e+00    9.9897812468e-01
        21   -3.5940101530e+01    1.2923974908e+03   -4.7831910088e+01    1.1891808558e+01   -8.6186306411e+00    3.7683624735e+00   -6.5635424461e+00   -3.6418099474e+01    2.0751013870e+04    2.0779419500e+00    9.9888156265e-01
        22   -3.5944443640e+01    1.2927245737e+03   -4.7887908322e+01    1.1943464681e+01   -8.6118921202e+00    3.7183471295e+00   -6.5762638568e+00   -3.6418099474e+01    2.0674039817e+04    2.0878974460e+00    9.9902065096e-01
        23   -3.5934928252e+01    1.2920760344e+03   -4.7900567785e+01    1.1965639533e+01   -8.6076665061e+00    3.6896729384e+00   -6.5644747434e+00   -3.6418099474e+01    2.0776569261e+04    2.0913210490e+00    9.9898779163e-01
        24   -3.5934420621e+01    1.2920041654e+03   -4.7857605551e+01    1.1923184930e+01   -8.6180980620e+00    3.7136990941e+00   -6.5351071090e+00   -3.6418099474e+01    2.0835195569e+04    2.0897145660e+00    9.9899070558e-01
        25   -3.5941830010e+01    1.2925379338e+03   -4.7753323616e+01    1.1811493605e+01   -8.6586819073e+00    3.8445705559e+00   -6.5211127904e+00   -3.6418099474e+01    2.0840175935e+04    2.0856493010e+00    9.9887777131e-01
        26   -3.5934664545e+01    1.2919968804e+03   -4.7892747561e+01    1.1958083015e+01   -8.5933450496e+00    3.6600302004e+00   -6.5413332373e+00   -3.6418099474e+01    2.0832859296e+04    2.1069706000e+00    9.9897856355e-01
        27   -3.5926015064e+01    1.2914078367e+03   -4.7922075316e+01    1.1996060252e+01   -8.6391509937e+00    3.6628285209e+00   -6.5276533690e+00   -3.6418099474e+01    2.0820514033e+04    2.0873604220e+00    9.9894887377e-01
        28   -3.5929616379e+01    1.2916373905e+03   -4.7919392264e+01    1.1989775884e+01   -8.6720590694e+00    3.7128010051e+00   -6.5420347250e+00   -3.6418099474e+01    2.0684459667e+04    2.0841857000e+00    9.9891251812e-01
        29   -3.5931377343e+01    1.2917493103e+03   -4.7948538633e+01    1.2017161290e+01   -8.6307815769e+00    3.6308407230e+00   -6.5304983048e+00   -3.6418099474e+01    2.0565290638e+04    2.0810447440e+00    9.9894258350e-01
        30   -3.5956314260e+01    1.2935428469e+03   -4.7926827339e+01    1.1970513079e+01   -8.6544520571e+00    3.6575860067e+00   -6.5118618141e+00   -3.6418099474e+01    2.0622692828e+04    2.0711430240e+00    9.9908904499e-01
        31   -3.5936485493e+01    1.2921682963e+03   -4.7876961722e+01    1.1940476228e+01   -8.6767120361e+00    3.7166970015e+00   -6.4988472128e+00   -3.6418099474e+01    2.0407667669e+04    2.0445883300e+00    9.9900954061e-01
        32   -3.5961904347e+01    1.2939487168e+03   -4.7912813947e+01    1.1950909600e+01   -8.6770079817e+00    3.6883651690e+00   -6.5060716600e+00   -3.6418099474e+01    2.0351834477e+04    2.0270078670e+00    9.9901880937e-01
        33   -3.5955503981e+01    1.2934904463e+03   -4.7935691430e+01    1.1980187448e+01   -8.6691213017e+00    3.6659328935e+00   -6.5144035472e+00   -3.6418099474e+01    2.0409628707e+04    2.0324355370e+00    9.9902169424e-01
        34   -3.5948426515e+01    1.2929785339e+03   -4.7904685692e+01    1.1956259177e+01   -8.6974047290e+00    3.7093394578e+00   -6.4985209471e+00   -3.6418099474e+01    2.0360688416e+04    2.0312337320e+00    9.9896676093e-01
        35   -3.5943855240e+01    1.2926410860e+03   -4.7934303357e+01    1.1990448117e+01   -8.7041898181e+00    3.6826472353e+00   -6.4946613000e+00   -3.6418099474e+01    2.0385591236e+04    2.0405791890e+00    9.9898384667e-01
        36   -3.5945823612e+01    1.2928066720e+03   -4.7860390581e+01    1.1914566969e+01   -8.7243623019e+00    3.7750982867e+00   -6.4930270920e+00   -3.6418099474e+01    2.0543663713e+04    2.0780182330e+00    9.9900735703e-01
        37   -3.5965053734e+01    1.2942007796e+03   -4.7814927324e+01    1.1849873589e+01   -8.7619451571e+00    3.8546688835e+00   -6.4895515759e+00   -3.6418099474e+01    2.0529239891e+04    2.0726357810e+00    9.9893688841e-01
        38   -3.5952553222e+01    1.2932903217e+03   -4.7838596533e+01    1.1886043311e+01   -8.7298961873e+00    3.8100038091e+00   -6.5006046809e+00   -3.6418099474e+01    2.0688292864e+04    2.1192886610e+00    9.9900223031e-01
        39   -3.5948072062e+01    1.2929881790e+03   -4.7799907460e+01    1.1851835398e+01   -8.7830226799e+00    3.8732493891e+00   -6.4720346946e+00   -3.6418099474e+01    2.0715093394e+04    2.0788068980e+00    9.9902771361e-01
        40   -3.5939545926e+01    1.2923208718e+03   -4.7797590915e+01    1.1858044989e+01   -8.7633284610e+00    3.8299110486e+00   -6.4460740284e+00   -3.6418099474e+01    2.0702459434e+04    2.0807311040e+00    9.9901857295e-01
        41   -3.5927885736e+01    1.2914948563e+03   -4.7807640483e+01    1.1879754747e+01   -8.7688941888e+00    3.8261963472e+00   -6.4468431674e+00   -3.6418099474e+01    2.0659407863e+04    2.0811515240e+00    9.9898724552e-01
        42   -3.5926863116e+01    1.2914341564e+03   -4.7826072532e+01    1.1899209416e+01   -8.7713145089e+00    3.8337852158e+00   -6.4704437645e+00   -3.6418099474e+01    2.0772141573e+04    2.0812262170e+00    9.9892920737e-01
        43   -3.5937539191e+01    1.2921666654e+03   -4.7974558187e+01    1.2037018996e+01   -8.6833553191e+00    3.5900855534e+00   -6.4631889468e+00   -3.6418099474e+01    2.0699881216e+04    2.0798068270e+00    9.9892705343e-01
        44   -3.5936333788e+01    1.2920954669e+03   -4.7853647391e+01    1.1917313603e+01   -8.7031266273e+00    3.7158279634e+00   -6.4482492529e+00   -3.6418099474e+01    2.0625574133e+04    2.0763286310e+00    9.9899586574e-01
        45   -3.5934731459e+01    1.2920370108e+03   -4.7827914261e+01    1.1893182802e+01   -8.7067780255e+00    3.7355386674e+00   -6.4385754284e+00   -3.6418099474e+01    2.0605738193e+04    2.0771411000e+00    9.9899142538e-01
        46   -3.5939786524e+01    1.2924063361e+03   -4.7925923419e+01    1.1986136895e+01   -8.6675589640e+00    3.5850874937e+00   -6.4253524746e+00   -3.6418099474e+01    2.0685930249e+04    2.0960441670e+00    9.9903157648e-01
        47   -3.5937202752e+01    1.2921837893e+03   -4.7942660795e+01    1.2005458043e+01   -8.6551312425e+00    3.5959162448e+00   -6.4653463233e+00   -3.6418099474e+01    2.0785545129e+04    2.0868565710e+00    9.9909812410e-01
        48   -3.5930304654e+01    1.2916753298e+03   -4.7907059385e+01    1.1976754730e+01   -8.6880603484e+00    3.6555210601e+00   -6.4564206222e+00   -3.6418099474e+01    2.0725545160e+04    2.0814461740e+00    9.9898530152e-01
        49   -3.5938835929e+01    1.2922975680e+03   -4.7876128257e+01    1.1937292328e+01   -8.7556575137e+00    3.7963974885e+00   -6.4987687577e+00   -3.6418099474e+01    2.0447842722e+04    2.0651432440e+00    9.9895733637e-01
        50   -3.5940516013e+01    1.2924538163e+03   -4.7824629463e+01    1.1884113450e+01   -8.7232283067e+00    3.8404627227e+00   -6.5237644045e+00   -3.6418099474e+01    2.0337667483e+04    2.0511389910e+00    9.9892876460e-01
        51   -3.5949020637e+01    1.2930781511e+03   -4.7931378333e+01    1.1982357696e+01   -8.7131217936e+00    3.7015451822e+00   -6.5017022476e+00   -3.6418099474e+01    2.0443498755e+04    2.0503339090e+00    9.9892029016e-01
        52   -3.5944061544e+01    1.2926873198e+03   -4.7885212133e+01    1.1941150589e+01   -8.7210322995e+00    3.7429309654e+00   -6.4890113252e+00   -3.6418099474e+01    2.0506860448e+04    2.0618649460e+00    9.9901079074e-01
        53   -3.5930624346e+01    1.2917305887e+03   -4.7985163940e+01    1.2054539595e+01   -8.6913925868e+00    3.6138882018e+00   -6.4895600812e+00   -3.6418099474e+01    2.0390307625e+04    2.0479419120e+00    9.9906300790e-01
        54   -3.5944262475e+01    1.2926957816e+03   -4.7840611186e+01    1.1896348711e+01   -8.7868794015e+00    3.8374730358e+00   -6.4731053465e+00   -3.6418099474e+01    2.0387961425e+04    2.0373502620e+00    9.9896117274e-01
        55   -3.5956492155e+01    1.2935757023e+03   -4.7923426953e+01    1.1966934798e+01   -8.7264138433e+00    3.6912562966e+00   -6.4701699326e+00   -3.6418099474e+01    2.0557876575e+04    2.0687776940e+00    9.9903399772e-01
        56   -3.5938326256e+01    1.2922543696e+03   -4.7887083623e+01    1.1948757368e+01   -8.7387423445e+00    3.7711748769e+00   -6.5014166813e+00   -3.6418099474e+01    2.0578939336e+04    2.0660156660e+00    9.9897096490e-01
        57   -3.5952958288e+01    1.2932676136e+03   -4.7924175187e+01    1.1971216899e+01   -8.7489241561e+00    3.7212438305e+00   -6.4783953869e+00   -3.6418099474e+01    2.0505278507e+04    2.0520733750e+00    9.9902806421e-01
        58   -3.5956860062e+01    1.2935885305e+03   -4.7921558494e+01    1.1964698432e+01   -8.7388375934e+00    3.7245816719e+00   -6.4892030984e+00   -3.6418099474e+01    2.0577657891e+04    2.0622852500e+00    9.9898807210e-01
        59   -3.5934594681e+01    1.2919681659e+03   -4.7931218367e+01    1.1996623686e+01   -8.7400644267e+00    3.7152165623e+00   -6.4882710283e+00   -3.6418099474e+01    2.0655580416e+04    2.0869710460e+00    9.9906301646e-01
        60   -3.5931912200e+01    1.2917765022e+03   -4.7939426241e+01    1.2007514041e+01   -8.7815192115e+00    3.7544062915e+00   -6.4942138472e+00   -3.6418099474e+01    2.0610265191e+04    2.0651057340e+00    9.9899860012e-01
        61   -3.5939186509e+01    1.2922993682e+03   -4.7915996331e+01    1.1976809822e+01   -8.8716481227e+00    3.8632333480e+00   -6.4894820817e+00   -3.6418099474e+01    2.0678977852e+04    2.0754629830e+00    9.9893281943e-01
        62   -3.5951258138e+01    1.2931732678e+03   -4.7941285191e+01    1.1990027053e+01   -8.8072485637e+00    3.7627770401e+00   -6.4787141935e+00   -3.6418099474e+01    2.0744077210e+04    2.0852402580e+00    9.9893778191e-01
        63   -3.5943700791e+01    1.2926093790e+03   -4.7961718859e+01    1.2018018068e+01   -8.7558013727e+00    3.6601571483e+00   -6.4479751603e+00   -3.6418099474e+01    2.0808591181e+04    2.0871977210e+00    9.9902185552e-01
        64   -3.5938009057e+01    1.2922237959e+03   -4.7963748947e+01    1.2025739890e+01   -8.6280158249e+00    3.5288924167e+00   -6.4465260644e+00   -3.6418099474e+01    2.0798394707e+04    2.0858954730e+00    9.9902314913e-01
        65   -3.5941209672e+01    1.2924685373e+03   -4.7849883685e+01    1.1908674013e+01   -8.6590611747e+00    3.7057007834e+00   -6.4784238193e+00   -3.6418099474e+01    2.0635882453e+04    2.0691450480e+00    9.9899111210e-01
        66   -3.5951469437e+01    1.2932215022e+03   -4.7753270900e+01    1.1801801463e+01   -8.6770155601e+00    3.8168119440e+00   -6.4749678100e+00   -3.6418099474e+01    2.0610505021e+04    2.0749802190e+00    9.9900360435e-01
        67   -3.5950934537e+01    1.2931697274e+03   -4.7803819556e+01    1.1852885019e+01   -8.6816567578e+00    3.7883371141e+00   -6.4924004383e+00   -3.6418099474e+01    2.0704843919e+04    2.1649563860e+00    9.9897200259e-01
        68   -3.5940361869e+01    1.2923781128e+03   -4.7896625500e+01    1.1956263631e+01   -8.6784719773e+00    3.7044928791e+00   -6.5045469278e+00   -3.6418099474e+01    2.0629644289e+04    2.0774615050e+00    9.9895792943e-01
        69   -3.5922445988e+01    1.2910914522e+03   -4.7865057579e+01    1.1942611591e+01   -8.7230104805e+00    3.7821716663e+00   -6.5061192902e+00   -3.6418099474e+01    2.0460089115e+04    2.0401912690e+00    9.9899125991e-01
        70   -3.5918799324e+01    1.2908395575e+03   -4.7758962331e+01    1.1840163007e+01   -8.7509537289e+00    3.9088496565e+00   -6.4987587846e+00   -3.6418099474e+01    2.0390707028e+04    2.0262081590e+00    9.9893356215e-01
        71   -3.5941811900e+01    1.2924834516e+03   -4.7833438439e+01    1.1891626539e+01   -8.7816350435e+00    3.8648029929e+00   -6.4985069138e+00   -3.6418099474e+01    2.0379578833e+04    2.0301596590e+00    9.9904488514e-01
        72   -3.5938391607e+01    1.2922409300e+03   -4.7956236337e+01    1.2017844730e+01   -8.8228751004e+00    3.7750143928e+00   -6.4902761549e+00   -3.6418099474e+01    2.0512862372e+04    2.0663970080e+00    9.9903027897e-01
        73   -3.5930879595e+01    1.2917472516e+03   -4.8012871449e+01    1.2081991854e+01   -8.7749513009e+00    3.6710392110e+00   -6.4908598848e+00   -3.6418099474e+01    2.0505260310e+04    2.0615376720e+00    9.9901954638e-01
        74   -3.5928166367e+01    1.2915219863e+03   -4.7993956020e+01    1.2065789653e+01   -8.7494356939e+00    3.6647823781e+00   -6.4912032299e+00   -3.6418099474e+01    2.0337109248e+04    2.0399690530e+00    9.9895169730e-01
        75   -3.5933894098e+01    1.2919166273e+03   -4.7885668376e+01    1.1951774278e+01   -8.7624404673e+00    3.7464439385e+00   -6.4515723731e+00   -3.6418099474e+01    2.0404075626e+04    2.0396775930e+00    9.9897784157e-01
        76   -3.5934947881e+01    1.2920533082e+03   -4.7847491785e+01    1.1912543904e+01   -8.7257779481e+00    3.7668891220e+00   -6.4705034852e+00   -3.6418099474e+01    2.0392000216e+04    2.0308408660e+00    9.9895622447e-01
        77   -3.5936870723e+01    1.2922429102e+03   -4.7799132238e+01    1.1862261515e+01   -8.7290717761e+00    3.8034170966e+00   -6.4553780838e+00   -3.6418099474e+01    2.0338435448e+04    2.0287403570e+00    9.9899379065e-01
        78   -3.5928010303e+01    1.2915504459e+03   -4.7761504355e+01    1.1833494053e+01   -8.7368647014e+00    3.8783748385e+00   -6.4849150182e+00   -3.6418099474e+01    2.0363275072e+04    2.0267895910e+00    9.9898810985e-01
        79   -3.5950063731e+01    1.2931394695e+03   -4.7828013980e+01    1.1877950248e+01   -8.6907702537e+00    3.7506357251e+00   -6.4697799768e+00   -3.6418099474e+01    2.0467442700e+04    2.0450497790e+00    9.9897739805e-01
        80   -3.5961196164e+01    1.2940414037e+03   -4.7931884259e+01    1.1970688095e+01   -8.7026818357e+00    3.6719095341e+00   -6.4830124835e+00   -3.6418099474e+01    2.0507676238e+04    2.0562973720e+00    9.9892181317e-01
        81   -3.5957363224e+01    1.2936526531e+03   -4.7912390164e+01    1.1955026941e+01   -8.7295480269e+00    3.7222656418e+00   -6.4870083050e+00   -3.6418099474e+01    2.0411464325e+04    2.0311291400e+00    9.9898674189e-01
        82   -3.5950924442e+01    1.2931966035e+03   -4.7737964743e+01    1.1787040301e+01   -8.7795288150e+00    3.9367950727e+00   -6.4771315262e+00   -3.6418099474e+01    2.0355112689e+04    2.0225544350e+00    9.9892955413e-01
        83   -3.5946924273e+01    1.2928879239e+03   -4.7819016982e+01    1.1872092709e+01   -8.7800851649e+00    3.8630442110e+00   -6.4838765540e+00   -3.6418099474e+01    2.0437793415e+04    2.0368538130e+00    9.9889730810e-01
        84   -3.5962937124e+01    1.2940504882e+03   -4.7865914395e+01    1.1902977271e+01   -8.7389150500e+00    3.8042864952e+00   -6.5131863659e+00   -3.6418099474e+01    2.0537766215e+04    2.0677360060e+00    9.9892338839e-01
        85   -3.5961389296e+01    1.2939738299e+03   -4.7854371086e+01    1.1892981790e+01   -8.7020672692e+00    3.7684885459e+00   -6.5026928889e+00   -3.6418099474e+01    2.0715476884e+04    2.0831750370e+00    9.9899653788e-01
        86   -3.5952203672e+01    1.2932949025e+03   -4.7869142242e+01    1.1916938570e+01   -8.6407196797e+00    3.6816324226e+00   -6.4919555105e+00   -3.6418099474e+01    2.0716501097e+04    2.0697375790e+00    9.9897427234e-01
        87   -3.5934384393e+01    1.2919980875e+03   -4.7865372336e+01    1.1930987943e+01   -8.6644027184e+00    3.6792366233e+00   -6.4621067662e+00   -3.6418099474e+01    2.0627320074e+04    2.0678802380e+00    9.9901846735e-01
        88   -3.5916453876e+01    1.2907037402e+03   -4.7788455331e+01    1.1872001454e+01   -8.6869122173e+00    3.7879141044e+00   -6.4713577436e+00   -3.6418099474e+01    2.0585625998e+04    2.0612502700e+00    9.9903395216e-01
        89   -3.5921668217e+01    1.2910723474e+03   -4.7888133061e+01    1.1966464844e+01   -8.6867722925e+00    3.7046236670e+00   -6.4878849609e+00   -3.6418099474e+01    2.0621905922e+04    2.0619508640e+00    9.9897850356e-01
        90   -3.5948738036e+01    1.2930419498e+03   -4.7885250080e+01    1.1936512044e+01   -8.5930700041e+00    3.6387373276e+00   -6.5128179298e+00   -3.6418099474e+01    2.0457053319e+04    2.0457560950e+00    9.9896816861e-01
        91   -3.5941156337e+01    1.2924508381e+03   -4.7796911889e+01    1.1855755552e+01   -8.5259757242e+00    3.6755858171e+00   -6.5284225074e+00   -3.6418099474e+01    2.0345965312e+04    2.0239115680e+00    9.9899062599e-01
        92   -3.5938237195e+01    1.2922660749e+03   -4.7801386322e+01    1.1863149126e+01   -8.5660180229e+00    3.6777898158e+00   -6.4950586404e+00   -3.6418099474e+01    2.0304178085e+04    2.0184453440e+00    9.9900612858e-01
        93   -3.5946641819e+01    1.2928544920e+03   -4.7814665650e+01    1.1868023831e+01   -8.5991269501e+00    3.6671702719e+00   -6.4646094974e+00   -3.6418099474e+01    2.0316182005e+04    2.0245860170e+00    9.9899611809e-01
        94   -3.5961207784e+01    1.2939294747e+03   -4.7891560620e+01    1.1930352836e+01   -8.6702036652e+00    3.6678141167e+00   -6.4710715977e+00   -3.6418099474e+01    2.0329231002e+04    2.0280967900e+00    9.9893159389e-01
        95   -3.5967935838e+01    1.2944152927e+03   -4.7889803121e+01    1.1921867283e+01   -8.6009283070e+00    3.5830023984e+00   -6.4537777388e+00   -3.6418099474e+01    2.0337461238e+04    2.0241522920e+00    9.9900047078e-01
        96   -3.5943485182e+01    1.2926497641e+03   -4.7803034045e+01    1.1859548863e+01   -8.5867074033e+00    3.6665251447e+00   -6.4647523124e+00   -3.6418099474e+01    2.0454312248e+04    2.0591776910e+00    9.9894013047e-01
        97   -3.5930893682e+01    1.2917294252e+03   -4.7803751926e+01    1.1872858244e+01   -8.6577895079e+00    3.7262116883e+00   -6.4540746325e+00   -3.6418099474e+01    2.0492446100e+04    2.0509522670e+00    9.9906771686e-01
        98   -3.5937881834e+01    1.2922974676e+03   -4.7836136710e+01    1.1898254876e+01   -8.6858197236e+00    3.7204169802e+00   -6.4526344923e+00   -3.6418099474e+01    2.0483566434e+04    2.0479642350e+00    9.9896788591e-01
        99   -3.5944892529e+01    1.2927931796e+03   -4.7811687581e+01    1.1866795053e+01   -8.6933817008e+00    3.7638951835e+00   -6.4641015898e+00   -3.6418099474e+01    2.0446196855e+04    2.0364014240e+00    9.9900259918e-01
       100   -3.5941265733e+01    1.2924718400e+03   -4.7824936618e+01    1.1883670885e+01   -8.6394035188e+00    3.7330426217e+00   -6.5004762468e+00   -3.6418099474e+01    2.0343940331e+04    2.0179117080e+00    9.9898525993e-01
       101   -3.5914722511e+01    1.2905379076e+03   -4.7770858047e+01    1.1856135536e+01   -8.6192390159e+00    3.7639910024e+00   -6.4975105598e+00   -3.6418099474e+01    2.0187225754e+04    2.0019831760e+00    9.9895988113e-01
       102   -3.5912838886e+01    1.2904394129e+03   -4.7794941275e+01    1.1882102389e+01   -8.6286256294e+00    3.7243669227e+00   -6.4725830944e+00   -3.6418099474e+01    2.0222410304e+04    2.0154743420e+00    9.9891935416e-01
       103   -3.5902925339e+01    1.2896899846e+03   -4.7827200610e+01    1.1924275271e+01   -8.7376679605e+00    3.7979103116e+00   -6.4693434866e+00   -3.6418099474e+01    2.0256123941e+04    2.0193388780e+00    9.9901293061e-01
       104   -3.5907407347e+01    1.2900204981e+03   -4.7885609144e+01    1.1978201797e+01   -8.6959516313e+00    3.6962135071e+00   -6.4677715461e+00   -3.6418099474e+01    2.0072943141e+04    1.9964382500e+00    9.9907316483e-01
       105   -3.5908501552e+01    1.2901076309e+03   -4.7908880710e+01    1.2000379158e+01   -8.6335601274e+00    3.6183498700e+00   -6.4755709780e+00   -3.6418099474e+01    1.9988287312e+04    1.9926118170e+00    9.9901736583e-01
       106   -3.5912216042e+01    1.2903384947e+03   -4.7929244608e+01    1.2017028566e+01   -8.6155090377e+00    3.5958503499e+00   -6.4914864465e+00   -3.6418099474e+01    2.0001728855e+04    1.9951338780e+00    9.9903407346e-01
       107   -3.5915901711e+01    1.2906123629e+03   -4.7792192603e+01    1.1876290892e+01   -8.6374887056e+00    3.7744972928e+00   -6.5111017158e+00   -3.6418099474e+01    1.9999666641e+04    1.9964758550e+00    9.9898571429e-01
       108   -3.5917461033e+01    1.2907331826e+03   -4.7778970214e+01    1.1861509181e+01   -8.6402633511e+00    3.7835790057e+00   -6.5041863945e+00   -3.6418099474e+01    2.0015712264e+04    2.0053843050e+00    9.9900436793e-01
       109   -3.5930726139e+01    1.2916906657e+03   -4.7838826166e+01    1.1908100027e+01   -8.6287096735e+00    3.7346986702e+00   -6.5267156882e+00   -3.6418099474e+01    2.0094856311e+04    2.0161638420e+00    9.9901884807e-01
       110   -3.5918968874e+01    1.2908312556e+03   -4.7849690435e+01    1.1930721561e+01   -8.5800466642e+00    3.6547219710e+00   -6.5062662672e+00   -3.6418099474e+01    2.0054710349e+04    1.9993400890e+00    9.9897424939e-01
       111   -3.5922718412e+01    1.2911669235e+03   -4.7835989004e+01    1.1913270592e+01   -8.6305200223e+00    3.7122168866e+00   -6.4995863941e+00   -3.6418099474e+01    2.0048536209e+04    1.9955180970e+00    9.9898101699e-01
       112   -3.5934948847e+01    1.2920021321e+03   -4.7882034299e+01    1.1947085452e+01   -8.5331993062e+00    3.5842529848e+00   -6.5149885033e+00   -3.6418099474e+01    2.0054014706e+04    1.9971954910e+00    9.9902569875e-01
       113   -3.5930468252e+01    1.2916621680e+03   -4.7960582481e+01    1.2030114230e+01   -8.4404534458e+00    3.4145427425e+00   -6.5165723038e+00   -3.6418099474e+01    1.9976125157e+04    1.9935231850e+00    9.9895215684e-01
       114   -3.5926009860e+01    1.2913556991e+03   -4.7968040174e+01    1.2042030314e+01   -8.5644503859e+00    3.5401352823e+00   -6.5256255958e+00   -3.6418099474e+01    1.9992841500e+04    1.9913265380e+00    9.9901741498e-01
       115   -3.5939864892e+01    1.2923788652e+03   -4.7885027242e+01    1.1945162350e+01   -8.6412864952e+00    3.7118451721e+00   -6.5374864450e+00   -3.6418099474e+01    1.9874687557e+04    1.9794283420e+00    9.9904373647e-01
       116   -3.5934524132e+01    1.2919749962e+03   -4.7879621949e+01    1.1945097816e+01   -8.6532173960e+00    3.7354794773e+00   -6.5437845557e+00   -3.6418099474e+01    1.9833453395e+04    1.9704179830e+00    9.9896070492e-01
       117   -3.5934652649e+01    1.2919886690e+03   -4.7764642978e+01    1.1829990330e+01   -8.6122104029e+00    3.8279577580e+00   -6.5622908593e+00   -3.6418099474e+01    1.9826398945e+04    2.0203695130e+00    9.9901619494e-01
       118   -3.5933954111e+01    1.2919158775e+03   -4.7785907712e+01    1.1851953601e+01   -8.6060633699e+00    3.7975952453e+00   -6.5593401133e+00   -3.6418099474e+01    2.0060134499e+04    2.0013508580e+00    9.9898681615e-01
       119   -3.5951005155e+01    1.2931231755e+03   -4.7862131057e+01    1.1911125901e+01   -8.5408127115e+00    3.6711430526e+00   -6.5743619235e+00   -3.6418099474e+01    2.0209888600e+04    2.0197599340e+00    9.9898893485e-01
       120   -3.5950915463e+01    1.2931235197e+03   -4.7807771642e+01    1.1856856179e+01   -8.5360200537e+00    3.7163077617e+00   -6.5699598756e+00   -3.6418099474e+01    2.0233639891e+04    2.0180734290e+00    9.9896894840e-01
       121   -3.5952105326e+01    1.2932327324e+03   -4.7848526264e+01    1.1896420938e+01   -8.5268173030e+00    3.6562836786e+00   -6.5598931655e+00   -3.6418099474e+01    2.0322977549e+04    2.0212503730e+00    9.9899636512e-01
       122   -3.5952100280e+01    1.2932280222e+03   -4.7861237291e+01    1.1909137011e+01   -8.5864750230e+00    3.6773400086e+00   -6.5340028027e+00   -3.6418099474e+01    2.0492382339e+04    2.0433013580e+00    9.9898905389e-01
       123   -3.5949943615e+01    1.2930350446e+03   -4.7912871475e+01    1.1962927861e+01   -8.5345135467e+00    3.5995154572e+00   -6.5597739114e+00   -3.6418099474e+01    2.0436398452e+04    2.0317884550e+00    9.9904920371e-01
       124   -3.5952919834e+01    1.2932430917e+03   -4.8005149780e+01    1.2052229946e+01   -8.4603099136e+00    3.4646139272e+00   -6.5913543195e+00   -3.6418099474e+01    2.0581778392e+04    2.0566115860e+00    9.9900909343e-01
       125   -3.5940661626e+01    1.2923802187e+03   -4.7954845383e+01    1.2014183757e+01   -8.5407088632e+00    3.6002200398e+00   -6.5962570859e+00   -3.6418099474e+01    2.0610783138e+04    2.0699149710e+00    9.9895172022e-01
       126   -3.5972469513e+01    1.2946719170e+03   -4.7930966857e+01    1.1958497345e+01   -8.6333837128e+00    3.6981083657e+00   -6.5775920360e+00   -3.6418099474e+01    2.0538661507e+04    2.0636944090e+00    9.9895464444e-01
       127   -3.5974853156e+01    1.2948814525e+03   -4.7953065355e+01    1.1978212199e+01   -8.6579682618e+00    3.6673217964e+00   -6.5443194154e+00   -3.6418099474e+01    2.0583925033e+04    2.0738347120e+00    9.9893263263e-01
       128   -3.5953268660e+01    1.2933179810e+03   -4.7803034506e+01    1.1849765846e+01   -8.6924931981e+00    3.8573235830e+00   -6.5497654170e+00   -3.6418099474e+01    2.0537881311e+04    2.0541533120e+00    9.9898262285e-01
       129   -3.5961891990e+01    1.2939356461e+03   -4.7893102503e+01    1.1931210513e+01   -8.6459306657e+00    3.7048720352e+00   -6.5339443979e+00   -3.6418099474e+01    2.0484207374e+04    2.0403352290e+00    9.9899727958e-01
       130   -3.5953711713e+01    1.2933627160e+03   -4.7948340738e+01    1.1994629025e+01   -8.6722713040e+00    3.6621146438e+00   -6.5200846040e+00   -3.6418099474e+01    2.0595581737e+04    2.0587386560e+00    9.9900456444e-01
       131   -3.5961791941e+01    1.2939365600e+03   -4.7959529570e+01    1.1997737628e+01   -8.6881306669e+00    3.6570608279e+00   -6.5103602564e+00   -3.6418099474e+01    2.0715970495e+04    2.0735206180e+00    9.9900515869e-01
       132   -3.5944826351e+01    1.2927089440e+03   -4.7946451352e+01    1.2001625002e+01   -8.6551586521e+00    3.6393117946e+00   -6.5125050206e+00   -3.6418099474e+01    2.0657951142e+04    2.0690930330e+00    9.9895237634e-01
       133   -3.5945942331e+01    1.2927729289e+03   -4.7940739864e+01    1.1994797533e+01   -8.6275371663e+00    3.6356233590e+00   -6.5307265827e+00   -3.6418099474e+01    2.0632170117e+04    2.0720641170e+00    9.9903240994e-01
       134   -3.5934890313e+01    1.2919789195e+03   -4.7953196687e+01    1.2018306373e+01   -8.5826583925e+00    3.6097103997e+00   -6.5621492196e+00   -3.6418099474e+01    2.0537853077e+04    2.0451591170e+00    9.9907323689e-01
       135   -3.5923629075e+01    1.2911617089e+03   -4.7988896414e+01    1.2065267339e+01   -8.5689831012e+00    3.5561768735e+00   -6.5579907120e+00   -3.6418099474e+01    2.0397157183e+04    2.0172761920e+00    9.9896533613e-01
       136   -3.5920926809e+01    1.2909726347e+03   -4.7992334994e+01    1.2071408184e+01   -8.5674736722e+00    3.5682478398e+00   -6.5750096869e+00   -3.6418099474e+01    2.0249072019e+04    2.0118194780e+00    9.9894890552e-01
       137   -3.5932239091e+01    1.2918332804e+03   -4.7898560151e+01    1.1966321060e+01   -8.5738076652e+00    3.6666171333e+00   -6.5732701446e+00   -3.6418099474e+01    2.0296787822e+04    2.0167129370e+00    9.9900759437e-01
       138   -3.5922719329e+01    1.2911198075e+03   -4.7815738866e+01    1.1893019537e+01   -8.6028240045e+00    3.7452175567e+00   -6.5400329442e+00   -3.6418099474e+01    2.0238821614e+04    2.0115949440e+00    9.9904009034e-01
       139   -3.5930433457e+01    1.2916807554e+03   -4.7927201755e+01    1.1996768298e+01   -8.6398822902e+00    3.6446007863e+00   -6.5138207766e+00   -3.6418099474e+01    2.0188294440e+04    2.0091631230e+00    9.9903231057e-01
       140   -3.5926276289e+01    1.2913714314e+03   -4.7907352026e+01    1.1981075737e+01   -8.7053226908e+00    3.7335202708e+00   -6.5174501320e+00   -3.6418099474e+01    2.0227665700e+04    2.0070482110e+00    9.9896536625e-01
       141   -3.5914972211e+01    1.2905333638e+03   -4.7840888878e+01    1.1925916667e+01   -8.6548276545e+00    3.7643453328e+00   -6.5323070823e+00   -3.6418099474e+01    2.0273814066e+04    2.0163032910e+00    9.9907178436e-01
       142   -3.5925872290e+01    1.2913319038e+03   -4.7896435066e+01    1.1970562776e+01   -8.6177626095e+00    3.6620564976e+00   -6.5226294795e+00   -3.6418099474e+01    2.0160127671e+04    2.0079786640e+00    9.9901325113e-01
       143   -3.5920917659e+01    1.2909689313e+03   -4.7820299469e+01    1.1899381809e+01   -8.6568390445e+00    3.7848386885e+00   -6.5301996384e+00   -3.6418099474e+01    1.9967670582e+04    1.9919266050e+00    9.9892858932e-01
       144   -3.5931685192e+01    1.2917541359e+03   -4.7713161343e+01    1.1781476151e+01   -8.7707858778e+00    4.0080239400e+00   -6.5322999314e+00   -3.6418099474e+01    1.9806937222e+04    1.9656096630e+00    9.9898278673e-01
       145   -3.5920447059e+01    1.2909573648e+03   -4.7816285593e+01    1.1895838534e+01   -8.6638259150e+00    3.7881132924e+00   -6.5224734959e+00   -3.6418099474e+01    1.9891850931e+04    1.9940887310e+00    9.9904654169e-01
       146   -3.5915031518e+01    1.2905801366e+03   -4.7883427220e+01    1.1968395702e+01   -8.7204246465e+00    3.7828026776e+00   -6.5277057773e+00   -3.6418099474e+01    2.0054546011e+04    2.0068761720e+00    9.9900096164e-01
       147   -3.5901655585e+01    1.2896009835e+03   -4.7899924965e+01    1.1998269381e+01   -8.7112161510e+00    3.7568570768e+00   -6.5274664169e+00   -3.6418099474e+01    2.0037464198e+04    2.0073753560e+00    9.9899313550e-01
       148   -3.5921266128e+01    1.2910086071e+03   -4.7995688082e+01    1.2074421954e+01   -8.6738676118e+00    3.6065592734e+00   -6.5102802693e+00   -3.6418099474e+01    1.9895876142e+04    1.9944082690e+00    9.9900903359e-01
       149   -3.5935308663e+01    1.2920976442e+03   -4.8020730247e+01    1.2085421584e+01   -8.6364434162e+00    3.5471733329e+00   -6.5133606894e+00   -3.6418099474e+01    2.0053473817e+04    2.0078121820e+00    9.9896686854e-01
       150   -3.5944649255e+01    1.2927487900e+03   -4.7986628813e+01    1.2041979558e+01   -8.6912031920e+00    3.6542233139e+00   -6.5315494608e+00   -3.6418099474e+01    2.0195784149e+04    2.0168908670e+00    9.9902365859e-01
       151   -3.5949369889e+01    1.2930380039e+03   -4.7921573023e+01    1.1972203134e+01   -8.6808716326e+00    3.7226756138e+00   -6.5452775297e+00   -3.6418099474e+01    2.0339459341e+04    2.0233601750e+00    9.9902530347e-01
       152   -3.5943120416e+01    1.2926093163e+03   -4.7891432488e+01    1.1948312072e+01   -8.7352582779e+00    3.8067118291e+00   -6.5447865650e+00   -3.6418099474e+01    2.0342116730e+04    2.0200060190e+00    9.9900442478e-01
       153   -3.5944560211e+01    1.2927104192e+03   -4.7902038622e+01    1.1957478411e+01   -8.6861082061e+00    3.7244743546e+00   -6.5223052966e+00   -3.6418099474e+01    2.0362145043e+04    2.0243242720e+00    9.9895102442e-01
       154   -3.5948276091e+01    1.2929841262e+03   -4.7964673350e+01    1.2016397259e+01   -8.6687690630e+00    3.6276220133e+00   -6.5054268261e+00   -3.6418099474e+01    2.0333719656e+04    2.0437496710e+00    9.9895655473e-01
       155   -3.5948205725e+01    1.2929914428e+03   -4.7980457641e+01    1.2032251916e+01   -8.6529114296e+00    3.6177745532e+00   -6.5272212904e+00   -3.6418099474e+01    2.0265792856e+04    2.0597111420e+00    9.9891598629e-01
       156   -3.5951719261e+01    1.2932406945e+03   -4.8020004537e+01    1.2068285276e+01   -8.6422268463e+00    3.5377686879e+00   -6.4974469041e+00   -3.6418099474e+01    2.0284154624e+04    2.0136135900e+00    9.9895569174e-01
       157   -3.5963134471e+01    1.2940675588e+03   -4.7976719664e+01    1.2013585193e+01   -8.6068614957e+00    3.5391033767e+00   -6.4908620711e+00   -3.6418099474e+01    2.0398909845e+04    2.0244248380e+00    9.9898774790e-01
       158   -3.5947913441e+01    1.2929942260e+03   -4.7942263010e+01    1.1994349569e+01   -8.5934780767e+00    3.5787570100e+00   -6.5094424689e+00   -3.6418099474e+01    2.0515324022e+04    2.0504201510e+00    9.9897108595e-01
       159   -3.5935365069e+01    1.2920566549e+03   -4.7886821059e+01    1.1951455990e+01   -8.5766817613e+00    3.6337694509e+00   -6.5258092744e+00   -3.6418099474e+01    2.0560147274e+04    2.0642108280e+00    9.9897348785e-01
       160   -3.5942612943e+01    1.2925858708e+03   -4.7892220200e+01    1.1949607257e+01   -8.6528293503e+00    3.6676575646e+00   -6.4889489400e+00   -3.6418099474e+01    2.0608115110e+04    2.0745904280e+00    9.9909540215e-01
       161   -3.5939843793e+01    1.2923961116e+03   -4.7856583950e+01    1.1916740157e+01   -8.6876489221e+00    3.7208485364e+00   -6.4716840901e+00   -3.6418099474e+01    2.0633326355e+04    2.0757153130e+00    9.9898750389e-01
       162   -3.5933905802e+01    1.2919860008e+03   -4.7829175234e+01    1.1895269432e+01   -8.6294176728e+00    3.6750759488e+00   -6.4567340354e+00   -3.6418099474e+01    2.0534859613e+04    2.0578633970e+00    9.9895658707e-01
       163   -3.5952938065e+01    1.2933463201e+03   -4.7801882696e+01    1.1848944632e+01   -8.5732535432e+00    3.6342420612e+00   -6.4447717401e+00   -3.6418099474e+01    2.0512391539e+04    2.0536565740e+00    9.9899178101e-01
       164   -3.5942892964e+01    1.2926423419e+03   -4.7806266572e+01    1.1863373607e+01   -8.5498256270e+00    3.6138180588e+00   -6.4521595293e+00   -3.6418099474e+01    2.0636934165e+04    2.0670059600e+00    9.9889247297e-01
       165   -3.5944771303e+01    1.2927908796e+03   -4.7808990148e+01    1.1864218845e+01   -8.5590197862e+00    3.6191452488e+00   -6.4510161362e+00   -3.6418099474e+01    2.0561135567e+04    2.0640124710e+00    9.9895433102e-01
       166   -3.5946213779e+01    1.2928794441e+03   -4.7833371862e+01    1.1887158082e+01   -8.6115915856e+00    3.6674092291e+00   -6.4710900311e+00   -3.6418099474e+01    2.0536870163e+04    2.0489301930e+00    9.9901566587e-01
       167   -3.5941257611e+01    1.2924770068e+03   -4.7849117932e+01    1.1907860321e+01   -8.6476115235e+00    3.7300321907e+00   -6.5134391251e+00   -3.6418099474e+01    2.0591430933e+04    2.0600180020e+00    9.9902528028e-01
       168   -3.5908733050e+01    1.2901275826e+03   -4.7876504643e+01    1.1967771593e+01   -8.6705129160e+00    3.7514334819e+00   -6.5393257351e+00   -3.6418099474e+01    2.0510997973e+04    2.0466831970e+00    9.9900087728e-01
       169   -3.5925969950e+01    1.2913395660e+03   -4.7879182954e+01    1.1953213004e+01   -8.6826712952e+00    3.7376704767e+00   -6.5160826610e+00   -3.6418099474e+01    2.0504851605e+04    2.0461292310e+00    9.9897426788e-01
       170   -3.5942964516e+01    1.2925834125e+03   -4.7953592084e+01    1.2010627568e+01   -8.6580065089e+00    3.6683005968e+00   -6.5457866980e+00   -3.6418099474e+01    2.0430556060e+04    2.0283776660e+00    9.9893014475e-01
       171   -3.5936673420e+01    1.2920988609e+03   -4.7912565736e+01    1.1975892316e+01   -8.6427550681e+00    3.6826377750e+00   -6.5343489685e+00   -3.6418099474e+01    2.0329670562e+04    2.0156850290e+00    9.9906186096e-01
       172   -3.5921850555e+01    1.2910442265e+03   -4.7840670357e+01    1.1918819803e+01   -8.6499153138e+00    3.7550264103e+00   -6.5276819796e+00   -3.6418099474e+01    2.0350818044e+04    2.0191200090e+00    9.9904015554e-01
       173   -3.5920165597e+01    1.2909545733e+03   -4.7803649199e+01    1.1883483602e+01   -8.6565939559e+00    3.8062081203e+00   -6.5351638893e+00   -3.6418099474e+01    2.0366047804e+04    2.0212035790e+00    9.9897077492e-01
       174   -3.5925022362e+01    1.2913252458e+03   -4.7800161089e+01    1.1875138727e+01   -8.6631175422e+00    3.8006213545e+00   -6.5195654271e+00   -3.6418099474e+01    2.0269660666e+04    2.0152694570e+00    9.9900103596e-01
       175   -3.5932393120e+01    1.2918298005e+03   -4.7720105668e+01    1.1787712548e+01   -8.6774599782e+00    3.8948889983e+00   -6.5194352143e+00   -3.6418099474e+01    2.0224066103e+04    2.0121448710e+00    9.9900572898e-01
       176   -3.5923191987e+01    1.2911649696e+03   -4.7633133446e+01    1.1709941459e+01   -8.6256225623e+00    3.9022753712e+00   -6.4916867805e+00   -3.6418099474e+01    2.0252847792e+04    2.0204812950e+00    9.9900372413e-01
       177   -3.5936007802e+01    1.2920377530e+03   -4.7705612831e+01    1.1769605028e+01   -8.5561955580e+00    3.7455286223e+00   -6.4768464206e+00   -3.6418099474e+01    2.0427975796e+04    2.0446679220e+00    9.9901046183e-01
       178   -3.5945805227e+01    1.2927988268e+03   -4.7744588896e+01    1.1798783669e+01   -8.5598029069e+00    3.7113920159e+00   -6.4780785307e+00   -3.6418099474e+01    2.0503043293e+04    2.0445494240e+00    9.9902622741e-01
       179   -3.5947350736e+01    1.2929078031e+03   -4.7866247637e+01    1.1918896901e+01   -8.5417438905e+00    3.5883155504e+00   -6.4947198230e+00   -3.6418099474e+01    2.0618249458e+04    2.0649986990e+00    9.9894682871e-01
       180   -3.5953165415e+01    1.2934036950e+03   -4.7887834428e+01    1.1934669014e+01   -8.6484266563e+00    3.6887829961e+00   -6.5100912940e+00   -3.6418099474e+01    2.0555355254e+04    2.0543323040e+00    9.9893486148e-01
       181   -3.5969126525e+01    1.2945012512e+03   -4.7928104370e+01    1.1958977846e+01   -8.6564898645e+00    3.6324929610e+00   -6.4860079927e+00   -3.6418099474e+01    2.0424442192e+04    2.0343969590e+00    9.9895575333e-01
       182   -3.5960877554e+01    1.2939291724e+03   -4.7907948033e+01    1.1947070479e+01   -8.6964145281e+00    3.6669617212e+00   -6.4603957518e+00   -3.6418099474e+01    2.0570197359e+04    2.0602502420e+00    9.9892511582e-01
       183   -3.5941604095e+01    1.2924730170e+03   -4.7920779047e+01    1.1979174952e+01   -8.6507573527e+00    3.6320346267e+00   -6.4839568471e+00   -3.6418099474e+01    2.0509336409e+04    2.0462633560e+00    9.9900043883e-01
       184   -3.5939847739e+01    1.2923545285e+03   -4.7815375787e+01    1.1875528048e+01   -8.6532475666e+00    3.7734560743e+00   -6.5174848208e+00   -3.6418099474e+01    2.0532020844e+04    2.0729339240e+00    9.9904856990e-01
       185   -3.5949466848e+01    1.2930152674e+03   -4.7802110180e+01    1.1852643333e+01   -8.6709436421e+00    3.7838693431e+00   -6.4969364070e+00   -3.6418099474e+01    2.0409820513e+04    2.0341896230e+00    9.9895519045e-01
       186   -3.5937191788e+01    1.2921503176e+03   -4.7786432712e+01    1.1849240924e+01   -8.7171357566e+00    3.8698232070e+00   -6.5210206886e+00   -3.6418099474e+01    2.0518148083e+04    2.0450603540e+00    9.9904792074e-01
       187   -3.5929704502e+01    1.2916371532e+03   -4.7795259844e+01    1.1865555343e+01   -8.7114827075e+00    3.8535576772e+00   -6.5192353398e+00   -3.6418099474e+01    2.0450280558e+04    2.0426151800e+00    9.9897145931e-01
       188   -3.5936600352e+01    1.2920838373e+03   -4.7899828976e+01    1.1963228624e+01   -8.6829370687e+00    3.7029742564e+00   -6.5017666896e+00   -3.6418099474e+01    2.0398256583e+04    2.0313978200e+00    9.9892846638e-01
       189   -3.5950105151e+01    1.2931028067e+03   -4.7873708201e+01    1.1923603050e+01   -8.6989160011e+00    3.7505028998e+00   -6.5071956256e+00   -3.6418099474e+01    2.0407420806e+04    2.0367566600e+00    9.9896909021e-01
       190   -3.5952056862e+01    1.2932241503e+03   -4.7794392385e+01    1.1842335523e+01   -8.6312707789e+00    3.7578630793e+00   -6.5028852112e+00   -3.6418099474e+01    2.0462996238e+04    2.0358770060e+00    9.9892647675e-01
       191   -3.5962639854e+01    1.2939597111e+03   -4.7808821176e+01    1.1846181323e+01   -8.5735295374e+00    3.7141059019e+00   -6.5312980668e+00   -3.6418099474e+01    2.0564820073e+04    2.0673946520e+00    9.9896127898e-01
       192   -3.5948399276e+01    1.2929440288e+03   -4.7868777241e+01    1.1920377965e+01   -8.5346615564e+00    3.6272926235e+00   -6.5433088339e+00   -3.6418099474e+01    2.0705952207e+04    2.0634550030e+00    9.9895130466e-01
       193   -3.5945549321e+01    1.2927592013e+03   -4.7852259607e+01    1.1906710286e+01   -8.5409526130e+00    3.6482957177e+00   -6.5415032376e+00   -3.6418099474e+01    2.0842295279e+04    2.0753744730e+00    9.9896172429e-01
       194   -3.5951973229e+01    1.2932297950e+03   -4.7874764608e+01    1.1922791379e+01   -8.5473444181e+00    3.6295471531e+00   -6.5388678690e+00   -3.6418099474e+01    2.0954797061e+04    2.1208049240e+00    9.9901498988e-01
       195   -3.5937421659e+01    1.2921894079e+03   -4.7842617263e+01    1.1905195604e+01   -8.6014729752e+00    3.7169147813e+00   -6.5399595952e+00   -3.6418099474e+01    2.1083259149e+04    2.1063144150e+00    9.9903136219e-01
       196   -3.5943929880e+01    1.2926186587e+03   -4.7877830544e+01    1.1933900664e+01   -8.6990566941e+00    3.7666474454e+00   -6.5273218215e+00   -3.6418099474e+01    2.1036101072e+04    2.0988223790e+00    9.9891708026e-01
       197   -3.5926420594e+01    1.2913914702e+03   -4.7847468898e+01    1.1921048303e+01   -8.7340278627e+00    3.8073523106e+00   -6.5026938715e+00   -3.6418099474e+01    2.0879887139e+04    2.0683704740e+00    9.9896552196e-01
       198   -3.5939302486e+01    1.2922929412e+03   -4.7899161873e+01    1.1959859388e+01   -8.6568272613e+00    3.6973724954e+00   -6.5216076333e+00   -3.6418099474e+01    2.0707308979e+04    2.0633095470e+00    9.9903083397e-01
       199   -3.5937124125e+01    1.2921710568e+03   -4.7810791812e+01    1.1873667687e+01   -8.6505354165e+00    3.7928643252e+00   -6.5350212462e+00   -3.6418099474e+01    2.0732177429e+04    2.0698156850e+00    9.9895793861e-01
