#  Band    State   TwistIndex BandIndex Energy      Kx      Ky      Kz      K1      K2      K3    KmK 
       0        0       17        0    -0.226885  0.3389  0.1956  0.0488  0.4474  0.0000 -0.0000      1
       1        1       17        1    -0.222088  0.3389  0.1956  0.0488  0.4474  0.0000 -0.0000      1
       2        2       17        2    -0.196367  0.3389  0.1956  0.0488  0.4474  0.0000 -0.0000      1
       3        3       17        3    -0.175550  0.3389  0.1956  0.0488  0.4474  0.0000 -0.0000      1
       4        4       17        4    -0.157632  0.3389  0.1956  0.0488  0.4474  0.0000 -0.0000      1
       5        5       17        5     0.019673  0.3389  0.1956  0.0488  0.4474  0.0000 -0.0000      1
       6        6       17        6     0.082317  0.3389  0.1956  0.0488  0.4474  0.0000 -0.0000      1
       7        7       17        7     0.087324  0.3389  0.1956  0.0488  0.4474  0.0000 -0.0000      1
       8        8       17        8     0.095361  0.3389  0.1956  0.0488  0.4474  0.0000 -0.0000      1
       9        9       17        9     0.096244  0.3389  0.1956  0.0488  0.4474  0.0000 -0.0000      1
      10       10       17       10     0.103255  0.3389  0.1956  0.0488  0.4474  0.0000 -0.0000      1
      11       11       17       11     0.129659  0.3389  0.1956  0.0488  0.4474  0.0000 -0.0000      1
      12       12       17       12     0.177203  0.3389  0.1956  0.0488  0.4474  0.0000 -0.0000      1
      13       13       17       13     0.192556  0.3389  0.1956  0.0488  0.4474  0.0000 -0.0000      1
      14       14       17       14     0.233168  0.3389  0.1956  0.0488  0.4474  0.0000 -0.0000      1
      15       15       17       15     0.253673  0.3389  0.1956  0.0488  0.4474  0.0000 -0.0000      1
      16       16       17       16     0.308035  0.3389  0.1956  0.0488  0.4474  0.0000 -0.0000      1
      17       17       17       17     0.318874  0.3389  0.1956  0.0488  0.4474  0.0000 -0.0000      1
      18       18       17       18     0.344240  0.3389  0.1956  0.0488  0.4474  0.0000 -0.0000      1
      19       19       17       19     0.349144  0.3389  0.1956  0.0488  0.4474  0.0000 -0.0000      1
      20       20       17       20     0.351631  0.3389  0.1956  0.0488  0.4474  0.0000 -0.0000      1
      21       21       17       21     0.400045  0.3389  0.1956  0.0488  0.4474  0.0000 -0.0000      1
      22       22       17       22     0.511663  0.3389  0.1956  0.0488  0.4474  0.0000 -0.0000      1
      23       23       17       23     0.544851  0.3389  0.1956  0.0488  0.4474  0.0000 -0.0000      1
      24       24       17       24     0.553503  0.3389  0.1956  0.0488  0.4474  0.0000 -0.0000      1
      25       25       17       25     0.554308  0.3389  0.1956  0.0488  0.4474  0.0000 -0.0000      1
      26       26       17       26     0.567841  0.3389  0.1956  0.0488  0.4474  0.0000 -0.0000      1
      27       27       17       27     0.570752  0.3389  0.1956  0.0488  0.4474  0.0000 -0.0000      1
      28       28       17       28     0.572498  0.3389  0.1956  0.0488  0.4474  0.0000 -0.0000      1
      29       29       17       29     0.592468  0.3389  0.1956  0.0488  0.4474  0.0000 -0.0000      1
      30       30       17       30     0.612937  0.3389  0.1956  0.0488  0.4474  0.0000 -0.0000      1
      31       31       17       31     0.618567  0.3389  0.1956  0.0488  0.4474  0.0000 -0.0000      1
      32       32       17       32     0.634769  0.3389  0.1956  0.0488  0.4474  0.0000 -0.0000      1
      33       33       17       33     0.635255  0.3389  0.1956  0.0488  0.4474  0.0000 -0.0000      1
      34       34       17       34     0.648225  0.3389  0.1956  0.0488  0.4474  0.0000 -0.0000      1
      35       35       17       35     0.684406  0.3389  0.1956  0.0488  0.4474  0.0000 -0.0000      1
      36       36       17       36     0.689917  0.3389  0.1956  0.0488  0.4474  0.0000 -0.0000      1
      37       37       17       37     0.703002  0.3389  0.1956  0.0488  0.4474  0.0000 -0.0000      1
      38       38       17       38     0.720597  0.3389  0.1956  0.0488  0.4474  0.0000 -0.0000      1
      39       39       17       39     0.722135  0.3389  0.1956  0.0488  0.4474  0.0000 -0.0000      1
      40       40       17       40     0.739790  0.3389  0.1956  0.0488  0.4474  0.0000 -0.0000      1
      41       41       17       41     0.760646  0.3389  0.1956  0.0488  0.4474  0.0000 -0.0000      1
      42       42       17       42     0.771072  0.3389  0.1956  0.0488  0.4474  0.0000 -0.0000      1
      43       43       17       43     0.783275  0.3389  0.1956  0.0488  0.4474  0.0000 -0.0000      1
      44       44       17       44     0.786525  0.3389  0.1956  0.0488  0.4474  0.0000 -0.0000      1
      45       45       17       45     0.797114  0.3389  0.1956  0.0488  0.4474  0.0000 -0.0000      1
      46       46       17       46     0.813830  0.3389  0.1956  0.0488  0.4474  0.0000 -0.0000      1
      47       47       17       47     0.832645  0.3389  0.1956  0.0488  0.4474  0.0000 -0.0000      1
      48       48       17       48     0.847313  0.3389  0.1956  0.0488  0.4474  0.0000 -0.0000      1
      49       49       17       49     0.850442  0.3389  0.1956  0.0488  0.4474  0.0000 -0.0000      1
      50       50       17       50     0.859869  0.3389  0.1956  0.0488  0.4474  0.0000 -0.0000      1
      51       51       17       51     0.866169  0.3389  0.1956  0.0488  0.4474  0.0000 -0.0000      1
      52       52       17       52     0.882074  0.3389  0.1956  0.0488  0.4474  0.0000 -0.0000      1
      53       53       17       53     0.883790  0.3389  0.1956  0.0488  0.4474  0.0000 -0.0000      1
      54       54       17       54     0.896091  0.3389  0.1956  0.0488  0.4474  0.0000 -0.0000      1
      55       55       17       55     0.913682  0.3389  0.1956  0.0488  0.4474  0.0000 -0.0000      1
      56       56       17       56     0.921313  0.3389  0.1956  0.0488  0.4474  0.0000 -0.0000      1
      57       57       17       57     0.927861  0.3389  0.1956  0.0488  0.4474  0.0000 -0.0000      1
      58       58       17       58     0.938358  0.3389  0.1956  0.0488  0.4474  0.0000 -0.0000      1
      59       59       17       59     0.942734  0.3389  0.1956  0.0488  0.4474  0.0000 -0.0000      1
      60       60       17       60     0.961983  0.3389  0.1956  0.0488  0.4474  0.0000 -0.0000      1
      61       61       17       61     0.966748  0.3389  0.1956  0.0488  0.4474  0.0000 -0.0000      1
      62       62       17       62     0.997041  0.3389  0.1956  0.0488  0.4474  0.0000 -0.0000      1
      63       63       17       63     1.003151  0.3389  0.1956  0.0488  0.4474  0.0000 -0.0000      1
      64       64       17       64     1.007786  0.3389  0.1956  0.0488  0.4474  0.0000 -0.0000      1
      65       65       17       65     1.027649  0.3389  0.1956  0.0488  0.4474  0.0000 -0.0000      1
      66       66       17       66     1.062335  0.3389  0.1956  0.0488  0.4474  0.0000 -0.0000      1
      67       67       17       67     1.064123  0.3389  0.1956  0.0488  0.4474  0.0000 -0.0000      1
      68       68       17       68     1.082220  0.3389  0.1956  0.0488  0.4474  0.0000 -0.0000      1
      69       69       17       69     1.083394  0.3389  0.1956  0.0488  0.4474  0.0000 -0.0000      1
      70       70       17       70     1.099832  0.3389  0.1956  0.0488  0.4474  0.0000 -0.0000      1
      71       71       17       71     1.100134  0.3389  0.1956  0.0488  0.4474  0.0000 -0.0000      1
      72       72       17       72     1.124968  0.3389  0.1956  0.0488  0.4474  0.0000 -0.0000      1
      73       73       17       73     1.134860  0.3389  0.1956  0.0488  0.4474  0.0000 -0.0000      1
      74       74       17       74     1.140760  0.3389  0.1956  0.0488  0.4474  0.0000 -0.0000      1
      75       75       17       75     1.148449  0.3389  0.1956  0.0488  0.4474  0.0000 -0.0000      1
      76       76       17       76     1.160328  0.3389  0.1956  0.0488  0.4474  0.0000 -0.0000      1
      77       77       17       77     1.185367  0.3389  0.1956  0.0488  0.4474  0.0000 -0.0000      1
      78       78       17       78     1.190732  0.3389  0.1956  0.0488  0.4474  0.0000 -0.0000      1
      79       79       17       79     1.200839  0.3389  0.1956  0.0488  0.4474  0.0000 -0.0000      1
      80       80       17       80     1.217723  0.3389  0.1956  0.0488  0.4474  0.0000 -0.0000      1
      81       81       17       81     1.221281  0.3389  0.1956  0.0488  0.4474  0.0000 -0.0000      1
      82       82       17       82     1.225791  0.3389  0.1956  0.0488  0.4474  0.0000 -0.0000      1
      83       83       17       83     1.245095  0.3389  0.1956  0.0488  0.4474  0.0000 -0.0000      1
      84       84       17       84     1.248009  0.3389  0.1956  0.0488  0.4474  0.0000 -0.0000      1
      85       85       17       85     1.262151  0.3389  0.1956  0.0488  0.4474  0.0000 -0.0000      1
      86       86       17       86     1.269137  0.3389  0.1956  0.0488  0.4474  0.0000 -0.0000      1
      87       87       17       87     1.274033  0.3389  0.1956  0.0488  0.4474  0.0000 -0.0000      1
      88       88       17       88     1.280674  0.3389  0.1956  0.0488  0.4474  0.0000 -0.0000      1
      89       89       17       89     1.283929  0.3389  0.1956  0.0488  0.4474  0.0000 -0.0000      1
      90       90       17       90     1.298891  0.3389  0.1956  0.0488  0.4474  0.0000 -0.0000      1
      91       91       17       91     1.299692  0.3389  0.1956  0.0488  0.4474  0.0000 -0.0000      1
      92       92       17       92     1.303879  0.3389  0.1956  0.0488  0.4474  0.0000 -0.0000      1
      93       93       17       93     1.315647  0.3389  0.1956  0.0488  0.4474  0.0000 -0.0000      1
      94       94       17       94     1.323838  0.3389  0.1956  0.0488  0.4474  0.0000 -0.0000      1
      95       95       17       95     1.347964  0.3389  0.1956  0.0488  0.4474  0.0000 -0.0000      1
      96       96       17       96     1.355911  0.3389  0.1956  0.0488  0.4474  0.0000 -0.0000      1
      97       97       17       97     1.372797  0.3389  0.1956  0.0488  0.4474  0.0000 -0.0000      1
      98       98       17       98     1.374007  0.3389  0.1956  0.0488  0.4474  0.0000 -0.0000      1
      99       99       17       99     1.387483  0.3389  0.1956  0.0488  0.4474  0.0000 -0.0000      1
