#   index    LocalEnergy         LocalEnergy_sq      LocalPotential      Kinetic             LocalECP            NonLocalECP         ElecElec            IonIon              BlockWeight         BlockCPU            AcceptRatio         
         0   -3.6074370987e+01    1.3020883104e+03   -4.7764183982e+01    1.1689812995e+01   -8.4752753003e+00    3.6554885076e+00   -6.5262977151e+00   -3.6418099474e+01    2.0471989321e+04    2.0433675070e+00    9.9894059662e-01
         1   -3.6069438760e+01    1.3017134785e+03   -4.7668843570e+01    1.1599404810e+01   -8.4180470155e+00    3.7123133730e+00   -6.5450104530e+00   -3.6418099474e+01    2.0476723153e+04    2.0525442580e+00    9.9886075773e-01
         2   -3.6067592133e+01    1.3016170813e+03   -4.7689788659e+01    1.1622196526e+01   -8.4019905492e+00    3.6636095067e+00   -6.5333081422e+00   -3.6418099474e+01    2.0442992392e+04    2.0476403300e+00    9.9899556301e-01
         3   -3.6076407398e+01    1.3022992144e+03   -4.7664332872e+01    1.1587925475e+01   -8.4092460379e+00    3.6717606211e+00   -6.5087479815e+00   -3.6418099474e+01    2.0538121288e+04    2.0875168140e+00    9.9895316000e-01
         4   -3.6088765007e+01    1.3031801445e+03   -4.7705703358e+01    1.1616938351e+01   -8.4626887947e+00    3.6916116609e+00   -6.5165267501e+00   -3.6418099474e+01    2.0525172761e+04    2.0837027010e+00    9.9893151238e-01
         5   -3.6098392750e+01    1.3039007079e+03   -4.7707309167e+01    1.1608916417e+01   -8.4798437375e+00    3.7454623266e+00   -6.5548282815e+00   -3.6418099474e+01    2.0533241066e+04    2.1129542480e+00    9.9897188783e-01
         6   -3.6106216171e+01    1.3044838270e+03   -4.7781205336e+01    1.1674989165e+01   -8.4987627266e+00    3.6696590053e+00   -6.5340021404e+00   -3.6418099474e+01    2.0773465046e+04    2.0971591880e+00    9.9880683029e-01
         7   -3.6111772351e+01    1.3048346721e+03   -4.7775058265e+01    1.1663285915e+01   -8.4761608545e+00    3.6415499248e+00   -6.5223478613e+00   -3.6418099474e+01    2.0937945859e+04    2.1048428360e+00    9.9892028165e-01
         8   -3.6129636979e+01    1.3061302006e+03   -4.7769664647e+01    1.1640027667e+01   -8.5267363417e+00    3.7107331241e+00   -6.5355619548e+00   -3.6418099474e+01    2.0894141623e+04    2.0943425270e+00    9.9892469074e-01
         9   -3.6111962004e+01    1.3048404037e+03   -4.7826279566e+01    1.1714317562e+01   -8.5281503557e+00    3.6545829686e+00   -6.5346127049e+00   -3.6418099474e+01    2.0870236863e+04    2.0973872550e+00    9.9891852673e-01
        10   -3.6107654546e+01    1.3045410618e+03   -4.7697743151e+01    1.1590088605e+01   -8.5446044923e+00    3.7950263345e+00   -6.5300655188e+00   -3.6418099474e+01    2.0879649535e+04    2.1088711450e+00    9.9890541410e-01
        11   -3.6113023192e+01    1.3048354247e+03   -4.7822255441e+01    1.1709232250e+01   -8.5573697712e+00    3.7171466343e+00   -6.5639328301e+00   -3.6418099474e+01    2.0754443159e+04    2.1078379820e+00    9.9886946347e-01
        12   -3.6093032961e+01    1.3033733175e+03   -4.7821611769e+01    1.1728578808e+01   -8.4815066032e+00    3.6358451101e+00   -6.5578508020e+00   -3.6418099474e+01    2.0695447390e+04    2.0959237880e+00    9.9896475330e-01
        13   -3.6087589640e+01    1.3030433740e+03   -4.7804645416e+01    1.1717055776e+01   -8.4738759198e+00    3.6520336964e+00   -6.5647037184e+00   -3.6418099474e+01    2.0821156211e+04    2.0933614110e+00    9.9893681965e-01
        14   -3.6083329709e+01    1.3027291336e+03   -4.7808341073e+01    1.1725011364e+01   -8.5015538798e+00    3.6789786650e+00   -6.5676663844e+00   -3.6418099474e+01    2.0887780450e+04    2.0948865560e+00    9.9892660582e-01
        15   -3.6072143712e+01    1.3019252433e+03   -4.7726705434e+01    1.1654561722e+01   -8.5387571918e+00    3.7786261807e+00   -6.5484749492e+00   -3.6418099474e+01    2.0762039316e+04    2.0972313860e+00    9.9891670679e-01
        16   -3.6071001383e+01    1.3018355370e+03   -4.7619369756e+01    1.1548368373e+01   -8.5771594812e+00    3.9329024754e+00   -6.5570132761e+00   -3.6418099474e+01    2.0934345618e+04    2.0915920840e+00    9.9888819164e-01
        17   -3.6096399531e+01    1.3036500558e+03   -4.7786713374e+01    1.1690313843e+01   -8.5648689839e+00    3.7471274078e+00   -6.5508723238e+00   -3.6418099474e+01    2.0937425710e+04    2.0832280190e+00    9.9890855015e-01
        18   -3.6082444893e+01    1.3026502379e+03   -4.7836535470e+01    1.1754090577e+01   -8.5877024870e+00    3.7141781798e+00   -6.5449116884e+00   -3.6418099474e+01    2.0831246384e+04    2.0829583200e+00    9.9886534256e-01
        19   -3.6067917374e+01    1.3016115367e+03   -4.7809618027e+01    1.1741700653e+01   -8.5740373978e+00    3.7293142175e+00   -6.5467953725e+00   -3.6418099474e+01    2.0670548253e+04    2.0856601300e+00    9.9896197477e-01
        20   -3.6062919573e+01    1.3012017132e+03   -4.7817568646e+01    1.1754649073e+01   -8.5730402426e+00    3.6980465959e+00   -6.5244755255e+00   -3.6418099474e+01    2.0430606489e+04    2.0363747250e+00    9.9880987333e-01
        21   -3.6049634426e+01    1.3002540946e+03   -4.7870286946e+01    1.1820652520e+01   -8.4916976455e+00    3.5992678967e+00   -6.5597577235e+00   -3.6418099474e+01    2.0489614495e+04    2.0631662860e+00    9.9886922766e-01
        22   -3.6068923415e+01    1.3017066526e+03   -4.7787117535e+01    1.1718194120e+01   -8.4383148326e+00    3.6077490799e+00   -6.5384523081e+00   -3.6418099474e+01    2.0489503733e+04    2.0692353110e+00    9.9893522843e-01
        23   -3.6079511885e+01    1.3024677338e+03   -4.7817444922e+01    1.1737933037e+01   -8.4337466927e+00    3.5766592606e+00   -6.5422580162e+00   -3.6418099474e+01    2.0523973048e+04    2.0664472210e+00    9.9893166855e-01
        24   -3.6077571802e+01    1.3023291190e+03   -4.7833892915e+01    1.1756321113e+01   -8.4702147583e+00    3.6349054776e+00   -6.5804841606e+00   -3.6418099474e+01    2.0483779875e+04    2.0509204420e+00    9.9893132592e-01
        25   -3.6070630340e+01    1.3018029483e+03   -4.7797075711e+01    1.1726445372e+01   -8.4616513481e+00    3.6357334741e+00   -6.5530583632e+00   -3.6418099474e+01    2.0412437901e+04    2.0447672230e+00    9.9895734929e-01
        26   -3.6073131914e+01    1.3019783098e+03   -4.7774456364e+01    1.1701324449e+01   -8.4311254030e+00    3.6345578185e+00   -6.5597893051e+00   -3.6418099474e+01    2.0434730359e+04    2.0385237610e+00    9.9885536737e-01
        27   -3.6067329843e+01    1.3015887871e+03   -4.7789428637e+01    1.1722098794e+01   -8.4263545328e+00    3.6235825416e+00   -6.5685571714e+00   -3.6418099474e+01    2.0389463612e+04    2.0434268190e+00    9.9892464832e-01
        28   -3.6089048115e+01    1.3031297981e+03   -4.7858674397e+01    1.1769626282e+01   -8.4263283503e+00    3.5101744952e+00   -6.5244210678e+00   -3.6418099474e+01    2.0358477918e+04    2.0333758370e+00    9.9894911543e-01
        29   -3.6100318269e+01    1.3039897839e+03   -4.7821875574e+01    1.1721557305e+01   -8.4505098523e+00    3.5397213220e+00   -6.4929875699e+00   -3.6418099474e+01    2.0323441522e+04    2.0284123280e+00    9.9891551187e-01
        30   -3.6082691096e+01    1.3027053862e+03   -4.7786345850e+01    1.1703654755e+01   -8.5593861279e+00    3.7030085519e+00   -6.5118687999e+00   -3.6418099474e+01    2.0318231860e+04    2.0368316060e+00    9.9882751250e-01
        31   -3.6078295655e+01    1.3023491687e+03   -4.7772807392e+01    1.1694511737e+01   -8.5805964139e+00    3.6958485443e+00   -6.4699600487e+00   -3.6418099474e+01    2.0442014018e+04    2.0464004080e+00    9.9893956017e-01
        32   -3.6102977873e+01    1.3041328436e+03   -4.7672900467e+01    1.1569922594e+01   -8.6088618912e+00    3.7974570958e+00   -6.4433961969e+00   -3.6418099474e+01    2.0468344545e+04    2.0676620010e+00    9.9890230707e-01
        33   -3.6102105421e+01    1.3041632224e+03   -4.7857684526e+01    1.1755579105e+01   -8.5585391210e+00    3.5584747125e+00   -6.4395206434e+00   -3.6418099474e+01    2.0417745741e+04    2.0450663050e+00    9.9896429621e-01
        34   -3.6101161904e+01    1.3040383740e+03   -4.7843964927e+01    1.1742803023e+01   -8.4753568101e+00    3.5117191892e+00   -6.4622278321e+00   -3.6418099474e+01    2.0395632579e+04    2.0347970420e+00    9.9890538306e-01
        35   -3.6085945662e+01    1.3029927196e+03   -4.7796204744e+01    1.1710259082e+01   -8.4837197636e+00    3.5812065254e+00   -6.4755920316e+00   -3.6418099474e+01    2.0429380612e+04    2.0442994940e+00    9.9897204954e-01
        36   -3.6056814743e+01    1.3008377792e+03   -4.7787364240e+01    1.1730549497e+01   -8.4666603215e+00    3.5755573708e+00   -6.4781618149e+00   -3.6418099474e+01    2.0473911125e+04    2.0621980540e+00    9.9893450056e-01
        37   -3.6064311685e+01    1.3013490811e+03   -4.7670781830e+01    1.1606470145e+01   -8.4842996444e+00    3.6983494295e+00   -6.4667321407e+00   -3.6418099474e+01    2.0466810176e+04    2.0580080720e+00    9.9902126353e-01
        38   -3.6075610703e+01    1.3021402767e+03   -4.7716225130e+01    1.1640614427e+01   -8.4541482800e+00    3.6544178958e+00   -6.4983952712e+00   -3.6418099474e+01    2.0493971657e+04    2.0587808770e+00    9.9896495483e-01
        39   -3.6072329878e+01    1.3018905037e+03   -4.7670934244e+01    1.1598604367e+01   -8.5531092854e+00    3.8173381538e+00   -6.5170636386e+00   -3.6418099474e+01    2.0499035722e+04    2.0796468480e+00    9.9892519197e-01
        40   -3.6080806366e+01    1.3025365173e+03   -4.7680528095e+01    1.1599721729e+01   -8.5510738753e+00    3.8102771108e+00   -6.5216318559e+00   -3.6418099474e+01    2.0481078237e+04    2.0634045620e+00    9.9889973077e-01
        41   -3.6064576556e+01    1.3013752573e+03   -4.7746999732e+01    1.1682423176e+01   -8.5709865331e+00    3.7561375811e+00   -6.5140513055e+00   -3.6418099474e+01    2.0418522939e+04    2.0470173950e+00    9.9887901003e-01
        42   -3.6096024901e+01    1.3036163320e+03   -4.7798442949e+01    1.1702418049e+01   -8.6034076836e+00    3.7510396011e+00   -6.5279753928e+00   -3.6418099474e+01    2.0331650946e+04    2.0302913270e+00    9.9895113004e-01
        43   -3.6096662585e+01    1.3036468543e+03   -4.7804808778e+01    1.1708146193e+01   -8.5760547308e+00    3.7192876010e+00   -6.5299421741e+00   -3.6418099474e+01    2.0217433719e+04    2.0235207350e+00    9.9887625361e-01
        44   -3.6113667984e+01    1.3049181506e+03   -4.7878026292e+01    1.1764358308e+01   -8.6171450852e+00    3.6700551679e+00   -6.5128369005e+00   -3.6418099474e+01    2.0178933748e+04    2.0324262130e+00    9.9893760181e-01
        45   -3.6093337426e+01    1.3034389255e+03   -4.7832114971e+01    1.1738777545e+01   -8.5666006089e+00    3.6386064543e+00   -6.4860213424e+00   -3.6418099474e+01    2.0303701543e+04    2.0258643880e+00    9.9901301900e-01
        46   -3.6095116538e+01    1.3035698838e+03   -4.7792430926e+01    1.1697314388e+01   -8.5501769209e+00    3.6717945137e+00   -6.4959490447e+00   -3.6418099474e+01    2.0345358611e+04    2.0282338510e+00    9.9905017065e-01
        47   -3.6076973979e+01    1.3022335747e+03   -4.7899488957e+01    1.1822514978e+01   -8.4549441218e+00    3.4982773547e+00   -6.5247227154e+00   -3.6418099474e+01    2.0469400287e+04    2.0566820940e+00    9.9894449988e-01
        48   -3.6072455333e+01    1.3019059638e+03   -4.7872118267e+01    1.1799662934e+01   -8.4559636372e+00    3.5456882294e+00   -6.5437433849e+00   -3.6418099474e+01    2.0465405709e+04    2.0472244950e+00    9.9896702867e-01
        49   -3.6085908549e+01    1.3028681179e+03   -4.7797052371e+01    1.1711143822e+01   -8.4644760962e+00    3.6376938960e+00   -6.5521706968e+00   -3.6418099474e+01    2.0446310247e+04    2.0391440320e+00    9.9889604673e-01
        50   -3.6097583224e+01    1.3037124747e+03   -4.7829883574e+01    1.1732300350e+01   -8.5136813284e+00    3.6545643679e+00   -6.5526671390e+00   -3.6418099474e+01    2.0524257930e+04    2.0814203750e+00    9.9891927827e-01
        51   -3.6105064550e+01    1.3042839441e+03   -4.7821360152e+01    1.1716295603e+01   -8.5617089810e+00    3.6565002015e+00   -6.4980518985e+00   -3.6418099474e+01    2.0442982882e+04    2.0354834570e+00    9.9892537376e-01
        52   -3.6086442727e+01    1.3029245980e+03   -4.7838112776e+01    1.1751670049e+01   -8.6016867764e+00    3.7035329161e+00   -6.5218594418e+00   -3.6418099474e+01    2.0366403414e+04    2.0417844820e+00    9.9886710392e-01
        53   -3.6073443117e+01    1.3019901252e+03   -4.7775498861e+01    1.1702055743e+01   -8.5595818365e+00    3.7190863428e+00   -6.5169038930e+00   -3.6418099474e+01    2.0401462359e+04    2.0351302120e+00    9.9885871125e-01
        54   -3.6057633145e+01    1.3008482174e+03   -4.7699630138e+01    1.1641996992e+01   -8.5560028752e+00    3.8015540551e+00   -6.5270818433e+00   -3.6418099474e+01    2.0298186580e+04    2.0294705130e+00    9.9886710669e-01
        55   -3.6069804630e+01    1.3017493094e+03   -4.7740831981e+01    1.1671027350e+01   -8.5081555306e+00    3.7118505917e+00   -6.5264275675e+00   -3.6418099474e+01    2.0114165168e+04    2.0157957860e+00    9.9890445887e-01
        56   -3.6090316133e+01    1.3032178209e+03   -4.7794382615e+01    1.1704066482e+01   -8.5141501336e+00    3.6334596492e+00   -6.4955926568e+00   -3.6418099474e+01    2.0234409310e+04    2.0282232980e+00    9.9894080513e-01
        57   -3.6090214690e+01    1.3032305791e+03   -4.7794293987e+01    1.1704079296e+01   -8.5725817349e+00    3.6937952338e+00   -6.4974080116e+00   -3.6418099474e+01    2.0282653195e+04    2.0358698830e+00    9.9892575373e-01
        58   -3.6092261793e+01    1.3033811686e+03   -4.7781837658e+01    1.1689575865e+01   -8.5564849105e+00    3.6738831077e+00   -6.4811363807e+00   -3.6418099474e+01    2.0266576829e+04    2.0207816270e+00    9.9894247784e-01
        59   -3.6096391576e+01    1.3036633216e+03   -4.7772530698e+01    1.1676139122e+01   -8.5000202717e+00    3.6295290854e+00   -6.4839400375e+00   -3.6418099474e+01    2.0326229281e+04    2.0285947440e+00    9.9894554810e-01
        60   -3.6073493071e+01    1.3019915354e+03   -4.7808161982e+01    1.1734668911e+01   -8.5141088557e+00    3.6277764604e+00   -6.5037301125e+00   -3.6418099474e+01    2.0409552639e+04    2.0357327980e+00    9.9903943059e-01
        61   -3.6115039261e+01    1.3050020402e+03   -4.7816569262e+01    1.1701530001e+01   -8.5123753874e+00    3.6375411142e+00   -6.5236355149e+00   -3.6418099474e+01    2.0353576119e+04    2.0341852770e+00    9.9885375855e-01
        62   -3.6100625920e+01    1.3039743076e+03   -4.7815720154e+01    1.1715094235e+01   -8.5098165185e+00    3.6434327133e+00   -6.5312368748e+00   -3.6418099474e+01    2.0371158642e+04    2.0326005360e+00    9.9889702530e-01
        63   -3.6088040621e+01    1.3031147098e+03   -4.7806547780e+01    1.1718507159e+01   -8.5072565298e+00    3.6229855577e+00   -6.5041773333e+00   -3.6418099474e+01    2.0527394267e+04    2.0629404250e+00    9.9898396615e-01
        64   -3.6098883369e+01    1.3038857970e+03   -4.7756510457e+01    1.1657627088e+01   -8.5229261106e+00    3.6949260833e+00   -6.5104109551e+00   -3.6418099474e+01    2.0487254899e+04    2.0604306760e+00    9.9894696468e-01
        65   -3.6074845797e+01    1.3021310874e+03   -4.7672368933e+01    1.1597523136e+01   -8.4966842860e+00    3.7385021966e+00   -6.4960873697e+00   -3.6418099474e+01    2.0373631005e+04    2.0372853590e+00    9.9892024540e-01
        66   -3.6084750954e+01    1.3028079031e+03   -4.7719884476e+01    1.1635133523e+01   -8.4798015490e+00    3.6990351391e+00   -6.5210185923e+00   -3.6418099474e+01    2.0245089248e+04    2.0424344040e+00    9.9887615472e-01
        67   -3.6080846998e+01    1.3025299758e+03   -4.7723956518e+01    1.1643109520e+01   -8.5686429910e+00    3.7891632061e+00   -6.5263772590e+00   -3.6418099474e+01    2.0123027104e+04    2.0283718590e+00    9.9884094088e-01
        68   -3.6098097695e+01    1.3037679280e+03   -4.7847110254e+01    1.1749012559e+01   -8.5663372226e+00    3.6710975911e+00   -6.5337711480e+00   -3.6418099474e+01    2.0020960607e+04    2.0143495190e+00    9.9901497523e-01
        69   -3.6095442989e+01    1.3035734324e+03   -4.7813621598e+01    1.1718178608e+01   -8.5509611131e+00    3.7013433491e+00   -6.5459043595e+00   -3.6418099474e+01    2.0062002269e+04    2.0109860010e+00    9.9887457975e-01
        70   -3.6103931593e+01    1.3041968010e+03   -4.7818453416e+01    1.1714521823e+01   -8.5989260323e+00    3.7471381017e+00   -6.5485660110e+00   -3.6418099474e+01    2.0256041373e+04    2.0294041390e+00    9.9902292769e-01
        71   -3.6084861598e+01    1.3028394671e+03   -4.7771542388e+01    1.1686680791e+01   -8.5838805820e+00    3.7970296904e+00   -6.5665920226e+00   -3.6418099474e+01    2.0351917554e+04    2.0204230150e+00    9.9893301136e-01
        72   -3.6086412380e+01    1.3029513106e+03   -4.7880261874e+01    1.1793849494e+01   -8.5133362875e+00    3.5805020163e+00   -6.5293281286e+00   -3.6418099474e+01    2.0302763948e+04    2.0164366200e+00    9.9887056936e-01
        73   -3.6087819049e+01    1.3030795202e+03   -4.7923606190e+01    1.1835787140e+01   -8.4801145005e+00    3.5149892258e+00   -6.5403814405e+00   -3.6418099474e+01    2.0196868692e+04    2.0127113360e+00    9.9891587317e-01
        74   -3.6089742237e+01    1.3031772694e+03   -4.7876319175e+01    1.1786576938e+01   -8.4750847826e+00    3.5784334026e+00   -6.5615683204e+00   -3.6418099474e+01    2.0138839343e+04    2.0881247600e+00    9.9886303168e-01
        75   -3.6091542040e+01    1.3033009178e+03   -4.7836255997e+01    1.1744713957e+01   -8.4460680686e+00    3.5792543098e+00   -6.5513427640e+00   -3.6418099474e+01    2.0119895225e+04    2.0125761430e+00    9.9894357445e-01
        76   -3.6079674125e+01    1.3024801728e+03   -4.7826517414e+01    1.1746843289e+01   -8.4999322169e+00    3.6441027129e+00   -6.5525884362e+00   -3.6418099474e+01    2.0318281826e+04    2.0214486750e+00    9.9893830945e-01
        77   -3.6050245230e+01    1.3003703193e+03   -4.7814842967e+01    1.1764597737e+01   -8.5104198911e+00    3.6681018557e+00   -6.5544254576e+00   -3.6418099474e+01    2.0336050561e+04    2.0293949540e+00    9.9893078360e-01
        78   -3.6050718847e+01    1.3003882257e+03   -4.7890929968e+01    1.1840211121e+01   -8.5457775587e+00    3.5979380950e+00   -6.5249910301e+00   -3.6418099474e+01    2.0235387511e+04    2.0198558200e+00    9.9887422360e-01
        79   -3.6063369519e+01    1.3012822091e+03   -4.7853136812e+01    1.1789767293e+01   -8.6264954539e+00    3.7250673936e+00   -6.5336092776e+00   -3.6418099474e+01    2.0159308977e+04    2.0202084560e+00    9.9895484209e-01
        80   -3.6071329545e+01    1.3019244986e+03   -4.7882681831e+01    1.1811352286e+01   -8.7173423861e+00    3.7682234736e+00   -6.5154634440e+00   -3.6418099474e+01    2.0235403350e+04    2.0225056630e+00    9.9888988507e-01
        81   -3.6091780937e+01    1.3033554755e+03   -4.7892565554e+01    1.1800784616e+01   -8.6552449278e+00    3.6761737240e+00   -6.4953948756e+00   -3.6418099474e+01    2.0199793119e+04    2.0282604150e+00    9.9888238124e-01
        82   -3.6096884875e+01    1.3037053569e+03   -4.7920016610e+01    1.1823131734e+01   -8.6599873682e+00    3.6594068191e+00   -6.5013365863e+00   -3.6418099474e+01    2.0424461240e+04    2.0524014180e+00    9.9888944854e-01
        83   -3.6077027178e+01    1.3022601180e+03   -4.7944764675e+01    1.1867737497e+01   -8.6511433065e+00    3.6262122477e+00   -6.5017341423e+00   -3.6418099474e+01    2.0432880199e+04    2.0407517870e+00    9.9890238957e-01
        84   -3.6067744523e+01    1.3015769710e+03   -4.7910814429e+01    1.1843069906e+01   -8.6617476800e+00    3.6893935914e+00   -6.5203608664e+00   -3.6418099474e+01    2.0391232739e+04    2.0396318380e+00    9.9890373920e-01
        85   -3.6070186927e+01    1.3017827130e+03   -4.7856823911e+01    1.1786636983e+01   -8.6856908875e+00    3.7674449097e+00   -6.5204784587e+00   -3.6418099474e+01    2.0360219792e+04    2.0391418660e+00    9.9890201636e-01
        86   -3.6074568149e+01    1.3020860206e+03   -4.7768430149e+01    1.1693862001e+01   -8.6365274909e+00    3.8258797643e+00   -6.5396829485e+00   -3.6418099474e+01    2.0285512524e+04    2.0351548180e+00    9.9888910015e-01
        87   -3.6067524977e+01    1.3016125977e+03   -4.7942371209e+01    1.1874846232e+01   -8.5303238577e+00    3.5314747288e+00   -6.5254226056e+00   -3.6418099474e+01    2.0375762869e+04    2.0360352600e+00    9.9886782665e-01
        88   -3.6081152209e+01    1.3026507719e+03   -4.7979658549e+01    1.1898506340e+01   -8.6582961460e+00    3.6073227307e+00   -6.5105856593e+00   -3.6418099474e+01    2.0500036240e+04    2.0692177320e+00    9.9890597671e-01
        89   -3.6106519046e+01    1.3044955819e+03   -4.7835454765e+01    1.1728935718e+01   -8.7549042350e+00    3.8288031090e+00   -6.4912541645e+00   -3.6418099474e+01    2.0536466495e+04    2.0770233530e+00    9.9885028282e-01
        90   -3.6095022699e+01    1.3036493382e+03   -4.7812643383e+01    1.1717620684e+01   -8.7206446017e+00    3.8036285554e+00   -6.4775278626e+00   -3.6418099474e+01    2.0436543662e+04    2.0435812930e+00    9.9882548693e-01
        91   -3.6079965682e+01    1.3025623706e+03   -4.7750087256e+01    1.1670121574e+01   -8.7550352384e+00    3.8847092767e+00   -6.4616618198e+00   -3.6418099474e+01    2.0498331944e+04    2.0633369980e+00    9.9893723039e-01
        92   -3.6071358833e+01    1.3019639194e+03   -4.7877423880e+01    1.1806065047e+01   -8.6904546125e+00    3.6836534946e+00   -6.4525232878e+00   -3.6418099474e+01    2.0466863371e+04    2.0524475560e+00    9.9891129876e-01
        93   -3.6060035014e+01    1.3012573192e+03   -4.7890531926e+01    1.1830496912e+01   -8.7035802326e+00    3.7098885651e+00   -6.4787407840e+00   -3.6418099474e+01    2.0283083990e+04    2.0547962020e+00    9.9900710518e-01
        94   -3.6057773483e+01    1.3009845616e+03   -4.7873653496e+01    1.1815880013e+01   -8.5894580738e+00    3.6057518652e+00   -6.4718478137e+00   -3.6418099474e+01    2.0217925048e+04    2.0414537230e+00    9.9892261934e-01
        95   -3.6049979041e+01    1.3003946808e+03   -4.7881273911e+01    1.1831294870e+01   -8.5735017659e+00    3.6133782045e+00   -6.5030508751e+00   -3.6418099474e+01    2.0215364006e+04    2.0256448640e+00    9.9890666949e-01
        96   -3.6063400943e+01    1.3013114219e+03   -4.7815688805e+01    1.1752287863e+01   -8.5569220059e+00    3.6790496743e+00   -6.5197169995e+00   -3.6418099474e+01    2.0227753061e+04    2.0256478520e+00    9.9888420443e-01
        97   -3.6060369098e+01    1.3010773686e+03   -4.7815947633e+01    1.1755578535e+01   -8.4612232974e+00    3.5890071748e+00   -6.5256320361e+00   -3.6418099474e+01    2.0312479079e+04    2.0318311170e+00    9.9883800242e-01
        98   -3.6075846597e+01    1.3022191803e+03   -4.7753374327e+01    1.1677527731e+01   -8.4805457667e+00    3.6657876275e+00   -6.5205167140e+00   -3.6418099474e+01    2.0286461998e+04    2.0333966620e+00    9.9882924184e-01
        99   -3.6069956488e+01    1.3017517038e+03   -4.7761566465e+01    1.1691609977e+01   -8.4404887094e+00    3.6213831864e+00   -6.5243614674e+00   -3.6418099474e+01    2.0278625795e+04    2.0347515840e+00    9.9890632815e-01
       100   -3.6078625073e+01    1.3023811983e+03   -4.7781439747e+01    1.1702814674e+01   -8.4290761041e+00    3.6121493457e+00   -6.5464135143e+00   -3.6418099474e+01    2.0405538254e+04    2.0357846030e+00    9.9899889388e-01
       101   -3.6081709100e+01    1.3026124885e+03   -4.7800860879e+01    1.1719151779e+01   -8.4938394786e+00    3.6597025760e+00   -6.5486245023e+00   -3.6418099474e+01    2.0345389867e+04    2.0346556570e+00    9.9888524521e-01
       102   -3.6049110269e+01    1.3002374560e+03   -4.7757847113e+01    1.1708736844e+01   -8.4961912397e+00    3.7251937548e+00   -6.5687501539e+00   -3.6418099474e+01    2.0295770490e+04    2.0253082040e+00    9.9898316058e-01
       103   -3.6058587815e+01    1.3009487065e+03   -4.7826866888e+01    1.1768279072e+01   -8.4613445158e+00    3.6290377845e+00   -6.5764606820e+00   -3.6418099474e+01    2.0330442649e+04    2.0651991560e+00    9.9891631188e-01
       104   -3.6064196328e+01    1.3013333817e+03   -4.7783811000e+01    1.1719614672e+01   -8.4426062477e+00    3.6716113238e+00   -6.5947166021e+00   -3.6418099474e+01    2.0258688871e+04    2.0205161260e+00    9.9899873079e-01
       105   -3.6064435573e+01    1.3013433631e+03   -4.7754466253e+01    1.1690030680e+01   -8.4907102380e+00    3.7522766103e+00   -6.5979331511e+00   -3.6418099474e+01    2.0388196336e+04    2.0310527990e+00    9.9887380287e-01
       106   -3.6079614567e+01    1.3024280477e+03   -4.7826636565e+01    1.1747021998e+01   -8.5167706269e+00    3.6886838749e+00   -6.5804503392e+00   -3.6418099474e+01    2.0253628332e+04    2.0124762330e+00    9.9895424790e-01
       107   -3.6064522172e+01    1.3013372728e+03   -4.7824836487e+01    1.1760314315e+01   -8.6223104487e+00    3.7703538028e+00   -6.5547803667e+00   -3.6418099474e+01    2.0250722730e+04    2.0152399960e+00    9.9895777489e-01
       108   -3.6056417311e+01    1.3008156779e+03   -4.7780752993e+01    1.1724335681e+01   -8.7160756876e+00    3.9229567212e+00   -6.5695345519e+00   -3.6418099474e+01    2.0207699918e+04    2.0150777130e+00    9.9888315544e-01
       109   -3.6062062674e+01    1.3012257876e+03   -4.7747600162e+01    1.1685537488e+01   -8.6983768014e+00    3.9156786820e+00   -6.5468025686e+00   -3.6418099474e+01    2.0137051759e+04    2.0032537440e+00    9.9889335017e-01
       110   -3.6048251157e+01    1.3001750612e+03   -4.7804128122e+01    1.1755876965e+01   -8.6317686869e+00    3.8003543880e+00   -6.5546143489e+00   -3.6418099474e+01    2.0106240619e+04    2.0096534730e+00    9.9888287405e-01
       111   -3.6045583125e+01    1.2999722477e+03   -4.7930182667e+01    1.1884599542e+01   -8.6187357031e+00    3.6869171186e+00   -6.5802646079e+00   -3.6418099474e+01    1.9994889844e+04    1.9988622800e+00    9.9886768730e-01
       112   -3.6058148946e+01    1.3008810790e+03   -4.7880276265e+01    1.1822127319e+01   -8.5801956050e+00    3.6663977232e+00   -6.5483789091e+00   -3.6418099474e+01    2.0085044323e+04    2.0079445600e+00    9.9892249043e-01
       113   -3.6061311740e+01    1.3011462620e+03   -4.7816462122e+01    1.1755150382e+01   -8.5474583083e+00    3.7057633250e+00   -6.5566676646e+00   -3.6418099474e+01    2.0134774311e+04    2.0488760700e+00    9.9893575508e-01
       114   -3.6070594848e+01    1.3018068320e+03   -4.7947207763e+01    1.1876612915e+01   -8.5168219835e+00    3.5623609834e+00   -6.5746472883e+00   -3.6418099474e+01    2.0158237566e+04    2.0157904950e+00    9.9901310427e-01
       115   -3.6084391532e+01    1.3027889953e+03   -4.7870104285e+01    1.1785712753e+01   -8.5140787314e+00    3.6218257917e+00   -6.5597518712e+00   -3.6418099474e+01    2.0355817909e+04    2.0370345720e+00    9.9894896054e-01
       116   -3.6102291560e+01    1.3040862596e+03   -4.7813170026e+01    1.1710878466e+01   -8.5342494080e+00    3.7151261631e+00   -6.5759473067e+00   -3.6418099474e+01    2.0449648396e+04    2.0350196610e+00    9.9890298012e-01
       117   -3.6097202730e+01    1.3036769732e+03   -4.7794441429e+01    1.1697238699e+01   -8.4948264460e+00    3.6758339210e+00   -6.5573494299e+00   -3.6418099474e+01    2.0477517627e+04    2.0482511380e+00    9.9892023333e-01
       118   -3.6077509996e+01    1.3022954410e+03   -4.7672017851e+01    1.1594507854e+01   -8.5267331032e+00    3.8144512012e+00   -6.5416364744e+00   -3.6418099474e+01    2.0439892566e+04    2.0323704770e+00    9.9896736092e-01
       119   -3.6083937774e+01    1.3027805651e+03   -4.7697290931e+01    1.1613353156e+01   -8.5810115981e+00    3.8504496676e+00   -6.5486295259e+00   -3.6418099474e+01    2.0274189708e+04    2.0259895860e+00    9.9897113542e-01
       120   -3.6071524511e+01    1.3018682986e+03   -4.7710812213e+01    1.1639287702e+01   -8.5456565439e+00    3.8254549203e+00   -6.5725111156e+00   -3.6418099474e+01    2.0327707907e+04    2.0318132490e+00    9.9888085399e-01
       121   -3.6066596225e+01    1.3015298127e+03   -4.7712472832e+01    1.1645876607e+01   -8.5104195270e+00    3.7908651282e+00   -6.5748189596e+00   -3.6418099474e+01    2.0348318017e+04    2.0395033520e+00    9.9888908389e-01
       122   -3.6084597919e+01    1.3028656035e+03   -4.7808537451e+01    1.1723939531e+01   -8.4923588973e+00    3.6837802329e+00   -6.5818593122e+00   -3.6418099474e+01    2.0267548559e+04    2.0294463110e+00    9.9886856297e-01
       123   -3.6076138936e+01    1.3022281743e+03   -4.7863382818e+01    1.1787243882e+01   -8.4336905231e+00    3.5714229048e+00   -6.5830157253e+00   -3.6418099474e+01    2.0189814578e+04    2.0235617330e+00    9.9893677998e-01
       124   -3.6063801457e+01    1.3012545892e+03   -4.7814289491e+01    1.1750488035e+01   -8.4935315625e+00    3.6786601305e+00   -6.5813185851e+00   -3.6418099474e+01    2.0186572285e+04    2.0334061250e+00    9.9897741828e-01
       125   -3.6059231822e+01    1.3009535141e+03   -4.7773782634e+01    1.1714550812e+01   -8.6028688045e+00    3.8385381700e+00   -6.5913525251e+00   -3.6418099474e+01    2.0100459357e+04    2.0239081410e+00    9.9896948979e-01
       126   -3.6071445104e+01    1.3018021831e+03   -4.7829199017e+01    1.1757753912e+01   -8.5600742329e+00    3.7166803450e+00   -6.5677056544e+00   -3.6418099474e+01    2.0131639568e+04    2.0172881630e+00    9.9896210347e-01
       127   -3.6084781771e+01    1.3028025668e+03   -4.7849710868e+01    1.1764929097e+01   -8.5146982470e+00    3.6586587410e+00   -6.5755718877e+00   -3.6418099474e+01    2.0219212637e+04    2.0209117400e+00    9.9894001922e-01
       128   -3.6093861478e+01    1.3034861800e+03   -4.7797163897e+01    1.1703302419e+01   -8.5220126287e+00    3.7383293053e+00   -6.5953810993e+00   -3.6418099474e+01    2.0358483068e+04    2.0318048140e+00    9.9894369657e-01
       129   -3.6102972487e+01    1.3041201366e+03   -4.7825763946e+01    1.1722791459e+01   -8.4856346696e+00    3.6672070115e+00   -6.5892368142e+00   -3.6418099474e+01    2.0562764504e+04    2.0757206730e+00    9.9896117793e-01
       130   -3.6097769916e+01    1.3037657768e+03   -4.7829322028e+01    1.1731552112e+01   -8.5185675632e+00    3.7025531436e+00   -6.5952081345e+00   -3.6418099474e+01    2.0617326698e+04    2.0819595980e+00    9.9889816708e-01
       131   -3.6101097969e+01    1.3039967987e+03   -4.7815241342e+01    1.1714143373e+01   -8.5599675121e+00    3.7614467802e+00   -6.5986211364e+00   -3.6418099474e+01    2.0542170991e+04    2.0568204260e+00    9.9896364408e-01
       132   -3.6109752914e+01    1.3046343277e+03   -4.7830209503e+01    1.1720456589e+01   -8.5803810452e+00    3.7465417538e+00   -6.5782707374e+00   -3.6418099474e+01    2.0546347071e+04    2.0601831300e+00    9.9892375528e-01
       133   -3.6107246214e+01    1.3044756993e+03   -4.7865029855e+01    1.1757783640e+01   -8.5733505531e+00    3.7165267001e+00   -6.5901065274e+00   -3.6418099474e+01    2.0626283945e+04    2.0871761110e+00    9.9888295440e-01
       134   -3.6106566604e+01    1.3043962177e+03   -4.7943695172e+01    1.1837128567e+01   -8.6437209794e+00    3.6778518773e+00   -6.5597265955e+00   -3.6418099474e+01    2.0750615686e+04    2.0827149380e+00    9.9885703269e-01
       135   -3.6100377444e+01    1.3039402519e+03   -4.7874111920e+01    1.1773734476e+01   -8.6760831882e+00    3.7491644737e+00   -6.5290937309e+00   -3.6418099474e+01    2.1037750117e+04    2.1041108470e+00    9.9891018720e-01
       136   -3.6092579438e+01    1.3033612656e+03   -4.7952197314e+01    1.1859617876e+01   -8.6507825151e+00    3.6478267553e+00   -6.5311420803e+00   -3.6418099474e+01    2.1099876476e+04    2.1209974420e+00    9.9890677461e-01
       137   -3.6081694382e+01    1.3025578407e+03   -4.7888963928e+01    1.1807269546e+01   -8.5885929311e+00    3.6681849634e+00   -6.5504564865e+00   -3.6418099474e+01    2.1052170061e+04    2.0948450710e+00    9.9891117051e-01
       138   -3.6082996399e+01    1.3026824613e+03   -4.7894523000e+01    1.1811526601e+01   -8.5287730106e+00    3.5990684135e+00   -6.5467189284e+00   -3.6418099474e+01    2.0949618335e+04    2.1144902980e+00    9.9893303699e-01
       139   -3.6063673737e+01    1.3013095431e+03   -4.7923313097e+01    1.1859639360e+01   -8.5937854811e+00    3.6363170112e+00   -6.5477451527e+00   -3.6418099474e+01    2.0936626424e+04    2.0950364430e+00    9.9887801385e-01
       140   -3.6071246528e+01    1.3018395508e+03   -4.7794124505e+01    1.1722877977e+01   -8.7055062092e+00    3.8737220502e+00   -6.5442408723e+00   -3.6418099474e+01    2.0877623237e+04    2.0885064140e+00    9.9891748981e-01
       141   -3.6071056568e+01    1.3018194176e+03   -4.7839794825e+01    1.1768738257e+01   -8.6350927221e+00    3.7372145558e+00   -6.5238171849e+00   -3.6418099474e+01    2.0773811956e+04    2.0841088740e+00    9.9891717599e-01
       142   -3.6070081616e+01    1.3017139434e+03   -4.7883456291e+01    1.1813374675e+01   -8.5466330735e+00    3.6054495570e+00   -6.5241733000e+00   -3.6418099474e+01    2.0678491643e+04    2.0887882200e+00    9.9888624889e-01
       143   -3.6091886682e+01    1.3033157217e+03   -4.7826959329e+01    1.1735072647e+01   -8.4845571186e+00    3.6143018027e+00   -6.5386045393e+00   -3.6418099474e+01    2.0625554825e+04    2.0806799790e+00    9.9887445887e-01
       144   -3.6108632237e+01    1.3045190775e+03   -4.7785240002e+01    1.1676607766e+01   -8.5255898483e+00    3.6693941820e+00   -6.5109448618e+00   -3.6418099474e+01    2.0706343028e+04    2.0783492420e+00    9.9885972357e-01
       145   -3.6098612202e+01    1.3038185815e+03   -4.7728673128e+01    1.1630060926e+01   -8.4743918121e+00    3.6748187170e+00   -6.5110005590e+00   -3.6418099474e+01    2.0892636623e+04    2.0836437760e+00    9.9893675941e-01
       146   -3.6092615492e+01    1.3033673695e+03   -4.7750725706e+01    1.1658110214e+01   -8.3945985191e+00    3.5894038195e+00   -6.5274315327e+00   -3.6418099474e+01    2.0965365206e+04    2.0864889240e+00    9.9896440835e-01
       147   -3.6102064957e+01    1.3040776616e+03   -4.7767417142e+01    1.1665352185e+01   -8.4008317770e+00    3.5838945128e+00   -6.5323804040e+00   -3.6418099474e+01    2.0931316721e+04    2.0851353240e+00    9.9891826595e-01
       148   -3.6116539841e+01    1.3051003970e+03   -4.7759398077e+01    1.1642858236e+01   -8.4514493213e+00    3.6041521931e+00   -6.4940014746e+00   -3.6418099474e+01    2.0893912863e+04    2.0838877260e+00    9.9900503976e-01
       149   -3.6083883525e+01    1.3027366840e+03   -4.7702381262e+01    1.1618497737e+01   -8.4492391731e+00    3.6336016452e+00   -6.4686442597e+00   -3.6418099474e+01    2.0793249350e+04    2.0829474100e+00    9.9885967082e-01
       150   -3.6094966164e+01    1.3035529025e+03   -4.7731615077e+01    1.1636648913e+01   -8.4006708471e+00    3.5678571553e+00   -6.4807019109e+00   -3.6418099474e+01    2.0635104099e+04    2.0784123720e+00    9.9890956673e-01
       151   -3.6078244662e+01    1.3023141208e+03   -4.7835938625e+01    1.1757693963e+01   -8.3297938948e+00    3.4541441219e+00   -6.5421893781e+00   -3.6418099474e+01    2.0450216913e+04    2.0420750090e+00    9.9892949699e-01
       152   -3.6105091730e+01    1.3042698554e+03   -4.7829381634e+01    1.1724289903e+01   -8.4103515081e+00    3.5326761034e+00   -6.5336067549e+00   -3.6418099474e+01    2.0334945380e+04    2.0225897620e+00    9.9891604534e-01
       153   -3.6114616412e+01    1.3050021123e+03   -4.7851755946e+01    1.1737139534e+01   -8.4350343660e+00    3.5618377337e+00   -6.5604598393e+00   -3.6418099474e+01    2.0499709014e+04    2.0516955980e+00    9.9892297718e-01
       154   -3.6106590883e+01    1.3043926835e+03   -4.7794350950e+01    1.1687760067e+01   -8.4542219746e+00    3.6233310414e+00   -6.5453605427e+00   -3.6418099474e+01    2.0510480115e+04    2.0626340100e+00    9.9893585153e-01
       155   -3.6097218023e+01    1.3037317296e+03   -4.7752917756e+01    1.1655699733e+01   -8.5200253324e+00    3.7259690728e+00   -6.5407620225e+00   -3.6418099474e+01    2.0604920378e+04    2.0826998540e+00    9.9886458976e-01
       156   -3.6090871767e+01    1.3032601216e+03   -4.7868103888e+01    1.1777232120e+01   -8.6204549142e+00    3.7235875274e+00   -6.5531370266e+00   -3.6418099474e+01    2.0552743625e+04    2.0834493920e+00    9.9888088750e-01
       157   -3.6085288434e+01    1.3028311387e+03   -4.7881318089e+01    1.1796029655e+01   -8.6433407506e+00    3.7236944935e+00   -6.5435723576e+00   -3.6418099474e+01    2.0517899557e+04    2.0611697340e+00    9.9903568992e-01
       158   -3.6076648382e+01    1.3022079242e+03   -4.7857190361e+01    1.1780541980e+01   -8.6028031275e+00    3.7442463941e+00   -6.5805341539e+00   -3.6418099474e+01    2.0539436473e+04    2.0681291740e+00    9.9896896103e-01
       159   -3.6077375498e+01    1.3023153086e+03   -4.7843136625e+01    1.1765761127e+01   -8.6084102021e+00    3.7480668124e+00   -6.5646937612e+00   -3.6418099474e+01    2.0582879569e+04    2.0755599370e+00    9.9881501787e-01
       160   -3.6074110123e+01    1.3020562642e+03   -4.7786496494e+01    1.1712386372e+01   -8.6029692814e+00    3.7789962778e+00   -6.5444240166e+00   -3.6418099474e+01    2.0553897321e+04    2.0702111240e+00    9.9887421038e-01
       161   -3.6093372067e+01    1.3034423383e+03   -4.7725082737e+01    1.1631710669e+01   -8.5447025552e+00    3.7730707920e+00   -6.5353514994e+00   -3.6418099474e+01    2.0466302766e+04    2.0378680310e+00    9.9893541271e-01
       162   -3.6097506388e+01    1.3037389249e+03   -4.7808274863e+01    1.1710768475e+01   -8.5323554466e+00    3.6917975079e+00   -6.5496174503e+00   -3.6418099474e+01    2.0547350450e+04    2.0803295840e+00    9.9894308660e-01
       163   -3.6092392660e+01    1.3033694615e+03   -4.7906754022e+01    1.1814361362e+01   -8.5082819663e+00    3.5591744222e+00   -6.5395470039e+00   -3.6418099474e+01    2.0440088383e+04    2.0521613600e+00    9.9890435184e-01
       164   -3.6100647058e+01    1.3039610216e+03   -4.7837636925e+01    1.1736989867e+01   -8.5065286908e+00    3.6534056492e+00   -6.5664144092e+00   -3.6418099474e+01    2.0397455463e+04    2.0385270240e+00    9.9885114640e-01
       165   -3.6079887143e+01    1.3024542476e+03   -4.7843603412e+01    1.1763716269e+01   -8.5062858052e+00    3.6213074389e+00   -6.5405255714e+00   -3.6418099474e+01    2.0449840957e+04    2.0701452100e+00    9.9890674118e-01
       166   -3.6090263597e+01    1.3032148376e+03   -4.7797738532e+01    1.1707474935e+01   -8.6140984972e+00    3.7495643940e+00   -6.5151049542e+00   -3.6418099474e+01    2.0488951800e+04    2.0785737600e+00    9.9896455068e-01
       167   -3.6081763596e+01    1.3026144599e+03   -4.7797109894e+01    1.1715346298e+01   -8.5943344766e+00    3.7507806051e+00   -6.5354565483e+00   -3.6418099474e+01    2.0490878890e+04    2.0543861930e+00    9.9890021403e-01
       168   -3.6069771162e+01    1.3017409448e+03   -4.7758786909e+01    1.1689015748e+01   -8.6020534334e+00    3.7827420975e+00   -6.5213760993e+00   -3.6418099474e+01    2.0606142992e+04    2.0931450740e+00    9.9893082415e-01
       169   -3.6076309414e+01    1.3022421583e+03   -4.7766778047e+01    1.1690468633e+01   -8.6671508255e+00    3.8306125123e+00   -6.5121402591e+00   -3.6418099474e+01    2.0525115102e+04    2.0837234670e+00    9.9895781862e-01
       170   -3.6084173985e+01    1.3027960143e+03   -4.7787091950e+01    1.1702917965e+01   -8.6312971505e+00    3.7837541164e+00   -6.5214494420e+00   -3.6418099474e+01    2.0550395819e+04    2.0857991040e+00    9.9895208436e-01
       171   -3.6077750943e+01    1.3022962775e+03   -4.7766943808e+01    1.1689192864e+01   -8.6748174433e+00    3.8685401579e+00   -6.5425670481e+00   -3.6418099474e+01    2.0548485340e+04    2.0790463410e+00    9.9889294404e-01
       172   -3.6066404498e+01    1.3014959785e+03   -4.7703887147e+01    1.1637482649e+01   -8.7092526648e+00    3.9306609548e+00   -6.5071959631e+00   -3.6418099474e+01    2.0604211674e+04    2.0921889390e+00    9.9900355601e-01
       173   -3.6060826064e+01    1.3010768444e+03   -4.7734032775e+01    1.1673206711e+01   -8.7583329436e+00    3.9266592568e+00   -6.4842596144e+00   -3.6418099474e+01    2.0600355855e+04    2.0910752750e+00    9.9881969191e-01
       174   -3.6079148351e+01    1.3024081333e+03   -4.7757181878e+01    1.1678033527e+01   -8.7281277042e+00    3.8875948309e+00   -6.4985495304e+00   -3.6418099474e+01    2.0648244207e+04    2.0850753290e+00    9.9894678224e-01
       175   -3.6089169677e+01    1.3032010194e+03   -4.7818893100e+01    1.1729723423e+01   -8.6634707434e+00    3.7875820768e+00   -6.5249049590e+00   -3.6418099474e+01    2.0721300915e+04    2.0941258600e+00    9.9884531335e-01
       176   -3.6120199368e+01    1.3054646551e+03   -4.7957214305e+01    1.1837014936e+01   -8.5882871585e+00    3.6152008667e+00   -6.5660285389e+00   -3.6418099474e+01    2.0824324814e+04    2.1016190870e+00    9.9891592966e-01
       177   -3.6108558713e+01    1.3045224687e+03   -4.7863007773e+01    1.1754449060e+01   -8.5186486981e+00    3.6599508047e+00   -6.5862104054e+00   -3.6418099474e+01    2.0921064670e+04    2.0983526840e+00    9.9893642447e-01
       178   -3.6102697566e+01    1.3040872202e+03   -4.7866276905e+01    1.1763579339e+01   -8.5144994648e+00    3.6757805378e+00   -6.6094585041e+00   -3.6418099474e+01    2.1016720923e+04    2.1027244820e+00    9.9884282860e-01
       179   -3.6078125400e+01    1.3023056149e+03   -4.7803263479e+01    1.1725138078e+01   -8.5077253196e+00    3.7260369365e+00   -6.6034756214e+00   -3.6418099474e+01    2.1066055477e+04    2.1247212420e+00    9.9889838724e-01
       180   -3.6104403979e+01    1.3042174566e+03   -4.7871951601e+01    1.1767547623e+01   -8.4671188753e+00    3.6158753753e+00   -6.6026086273e+00   -3.6418099474e+01    2.0878192197e+04    2.1025212190e+00    9.9891546809e-01
       181   -3.6122232210e+01    1.3055904394e+03   -4.7827949373e+01    1.1705717163e+01   -8.4806565651e+00    3.6498866006e+00   -6.5790799346e+00   -3.6418099474e+01    2.0947087172e+04    2.0948902940e+00    9.9895981120e-01
       182   -3.6083638227e+01    1.3028251486e+03   -4.7861734103e+01    1.1778095875e+01   -8.5214841276e+00    3.6534089438e+00   -6.5755594447e+00   -3.6418099474e+01    2.0940587351e+04    2.0959249530e+00    9.9892575794e-01
       183   -3.6067930015e+01    1.3016186609e+03   -4.7826310348e+01    1.1758380334e+01   -8.5264890710e+00    3.6954959038e+00   -6.5772177071e+00   -3.6418099474e+01    2.0902746328e+04    2.0923261010e+00    9.9897007584e-01
       184   -3.6093213730e+01    1.3034728813e+03   -4.7799068048e+01    1.1705854318e+01   -8.5154676815e+00    3.6993168801e+00   -6.5648177728e+00   -3.6418099474e+01    2.0944103734e+04    2.0958943590e+00    9.9892756549e-01
       185   -3.6108713621e+01    1.3045644740e+03   -4.7859245831e+01    1.1750532210e+01   -8.4234821459e+00    3.5631599825e+00   -6.5808241932e+00   -3.6418099474e+01    2.1037637825e+04    2.0978170620e+00    9.9894918039e-01
       186   -3.6097226555e+01    1.3037781314e+03   -4.7725357853e+01    1.1628131298e+01   -8.3581138228e+00    3.6460713932e+00   -6.5952159495e+00   -3.6418099474e+01    2.1050282087e+04    2.1006847390e+00    9.9888037674e-01
       187   -3.6094225480e+01    1.3034691398e+03   -4.7736542133e+01    1.1642316653e+01   -8.2864108321e+00    3.5744858020e+00   -6.6065176290e+00   -3.6418099474e+01    2.1041450616e+04    2.0982907110e+00    9.9895462105e-01
       188   -3.6093668291e+01    1.3034345193e+03   -4.7700090643e+01    1.1606422352e+01   -8.2885625796e+00    3.5945611943e+00   -6.5879897839e+00   -3.6418099474e+01    2.0954969035e+04    2.0959257710e+00    9.9893153654e-01
       189   -3.6073352898e+01    1.3019875057e+03   -4.7667429021e+01    1.1594076123e+01   -8.2829651908e+00    3.6163901774e+00   -6.5827545332e+00   -3.6418099474e+01    2.0796593188e+04    2.0875569830e+00    9.9884798165e-01
       190   -3.6086881888e+01    1.3029758623e+03   -4.7752302942e+01    1.1665421054e+01   -8.3582720853e+00    3.5917118407e+00   -6.5676432236e+00   -3.6418099474e+01    2.0650031678e+04    2.1008995160e+00    9.9896580588e-01
       191   -3.6063308271e+01    1.3012559799e+03   -4.7756256618e+01    1.1692948346e+01   -8.3956834400e+00    3.6327049155e+00   -6.5751786191e+00   -3.6418099474e+01    2.0541025292e+04    2.0764159460e+00    9.9891706415e-01
       192   -3.6079702658e+01    1.3024276564e+03   -4.7667095282e+01    1.1587392624e+01   -8.3700647914e+00    3.7027661644e+00   -6.5816971811e+00   -3.6418099474e+01    2.0448272855e+04    2.0388932670e+00    9.9889446218e-01
       193   -3.6095890614e+01    1.3036074282e+03   -4.7701290787e+01    1.1605400172e+01   -8.3438171913e+00    3.6727020628e+00   -6.6120761839e+00   -3.6418099474e+01    2.0418724604e+04    2.0387325380e+00    9.9885418999e-01
       194   -3.6088126182e+01    1.3030390547e+03   -4.7661215429e+01    1.1573089247e+01   -8.3134709884e+00    3.6681596115e+00   -6.5978045778e+00   -3.6418099474e+01    2.0386222908e+04    2.0275267240e+00    9.9888392857e-01
       195   -3.6064072722e+01    1.3013397818e+03   -4.7688929847e+01    1.1624857125e+01   -8.3602533770e+00    3.7023515222e+00   -6.6129285183e+00   -3.6418099474e+01    2.0451495323e+04    2.0422389410e+00    9.9895415023e-01
       196   -3.6068405887e+01    1.3016314392e+03   -4.7694640774e+01    1.1626234887e+01   -8.4312174439e+00    3.7670010663e+00   -6.6123249222e+00   -3.6418099474e+01    2.0492813601e+04    2.0666647000e+00    9.9892487733e-01
       197   -3.6072275884e+01    1.3019426359e+03   -4.7779085210e+01    1.1706809326e+01   -8.4127156911e+00    3.6505748669e+00   -6.5988449119e+00   -3.6418099474e+01    2.0550511503e+04    2.0723561080e+00    9.9889663465e-01
       198   -3.6063290012e+01    1.3012323987e+03   -4.7752051309e+01    1.1688761296e+01   -8.4132583938e+00    3.6745407961e+00   -6.5952342369e+00   -3.6418099474e+01    2.0494119021e+04    2.0558218460e+00    9.9891627058e-01
       199   -3.6060897275e+01    1.3010956763e+03   -4.7739460819e+01    1.1678563544e+01   -8.4428399859e+00    3.7140448665e+00   -6.5925662259e+00   -3.6418099474e+01    2.0534983824e+04    2.0597643190e+00    9.9891500904e-01
