# Index          LocalEnergy            Variance              Weight        NumOfWalkers      AvgSentWalkers         TrialEnergy             DiffEff      LivingFraction
         0   -3.5797428718e+01    8.5805315722e-01    2.0489122212e+03    2.0480000000e+03    0.0000000000e+00   -3.5752858766e+01    9.9488766817e-01    1.0000000000e+00
         1   -3.5800678126e+01    8.8440968878e-01    2.0480680955e+03    2.0480000000e+03    0.0000000000e+00   -3.5819694784e+01    9.9599917852e-01    9.8632812500e-01
         2   -3.5817606827e+01    8.3013673644e-01    2.0412367184e+03    2.0410000000e+03    5.0000000000e-01   -3.5802340587e+01    9.9478531435e-01    9.9167074963e-01
         3   -3.5823415456e+01    8.5728294269e-01    2.0479104166e+03    2.0410000000e+03    5.0000000000e-01   -3.5652214403e+01    9.9528846725e-01    9.9412052915e-01
         4   -3.5827197915e+01    8.4521081712e-01    2.0472033192e+03    2.0470000000e+03    7.5000000000e-01   -3.5821228314e+01    9.9510551180e-01    9.8974108451e-01
         5   -3.5848061769e+01    8.8539985741e-01    2.0392702440e+03    2.0380000000e+03    5.0000000000e-01   -3.5807743917e+01    9.9631359108e-01    9.9558390579e-01
         6   -3.5846430543e+01    9.1571444393e-01    2.0506580757e+03    2.0420000000e+03    2.5000000000e-01   -3.5634477426e+01    9.9483872169e-01    9.9657198825e-01
         7   -3.5876409619e+01    8.7733330845e-01    2.0478910259e+03    2.0500000000e+03    5.0000000000e-01   -3.5911282892e+01    9.9534236991e-01    9.9463414634e-01
         8   -3.5877186979e+01    8.6100289553e-01    2.0542261895e+03    2.0540000000e+03    1.0000000000e+00   -3.5873749047e+01    9.9530879072e-01    9.8880233690e-01
         9   -3.5896482164e+01    8.9586875607e-01    2.0423583787e+03    2.0480000000e+03    1.0000000000e+00   -3.6028962966e+01    9.9464906307e-01    9.9023437500e-01
        10   -3.5912744061e+01    8.5529681981e-01    2.0470067728e+03    2.0410000000e+03    5.0000000000e-01   -3.5758557210e+01    9.9482191506e-01    9.9461048506e-01
        11   -3.5901147626e+01    8.6987979492e-01    2.0447537059e+03    2.0440000000e+03    7.5000000000e-01   -3.5888489468e+01    9.9510861614e-01    9.9217221135e-01
        12   -3.5886027817e+01    8.7215291811e-01    2.0440185924e+03    2.0410000000e+03    7.5000000000e-01   -3.5821829517e+01    9.9563950162e-01    9.9363057325e-01
        13   -3.5882702587e+01    7.8273511022e-01    2.0489918116e+03    2.0450000000e+03    1.0000000000e+00   -3.5788730878e+01    9.9554241696e-01    9.9559902200e-01
        14   -3.5893552219e+01    7.8906335866e-01    2.0441061478e+03    2.0450000000e+03    7.5000000000e-01   -3.5906910877e+01    9.9589266708e-01    9.9119804401e-01
        15   -3.5917097811e+01    7.9970496251e-01    2.0423623944e+03    2.0380000000e+03    5.0000000000e-01   -3.5798396979e+01    9.9519187868e-01    9.9165848871e-01
        16   -3.5922883758e+01    7.9356840258e-01    2.0387963196e+03    2.0330000000e+03    1.0000000000e+00   -3.5779271168e+01    9.9503735728e-01    9.9557304476e-01
        17   -3.5942925197e+01    7.6508555423e-01    2.0494878318e+03    2.0400000000e+03    7.5000000000e-01   -3.5697678116e+01    9.9519120295e-01    9.9705882353e-01
        18   -3.5927707996e+01    7.6469618450e-01    2.0471298897e+03    2.0490000000e+03    2.5000000000e-01   -3.5979236027e+01    9.9526385846e-01    9.9072718399e-01
        19   -3.5941595693e+01    7.6881403650e-01    2.0453047562e+03    2.0440000000e+03    5.0000000000e-01   -3.5906460555e+01    9.9529793588e-01    9.9412915851e-01
        20   -3.5963696844e+01    7.8003281796e-01    2.0531846882e+03    2.0500000000e+03    7.5000000000e-01   -3.5875750506e+01    9.9583732559e-01    9.9512195122e-01
        21   -3.5953146707e+01    8.1127400078e-01    2.0516369693e+03    2.0520000000e+03    7.5000000000e-01   -3.5966225231e+01    9.9492849195e-01    9.8830409357e-01
        22   -3.5947041357e+01    8.1328046113e-01    2.0406432055e+03    2.0410000000e+03    7.5000000000e-01   -3.5960196064e+01    9.9503708597e-01    9.9265066144e-01
        23   -3.5962598347e+01    7.9647923865e-01    2.0452468802e+03    2.0450000000e+03    7.5000000000e-01   -3.5951029650e+01    9.9612305798e-01    9.9119804401e-01
        24   -3.5962307609e+01    8.7291038036e-01    2.0362979891e+03    2.0360000000e+03    1.0000000000e+00   -3.5955275612e+01    9.9501655195e-01    9.9165029470e-01
        25   -3.5951459814e+01    8.2335589177e-01    2.0302526691e+03    2.0300000000e+03    5.0000000000e-01   -3.5952027913e+01    9.9432670578e-01    9.9310344828e-01
        26   -3.5942282160e+01    8.3280565851e-01    2.0310212479e+03    2.0310000000e+03    2.5000000000e-01   -3.5948004992e+01    9.9498949344e-01    9.9359921221e-01
        27   -3.5942581021e+01    7.6364171859e-01    2.0338295218e+03    2.0340000000e+03    7.5000000000e-01   -3.5946322585e+01    9.9544058246e-01    9.9557522124e-01
        28   -3.5956221600e+01    7.7619277720e-01    2.0340228049e+03    2.0340000000e+03    7.5000000000e-01   -3.5946196005e+01    9.9529874062e-01    9.9164208456e-01
        29   -3.5966130976e+01    7.8803456921e-01    2.0246102606e+03    2.0240000000e+03    7.5000000000e-01   -3.5946633520e+01    9.9495222161e-01    9.9209486166e-01
        30   -3.5993269420e+01    7.5217957819e-01    2.0194692558e+03    2.0180000000e+03    5.0000000000e-01   -3.5943260154e+01    9.9579000128e-01    9.9058473736e-01
        31   -3.5998894373e+01    7.5951736019e-01    2.0131529748e+03    2.0110000000e+03    2.5000000000e-01   -3.5944219739e+01    9.9438248929e-01    9.9502734958e-01
        32   -3.6002889079e+01    7.4293344513e-01    2.0192947718e+03    2.0170000000e+03    7.5000000000e-01   -3.5944474282e+01    9.9501791396e-01    9.9305899851e-01
        33   -3.6018438599e+01    7.6948565263e-01    2.0234233330e+03    2.0210000000e+03    7.5000000000e-01   -3.5950693798e+01    9.9505484159e-01    9.9307273627e-01
        34   -3.6020907518e+01    7.6826683130e-01    2.0175256358e+03    2.0150000000e+03    5.0000000000e-01   -3.5956566939e+01    9.9460386901e-01    9.9305210918e-01
        35   -3.6029623864e+01    7.4044924795e-01    2.0157507852e+03    2.0130000000e+03    7.5000000000e-01   -3.5957132482e+01    9.9467855255e-01    9.9503229011e-01
        36   -3.6032681836e+01    7.7717589677e-01    2.0117657975e+03    2.0090000000e+03    7.5000000000e-01   -3.5959846097e+01    9.9555116068e-01    9.9303135889e-01
        37   -3.6046346402e+01    7.6854430089e-01    2.0060701217e+03    2.0030000000e+03    5.0000000000e-01   -3.5961218025e+01    9.9536289038e-01    9.9800299551e-01
        38   -3.6014512778e+01    7.7655107124e-01    2.0105849404e+03    2.0080000000e+03    5.0000000000e-01   -3.5962120467e+01    9.9581936277e-01    9.9551792829e-01
        39   -3.6024655309e+01    8.0795979442e-01    2.0171387089e+03    2.0150000000e+03    5.0000000000e-01   -3.5966037267e+01    9.9494599493e-01    9.9404466501e-01
        40   -3.6031833181e+01    8.4931437689e-01    2.0182479566e+03    2.0160000000e+03    1.0000000000e+00   -3.5971300600e+01    9.9454209088e-01    9.9404761905e-01
        41   -3.6038370995e+01    8.1910188533e-01    2.0235436500e+03    2.0210000000e+03    7.5000000000e-01   -3.5974009832e+01    9.9581245392e-01    9.9208312716e-01
        42   -3.6065853859e+01    1.0427389465e+00    2.0246319136e+03    2.0220000000e+03    7.5000000000e-01   -3.5978890631e+01    9.9421950692e-01    9.9455984174e-01
        43   -3.6046066321e+01    1.2337718721e+00    2.0293749418e+03    2.0270000000e+03    7.5000000000e-01   -3.5982686973e+01    9.9530463034e-01    9.9358658115e-01
        44   -3.6021552830e+01    9.0724652793e-01    2.0345358601e+03    2.0330000000e+03    5.0000000000e-01   -3.5987189543e+01    9.9524054065e-01    9.9557304476e-01
        45   -3.6033100147e+01    9.1464492364e-01    2.0360911409e+03    2.0350000000e+03    2.5000000000e-01   -3.5990738519e+01    9.9621352325e-01    9.9213759214e-01
        46   -3.6010034693e+01    8.7622871409e-01    2.0369716850e+03    2.0360000000e+03    5.0000000000e-01   -3.5992878268e+01    9.9490785282e-01    9.9508840864e-01
        47   -3.6018633109e+01    7.9142880114e-01    2.0395737788e+03    2.0390000000e+03    7.5000000000e-01   -3.5993730072e+01    9.9520921050e-01    9.8773908779e-01
        48   -3.6008714515e+01    8.5094152974e-01    2.0235728878e+03    2.0230000000e+03    7.5000000000e-01   -3.5995703245e+01    9.9546036248e-01    9.9505684627e-01
        49   -3.6023541616e+01    7.8614832708e-01    2.0207890332e+03    2.0200000000e+03    5.0000000000e-01   -3.5988133593e+01    9.9554021412e-01    9.9356435644e-01
        50   -3.6015997589e+01    8.1882928330e-01    2.0201544129e+03    2.0190000000e+03    1.0000000000e+00   -3.5987537234e+01    9.9543086344e-01    9.9455175830e-01
        51   -3.6040721545e+01    8.2795434032e-01    2.0224973057e+03    2.0210000000e+03    2.5000000000e-01   -3.5987709742e+01    9.9510602101e-01    9.9356754082e-01
        52   -3.6043635899e+01    8.1143186077e-01    2.0178547636e+03    2.0160000000e+03    7.5000000000e-01   -3.5990097643e+01    9.9545398841e-01    9.9503968254e-01
        53   -3.6058146384e+01    8.0375453289e-01    2.0235110943e+03    2.0210000000e+03    7.5000000000e-01   -3.5989042209e+01    9.9474949511e-01    9.9554675903e-01
        54   -3.6034706515e+01    8.2585439583e-01    2.0261163653e+03    2.0240000000e+03    7.5000000000e-01   -3.5993437764e+01    9.9497502742e-01    9.9604743083e-01
        55   -3.6051620400e+01    8.2276121897e-01    2.0369205884e+03    2.0350000000e+03    7.5000000000e-01   -3.5995559842e+01    9.9371235641e-01    9.9754299754e-01
        56   -3.6044762562e+01    8.5936349870e-01    2.0477830985e+03    2.0460000000e+03    7.5000000000e-01   -3.6002136978e+01    9.9457950884e-01    9.9169110459e-01
        57   -3.6058421132e+01    7.9607744628e-01    2.0408023793e+03    2.0390000000e+03    7.5000000000e-01   -3.6008461052e+01    9.9543781511e-01    9.8921039725e-01
        58   -3.6060496658e+01    7.4140688136e-01    2.0322127887e+03    2.0300000000e+03    7.5000000000e-01   -3.6006358265e+01    9.9446918363e-01    9.9408866995e-01
        59   -3.6037336007e+01    7.1213144787e-01    2.0277860643e+03    2.0260000000e+03    2.5000000000e-01   -3.6003438345e+01    9.9454797068e-01    9.9605133268e-01
        60   -3.6037611765e+01    7.1703669335e-01    2.0395744180e+03    2.0380000000e+03    2.5000000000e-01   -3.6001911671e+01    9.9532191722e-01    9.9607458292e-01
        61   -3.6050495286e+01    7.3750244257e-01    2.0464438046e+03    2.0450000000e+03    2.5000000000e-01   -3.6008337054e+01    9.9531231040e-01    9.9070904645e-01
        62   -3.6035618406e+01    6.9804903732e-01    2.0372661982e+03    2.0360000000e+03    5.0000000000e-01   -3.6012605055e+01    9.9573967226e-01    9.9410609037e-01
        63   -3.6065907830e+01    7.4163351985e-01    2.0447891832e+03    2.0430000000e+03    5.0000000000e-01   -3.6008627824e+01    9.9586703036e-01    9.9510523740e-01
        64   -3.6082115891e+01    7.4103695399e-01    2.0483955247e+03    2.0460000000e+03    7.5000000000e-01   -3.6013496098e+01    9.9509904469e-01    9.9462365591e-01
        65   -3.6076272004e+01    7.9174191072e-01    2.0515311831e+03    2.0490000000e+03    5.0000000000e-01   -3.6016748236e+01    9.9556236772e-01    9.9804782821e-01
        66   -3.6073538785e+01    7.8277692699e-01    2.0591548501e+03    2.0570000000e+03    2.5000000000e-01   -3.6019576046e+01    9.9482042156e-01    9.9416626155e-01
        67   -3.6054204030e+01    7.6349446411e-01    2.0666898561e+03    2.0650000000e+03    1.0000000000e+00   -3.6024470042e+01    9.9483253564e-01    9.9467312349e-01
        68   -3.6066732790e+01    7.4169394395e-01    2.0703087346e+03    2.0690000000e+03    5.0000000000e-01   -3.6028855258e+01    9.9514585728e-01    9.9468342194e-01
        69   -3.6068567899e+01    7.3527013916e-01    2.0735140744e+03    2.0720000000e+03    7.5000000000e-01   -3.6031563186e+01    9.9592002710e-01    9.9372586873e-01
        70   -3.6080175987e+01    7.0844475055e-01    2.0756798197e+03    2.0740000000e+03    2.5000000000e-01   -3.6034067006e+01    9.9570069567e-01    9.9421407907e-01
        71   -3.6052701835e+01    7.0989449451e-01    2.0721458444e+03    2.0710000000e+03    2.5000000000e-01   -3.6036257806e+01    9.9537185551e-01    9.9661999034e-01
        72   -3.6057003860e+01    7.2747442744e-01    2.0757252087e+03    2.0750000000e+03    2.5000000000e-01   -3.6035128197e+01    9.9588648673e-01    9.9180722892e-01
        73   -3.6056121542e+01    7.3710249652e-01    2.0678021629e+03    2.0670000000e+03    5.0000000000e-01   -3.6037487977e+01    9.9485610807e-01    9.9371069182e-01
        74   -3.6068331463e+01    7.1176899813e-01    2.0661253991e+03    2.0650000000e+03    7.5000000000e-01   -3.6034257754e+01    9.9459947568e-01    9.9418886199e-01
        75   -3.6044953991e+01    7.2651740179e-01    2.0648931057e+03    2.0640000000e+03    5.0000000000e-01   -3.6034241012e+01    9.9564764939e-01    9.9467054264e-01
        76   -3.6037100867e+01    7.5006963742e-01    2.0612458189e+03    2.0610000000e+03    5.0000000000e-01   -3.6033993055e+01    9.9567350162e-01    9.9466278506e-01
        77   -3.6046247401e+01    8.4591781529e-01    2.0694410845e+03    2.0690000000e+03    1.0000000000e+00   -3.6032423803e+01    9.9510089971e-01    9.9468342194e-01
        78   -3.6048664275e+01    8.4917476815e-01    2.0703799008e+03    2.0700000000e+03    7.5000000000e-01   -3.6036741291e+01    9.9503421524e-01    9.9420289855e-01
        79   -3.6044408323e+01    7.7412224010e-01    2.0632476839e+03    2.0630000000e+03    7.5000000000e-01   -3.6037573452e+01    9.9463015057e-01    9.9369849733e-01
        80   -3.6047769538e+01    7.9742281597e-01    2.0604542845e+03    2.0600000000e+03    5.0000000000e-01   -3.6034417676e+01    9.9466727150e-01    9.9466019417e-01
        81   -3.6039501060e+01    7.5253445508e-01    2.0614241259e+03    2.0610000000e+03    5.0000000000e-01   -3.6033403357e+01    9.9517881433e-01    9.9078117419e-01
        82   -3.6068926499e+01    7.6640718789e-01    2.0559073452e+03    2.0550000000e+03    5.0000000000e-01   -3.6034070076e+01    9.9572974689e-01    9.9367396594e-01
        83   -3.6070168320e+01    7.6756153519e-01    2.0616908279e+03    2.0600000000e+03    1.2500000000e+00   -3.6032047271e+01    9.9496007043e-01    9.9563106796e-01
        84   -3.6068936035e+01    7.3006750837e-01    2.0643089110e+03    2.0630000000e+03    2.5000000000e-01   -3.6035512279e+01    9.9545512824e-01    9.9369849733e-01
        85   -3.6070841058e+01    7.3866692110e-01    2.0653132672e+03    2.0640000000e+03    1.0000000000e+00   -3.6037398061e+01    9.9473752808e-01    9.9612403101e-01
        86   -3.6078547836e+01    7.5278372981e-01    2.0714986955e+03    2.0700000000e+03    7.5000000000e-01   -3.6038511367e+01    9.9499973589e-01    9.9178743961e-01
        87   -3.6081317469e+01    7.2553596956e-01    2.0635475615e+03    2.0620000000e+03    2.5000000000e-01   -3.6042225006e+01    9.9464201168e-01    9.9563530553e-01
        88   -3.6093910636e+01    7.5305645642e-01    2.0750594155e+03    2.0730000000e+03    5.0000000000e-01   -3.6039121935e+01    9.9514723191e-01    9.9421128799e-01
        89   -3.6094997879e+01    7.2099269557e-01    2.0780270587e+03    2.0760000000e+03    5.0000000000e-01   -3.6045588750e+01    9.9595906053e-01    9.9421965318e-01
        90   -3.6070892004e+01    7.3337375075e-01    2.0815083439e+03    2.0800000000e+03    5.0000000000e-01   -3.6047911237e+01    9.9531992013e-01    9.9375000000e-01
        91   -3.6080372622e+01    6.8722101249e-01    2.0789608406e+03    2.0780000000e+03    7.5000000000e-01   -3.6050113795e+01    9.9518837500e-01    9.9470644851e-01
        92   -3.6073168997e+01    7.3365237323e-01    2.0770997748e+03    2.0760000000e+03    5.0000000000e-01   -3.6049534837e+01    9.9413266110e-01    9.9518304432e-01
        93   -3.6070324420e+01    7.3646668219e-01    2.0808666969e+03    2.0800000000e+03    7.5000000000e-01   -3.6049168542e+01    9.9487801112e-01    9.9278846154e-01
        94   -3.6074943720e+01    7.8705146279e-01    2.0778496331e+03    2.0770000000e+03    2.5000000000e-01   -3.6051456999e+01    9.9571906729e-01    9.9566682715e-01
        95   -3.6085310381e+01    7.7994915813e-01    2.0832420105e+03    2.0820000000e+03    5.0000000000e-01   -3.6050531473e+01    9.9481164137e-01    9.9231508165e-01
        96   -3.6079268570e+01    7.2353960661e-01    2.0822096592e+03    2.0810000000e+03    5.0000000000e-01   -3.6053771293e+01    9.9502808253e-01    9.9279192696e-01
        97   -3.6071066586e+01    6.8422914544e-01    2.0809211664e+03    2.0800000000e+03    2.5000000000e-01   -3.6053828333e+01    9.9563755763e-01    9.9471153846e-01
        98   -3.6059759730e+01    6.8439626418e-01    2.0814489406e+03    2.0810000000e+03    7.5000000000e-01   -3.6053642719e+01    9.9486772595e-01    9.9423354157e-01
        99   -3.6062600062e+01    7.2420892394e-01    2.0772737394e+03    2.0770000000e+03    5.0000000000e-01   -3.6054175603e+01    9.9512375548e-01    9.9374097256e-01
       100   -3.6053707439e+01    7.1019451736e-01    2.0782132906e+03    2.0780000000e+03    7.5000000000e-01   -3.6052475490e+01    9.9553118241e-01    9.9374398460e-01
       101   -3.6055575603e+01    6.9881389813e-01    2.0801151583e+03    2.0800000000e+03    7.5000000000e-01   -3.6053118115e+01    9.9499777499e-01    9.9567307692e-01
       102   -3.6049445135e+01    7.1290080290e-01    2.0839032452e+03    2.0840000000e+03    2.5000000000e-01   -3.6054241406e+01    9.9465612897e-01    9.9808061420e-01
       103   -3.6065098798e+01    7.2030724988e-01    2.0879141939e+03    2.0880000000e+03    5.0000000000e-01   -3.6056190523e+01    9.9505361867e-01    9.9185823755e-01
       104   -3.6064964592e+01    7.4805770158e-01    2.0842815634e+03    2.0840000000e+03    1.0000000000e+00   -3.6058426346e+01    9.9539659303e-01    9.9184261036e-01
       105   -3.6051780315e+01    7.1219116649e-01    2.0770458272e+03    2.0770000000e+03    7.5000000000e-01   -3.6056988995e+01    9.9445286787e-01    9.9470389986e-01
       106   -3.6077754046e+01    6.7319734013e-01    2.0734637541e+03    2.0730000000e+03    2.5000000000e-01   -3.6053655007e+01    9.9559052762e-01    9.9710564399e-01
       107   -3.6069974345e+01    6.9264491202e-01    2.0788201734e+03    2.0780000000e+03    5.0000000000e-01   -3.6052367792e+01    9.9493218945e-01    9.9326275265e-01
       108   -3.6053348376e+01    7.0186212233e-01    2.0742282058e+03    2.0740000000e+03    7.5000000000e-01   -3.6055288273e+01    9.9530017406e-01    9.9469623915e-01
       109   -3.6052093157e+01    7.0871182766e-01    2.0709428393e+03    2.0710000000e+03    5.0000000000e-01   -3.6053222932e+01    9.9529495678e-01    9.9517141478e-01
       110   -3.6043077727e+01    6.8911040322e-01    2.0687477533e+03    2.0690000000e+03    5.0000000000e-01   -3.6051766619e+01    9.9517057910e-01    9.9178347028e-01
       111   -3.6037962189e+01    6.9961837696e-01    2.0676391332e+03    2.0680000000e+03    1.0000000000e+00   -3.6050733050e+01    9.9493660600e-01    9.9564796905e-01
       112   -3.6058839978e+01    6.7897144317e-01    2.0749536643e+03    2.0750000000e+03    0.0000000000e+00   -3.6050167766e+01    9.9492191047e-01    9.9373493976e-01
       113   -3.6061405281e+01    6.9018526431e-01    2.0742356246e+03    2.0740000000e+03    5.0000000000e-01   -3.6053895018e+01    9.9525450445e-01    9.9758919961e-01
       114   -3.6074184293e+01    1.0041356967e+00    2.0771906989e+03    2.0770000000e+03    2.5000000000e-01   -3.6053767901e+01    9.9505351732e-01    9.9422243621e-01
       115   -3.6051813907e+01    8.4156566387e-01    2.0741748984e+03    2.0740000000e+03    7.5000000000e-01   -3.6055540443e+01    9.9557395442e-01    9.9421407907e-01
       116   -3.6057167135e+01    7.2124011388e-01    2.0740506762e+03    2.0740000000e+03    7.5000000000e-01   -3.6054196128e+01    9.9564773129e-01    9.9517839923e-01
       117   -3.6068321211e+01    7.3767507637e-01    2.0783745459e+03    2.0780000000e+03    5.0000000000e-01   -3.6054297790e+01    9.9577721780e-01    9.9326275265e-01
       118   -3.6063743662e+01    7.2978035427e-01    2.0824300631e+03    2.0820000000e+03    5.0000000000e-01   -3.6056652441e+01    9.9492242460e-01    9.9375600384e-01
       119   -3.6078717309e+01    7.2784316798e-01    2.0804457351e+03    2.0800000000e+03    5.0000000000e-01   -3.6058822172e+01    9.9541616951e-01    9.9471153846e-01
       120   -3.6048619360e+01    6.9451608173e-01    2.0801877663e+03    2.0800000000e+03    5.0000000000e-01   -3.6058234496e+01    9.9500756785e-01    9.9567307692e-01
       121   -3.6042146459e+01    7.2688720885e-01    2.0823732428e+03    2.0830000000e+03    5.0000000000e-01   -3.6058170921e+01    9.9502828711e-01    9.9279884782e-01
       122   -3.6067787181e+01    7.6930091427e-01    2.0798234632e+03    2.0800000000e+03    7.5000000000e-01   -3.6059216769e+01    9.9523787092e-01    9.9326923077e-01
       123   -3.6068942128e+01    7.8912991254e-01    2.0794971796e+03    2.0790000000e+03    1.0000000000e+00   -3.6058236365e+01    9.9494719553e-01    9.9086099086e-01
       124   -3.6075475350e+01    7.5927847318e-01    2.0725863721e+03    2.0720000000e+03    5.0000000000e-01   -3.6058330675e+01    9.9463678514e-01    9.9469111969e-01
       125   -3.6062325701e+01    7.3031920501e-01    2.0766609842e+03    2.0760000000e+03    5.0000000000e-01   -3.6055310472e+01    9.9542006740e-01    9.9325626204e-01
       126   -3.6063886030e+01    7.3543702833e-01    2.0731991507e+03    2.0730000000e+03    7.5000000000e-01   -3.6057453260e+01    9.9492809876e-01    9.9517607332e-01
       127   -3.6057528760e+01    7.3321133640e-01    2.0741343799e+03    2.0740000000e+03    7.5000000000e-01   -3.6055974853e+01    9.9534545154e-01    9.9180327869e-01
       128   -3.6067398762e+01    7.3964787436e-01    2.0713375064e+03    2.0710000000e+03    5.0000000000e-01   -3.6056553477e+01    9.9488932079e-01    9.9420569773e-01
       129   -3.6061172178e+01    7.8213468874e-01    2.0734140873e+03    2.0730000000e+03    5.0000000000e-01   -3.6055419944e+01    9.9399272828e-01    9.9421128799e-01
       130   -3.6060462031e+01    8.3657394127e-01    2.0822145316e+03    2.0820000000e+03    1.0000000000e+00   -3.6056577274e+01    9.9477133291e-01    9.9423631124e-01
       131   -3.6037042996e+01    7.6531161343e-01    2.0875040092e+03    2.0880000000e+03    1.0000000000e+00   -3.6060958818e+01    9.9526074502e-01    9.9233716475e-01
       132   -3.6058113754e+01    7.4988382350e-01    2.0812886133e+03    2.0820000000e+03    5.0000000000e-01   -3.6063430308e+01    9.9537898785e-01    9.9327569645e-01
       133   -3.6073470757e+01    7.5709450124e-01    2.0821953011e+03    2.0820000000e+03    7.5000000000e-01   -3.6060570462e+01    9.9575592315e-01    9.9711815562e-01
       134   -3.6068860333e+01    7.4820909977e-01    2.0883053203e+03    2.0880000000e+03    5.0000000000e-01   -3.6061260600e+01    9.9437877566e-01    9.9137931034e-01
       135   -3.6068644055e+01    7.7017538979e-01    2.0811608239e+03    2.0810000000e+03    5.0000000000e-01   -3.6064400791e+01    9.9486844260e-01    9.9519461797e-01
       136   -3.6073178169e+01    7.5336239417e-01    2.0813488402e+03    2.0810000000e+03    2.5000000000e-01   -3.6061178322e+01    9.9554173967e-01    9.9375300336e-01
       137   -3.6061908029e+01    7.3569921020e-01    2.0802940359e+03    2.0800000000e+03    7.5000000000e-01   -3.6061508506e+01    9.9525627002e-01    9.9471153846e-01
       138   -3.6078999205e+01    7.3040458651e-01    2.0813072130e+03    2.0810000000e+03    5.0000000000e-01   -3.6061141860e+01    9.9477342229e-01    9.9086977415e-01
       139   -3.6048923086e+01    7.4879331075e-01    2.0761747607e+03    2.0760000000e+03    2.5000000000e-01   -3.6061910314e+01    9.9478320427e-01    9.9470134875e-01
       140   -3.6062741141e+01    6.8461654855e-01    2.0818529119e+03    2.0820000000e+03    7.5000000000e-01   -3.6059467503e+01    9.9463601508e-01    9.9327569645e-01
       141   -3.6029496686e+01    9.0057819625e-01    2.0843493545e+03    2.0850000000e+03    7.5000000000e-01   -3.6062338656e+01    9.9475736339e-01    9.9472422062e-01
       142   -3.6046228104e+01    7.5546243189e-01    2.0909040037e+03    2.0920000000e+03    7.5000000000e-01   -3.6063402268e+01    9.9483161680e-01    9.9043977055e-01
       143   -3.6063850015e+01    7.6621994292e-01    2.0815028909e+03    2.0820000000e+03    7.5000000000e-01   -3.6066545437e+01    9.9483877722e-01    9.9567723343e-01
       144   -3.6061171305e+01    7.9242768288e-01    2.0880498631e+03    2.0880000000e+03    5.0000000000e-01   -3.6062184566e+01    9.9502165682e-01    9.9042145594e-01
       145   -3.6073137005e+01    7.1818760342e-01    2.0851766432e+03    2.0850000000e+03    7.5000000000e-01   -3.6065446646e+01    9.9600719077e-01    9.9472422062e-01
       146   -3.6076902759e+01    6.8677287394e-01    2.0813281647e+03    2.0810000000e+03    7.5000000000e-01   -3.6064284407e+01    9.9523771501e-01    9.9375300336e-01
       147   -3.6064096196e+01    6.8450364340e-01    2.0823476339e+03    2.0820000000e+03    2.5000000000e-01   -3.6062678075e+01    9.9567705450e-01    9.9327569645e-01
       148   -3.6068348938e+01    7.2532315128e-01    2.0842162361e+03    2.0840000000e+03    5.0000000000e-01   -3.6063304964e+01    9.9518552475e-01    9.9376199616e-01
       149   -3.6037165659e+01    7.0794779316e-01    2.0824866963e+03    2.0830000000e+03    7.5000000000e-01   -3.6064369948e+01    9.9605786262e-01    9.9471915506e-01
       150   -3.6049907222e+01    6.8838540449e-01    2.0801199682e+03    2.0810000000e+03    5.0000000000e-01   -3.6063465352e+01    9.9510724091e-01    9.9519461797e-01
       151   -3.6038876678e+01    7.2379464498e-01    2.0852621461e+03    2.0860000000e+03    5.0000000000e-01   -3.6062352191e+01    9.9526477851e-01    9.9328859060e-01
       152   -3.6041858998e+01    7.2807055810e-01    2.0870237230e+03    2.0880000000e+03    5.0000000000e-01   -3.6064761247e+01    9.9602520096e-01    9.9521072797e-01
       153   -3.6045922474e+01    7.3173455261e-01    2.0910562522e+03    2.0920000000e+03    5.0000000000e-01   -3.6065569038e+01    9.9530467687e-01    9.9139579350e-01
       154   -3.6050684965e+01    7.1123205599e-01    2.0862704309e+03    2.0870000000e+03    7.5000000000e-01   -3.6067493609e+01    9.9499576721e-01    9.9472927647e-01
       155   -3.6062428723e+01    7.1438949837e-01    2.0937417402e+03    2.0940000000e+03    7.5000000000e-01   -3.6065231883e+01    9.9498480208e-01    9.9426934097e-01
       156   -3.6086671955e+01    6.9924937635e-01    2.0921851674e+03    2.0920000000e+03    1.0000000000e+00   -3.6068922189e+01    9.9520393739e-01    9.9330783939e-01
       157   -3.6096296245e+01    7.2318980102e-01    2.0959975898e+03    2.0950000000e+03    1.0000000000e+00   -3.6068469266e+01    9.9536842912e-01    9.9665871122e-01
       158   -3.6073195984e+01    7.2148883616e-01    2.0994616078e+03    2.0990000000e+03    5.0000000000e-01   -3.6070646149e+01    9.9483670028e-01    9.9428299190e-01
       159   -3.6075241664e+01    7.4492490771e-01    2.0960552193e+03    2.0960000000e+03    7.5000000000e-01   -3.6072482473e+01    9.9426202378e-01    9.9236641221e-01
       160   -3.6087668891e+01    7.5267226231e-01    2.0934712156e+03    2.0930000000e+03    7.5000000000e-01   -3.6071055624e+01    9.9570972415e-01    9.9474438605e-01
       161   -3.6082514190e+01    7.7103753904e-01    2.1006102008e+03    2.1000000000e+03    7.5000000000e-01   -3.6070104386e+01    9.9465916840e-01    9.9619047619e-01
       162   -3.6073059257e+01    7.5680357756e-01    2.1081727218e+03    2.1080000000e+03    5.0000000000e-01   -3.6073750743e+01    9.9526453894e-01    9.9383301708e-01
       163   -3.6058385295e+01    7.1310422745e-01    2.1054751289e+03    2.1060000000e+03    5.0000000000e-01   -3.6077516969e+01    9.9499841963e-01    9.9477682811e-01
       164   -3.6078865095e+01    7.1146264187e-01    2.1076321073e+03    2.1080000000e+03    7.5000000000e-01   -3.6076304799e+01    9.9554877771e-01    9.9383301708e-01
       165   -3.6087360729e+01    7.2865772318e-01    2.1092184597e+03    2.1090000000e+03    1.0000000000e+00   -3.6077537272e+01    9.9557703806e-01    9.9288762447e-01
       166   -3.6086875993e+01    7.4831961062e-01    2.1105007556e+03    2.1100000000e+03    5.0000000000e-01   -3.6078553528e+01    9.9516911465e-01    9.9526066351e-01
       167   -3.6082620430e+01    7.3831434185e-01    2.1102014324e+03    2.1100000000e+03    5.0000000000e-01   -3.6079418273e+01    9.9636649058e-01    9.9194312796e-01
       168   -3.6088890151e+01    8.1326946913e-01    2.1023206400e+03    2.1020000000e+03    5.0000000000e-01   -3.6079501192e+01    9.9541882602e-01    9.9571836346e-01
       169   -3.6106139674e+01    7.9992220293e-01    2.1058859524e+03    2.1050000000e+03    5.0000000000e-01   -3.6076023401e+01    9.9472540023e-01    9.8954869359e-01
       170   -3.6102806935e+01    7.6391097025e-01    2.0991830176e+03    2.0980000000e+03    1.0000000000e+00   -3.6078093155e+01    9.9477190284e-01    9.9237368923e-01
       171   -3.6111828273e+01    7.8658469581e-01    2.1024865487e+03    2.1010000000e+03    7.5000000000e-01   -3.6075253380e+01    9.9448165561e-01    9.9333650643e-01
       172   -3.6135403742e+01    8.1053679358e-01    2.1000241604e+03    2.0980000000e+03    5.0000000000e-01   -3.6077228887e+01    9.9422751841e-01    9.9380362250e-01
       173   -3.6121608967e+01    7.5545931050e-01    2.0980753627e+03    2.0960000000e+03    2.5000000000e-01   -3.6076608864e+01    9.9482511765e-01    9.9522900763e-01
       174   -3.6091203430e+01    7.6789430609e-01    2.1043362220e+03    2.1030000000e+03    7.5000000000e-01   -3.6076135544e+01    9.9550472791e-01    9.9572039943e-01
       175   -3.6108095754e+01    7.9234052031e-01    2.1189235283e+03    2.1180000000e+03    7.5000000000e-01   -3.6079368259e+01    9.9477253533e-01    9.9527856468e-01
       176   -3.6098066055e+01    8.1891275080e-01    2.1175977007e+03    2.1170000000e+03    7.5000000000e-01   -3.6086634467e+01    9.9578851751e-01    9.9291450165e-01
       177   -3.6111113444e+01    7.9183628434e-01    2.1147063602e+03    2.1140000000e+03    7.5000000000e-01   -3.6086298220e+01    9.9526071933e-01    9.9432355724e-01
       178   -3.6108902786e+01    7.8929848594e-01    2.1200568203e+03    2.1190000000e+03    7.5000000000e-01   -3.6085300468e+01    9.9550388239e-01    9.9433695139e-01
       179   -3.6093903110e+01    7.3503282143e-01    2.1205204644e+03    2.1200000000e+03    7.5000000000e-01   -3.6088177421e+01    9.9541630317e-01    9.9198113208e-01
       180   -3.6105601060e+01    7.5289087149e-01    2.1195810131e+03    2.1190000000e+03    1.0000000000e+00   -3.6088647997e+01    9.9551403967e-01    9.9480887211e-01
       181   -3.6076846777e+01    8.0523357966e-01    2.1220827247e+03    2.1220000000e+03    5.0000000000e-01   -3.6088526304e+01    9.9535523649e-01    9.9528746466e-01
       182   -3.6089408741e+01    7.6838486977e-01    2.1256653737e+03    2.1260000000e+03    1.0000000000e+00   -3.6089845865e+01    9.9605305999e-01    9.9529633114e-01
       183   -3.6071323472e+01    7.7170773916e-01    2.1305351195e+03    2.1310000000e+03    7.5000000000e-01   -3.6091748032e+01    9.9461855732e-01    9.9108399812e-01
       184   -3.6064838568e+01    7.8818781316e-01    2.1279256635e+03    2.1290000000e+03    5.0000000000e-01   -3.6094138757e+01    9.9502353067e-01    9.9483325505e-01
       185   -3.6099055802e+01    7.8682622842e-01    2.1294467352e+03    2.1300000000e+03    5.0000000000e-01   -3.6092975092e+01    9.9534223021e-01    9.9389671362e-01
       186   -3.6084479985e+01    8.0774198835e-01    2.1268343017e+03    2.1270000000e+03    2.5000000000e-01   -3.6093956908e+01    9.9453958843e-01    9.9294781382e-01
       187   -3.6082326160e+01    8.5676622354e-01    2.1225967292e+03    2.1230000000e+03    5.0000000000e-01   -3.6092906117e+01    9.9486437271e-01    9.9340555817e-01
       188   -3.6095331055e+01    9.0820402748e-01    2.1198274671e+03    2.1200000000e+03    5.0000000000e-01   -3.6091073549e+01    9.9490442519e-01    9.9056603774e-01
       189   -3.6101341858e+01    9.1471551934e-01    2.1124106348e+03    2.1120000000e+03    5.0000000000e-01   -3.6090004927e+01    9.9603772404e-01    9.9621212121e-01
       190   -3.6089679507e+01    8.4284113979e-01    2.1161521762e+03    2.1160000000e+03    5.0000000000e-01   -3.6086769460e+01    9.9405381297e-01    9.9338374291e-01
       191   -3.6083194609e+01    7.7520802007e-01    2.1147112820e+03    2.1150000000e+03    1.0000000000e+00   -3.6088737218e+01    9.9494572458e-01    9.9621749409e-01
       192   -3.6094091018e+01    7.7440395157e-01    2.1198993494e+03    2.1200000000e+03    5.0000000000e-01   -3.6088214183e+01    9.9528039730e-01    9.9481132075e-01
       193   -3.6093847503e+01    7.6613475132e-01    2.1151265415e+03    2.1150000000e+03    7.5000000000e-01   -3.6090883757e+01    9.9448812345e-01    9.9716312057e-01
       194   -3.6078230831e+01    7.5366944449e-01    2.1188344667e+03    2.1190000000e+03    5.0000000000e-01   -3.6088845124e+01    9.9470717194e-01    9.9528079283e-01
       195   -3.6078890539e+01    7.3524416422e-01    2.1153615452e+03    2.1160000000e+03    1.0000000000e+00   -3.6090720279e+01    9.9524789955e-01    9.9338374291e-01
       196   -3.6075993713e+01    7.1848475278e-01    2.1145389037e+03    2.1150000000e+03    5.0000000000e-01   -3.6089205843e+01    9.9552950935e-01    9.9338061466e-01
       197   -3.6077957619e+01    7.4674074595e-01    2.1114940799e+03    2.1120000000e+03    7.5000000000e-01   -3.6088925070e+01    9.9521338676e-01    9.9384469697e-01
       198   -3.6075825824e+01    6.9614243507e-01    2.1045063203e+03    2.1050000000e+03    7.5000000000e-01   -3.6087602094e+01    9.9447025171e-01    9.8954869359e-01
       199   -3.6073095500e+01    7.1845495947e-01    2.0956470296e+03    2.0960000000e+03    5.0000000000e-01   -3.6084391996e+01    9.9500023370e-01    9.9332061069e-01
