#  Band    State   TwistIndex BandIndex Energy      Kx      Ky      Kz      K1      K2      K3    KmK 
       0        0        1        0    -0.223904  0.3598  0.2077  0.2071  0.4750 -0.0000  0.4750      1
       1        1        1        1    -0.218851  0.3598  0.2077  0.2071  0.4750 -0.0000  0.4750      1
       2        2        1        2    -0.198260  0.3598  0.2077  0.2071  0.4750 -0.0000  0.4750      1
       3        3        1        3    -0.181200  0.3598  0.2077  0.2071  0.4750 -0.0000  0.4750      1
       4        4        1        4    -0.155808  0.3598  0.2077  0.2071  0.4750 -0.0000  0.4750      1
       5        5        1        5     0.033106  0.3598  0.2077  0.2071  0.4750 -0.0000  0.4750      1
       6        6        1        6     0.048872  0.3598  0.2077  0.2071  0.4750 -0.0000  0.4750      1
       7        7        1        7     0.068187  0.3598  0.2077  0.2071  0.4750 -0.0000  0.4750      1
       8        8        1        8     0.086130  0.3598  0.2077  0.2071  0.4750 -0.0000  0.4750      1
       9        9        1        9     0.121796  0.3598  0.2077  0.2071  0.4750 -0.0000  0.4750      1
      10       10        1       10     0.134487  0.3598  0.2077  0.2071  0.4750 -0.0000  0.4750      1
      11       11        1       11     0.146343  0.3598  0.2077  0.2071  0.4750 -0.0000  0.4750      1
      12       12        1       12     0.155557  0.3598  0.2077  0.2071  0.4750 -0.0000  0.4750      1
      13       13        1       13     0.176407  0.3598  0.2077  0.2071  0.4750 -0.0000  0.4750      1
      14       14        1       14     0.245511  0.3598  0.2077  0.2071  0.4750 -0.0000  0.4750      1
      15       15        1       15     0.269456  0.3598  0.2077  0.2071  0.4750 -0.0000  0.4750      1
      16       16        1       16     0.287797  0.3598  0.2077  0.2071  0.4750 -0.0000  0.4750      1
      17       17        1       17     0.310178  0.3598  0.2077  0.2071  0.4750 -0.0000  0.4750      1
      18       18        1       18     0.315813  0.3598  0.2077  0.2071  0.4750 -0.0000  0.4750      1
      19       19        1       19     0.340109  0.3598  0.2077  0.2071  0.4750 -0.0000  0.4750      1
      20       20        1       20     0.398004  0.3598  0.2077  0.2071  0.4750 -0.0000  0.4750      1
      21       21        1       21     0.429442  0.3598  0.2077  0.2071  0.4750 -0.0000  0.4750      1
      22       22        1       22     0.453699  0.3598  0.2077  0.2071  0.4750 -0.0000  0.4750      1
      23       23        1       23     0.538512  0.3598  0.2077  0.2071  0.4750 -0.0000  0.4750      1
      24       24        1       24     0.553537  0.3598  0.2077  0.2071  0.4750 -0.0000  0.4750      1
      25       25        1       25     0.565676  0.3598  0.2077  0.2071  0.4750 -0.0000  0.4750      1
      26       26        1       26     0.568795  0.3598  0.2077  0.2071  0.4750 -0.0000  0.4750      1
      27       27        1       27     0.584239  0.3598  0.2077  0.2071  0.4750 -0.0000  0.4750      1
      28       28        1       28     0.595016  0.3598  0.2077  0.2071  0.4750 -0.0000  0.4750      1
      29       29        1       29     0.619296  0.3598  0.2077  0.2071  0.4750 -0.0000  0.4750      1
      30       30        1       30     0.623664  0.3598  0.2077  0.2071  0.4750 -0.0000  0.4750      1
      31       31        1       31     0.633802  0.3598  0.2077  0.2071  0.4750 -0.0000  0.4750      1
      32       32        1       32     0.639755  0.3598  0.2077  0.2071  0.4750 -0.0000  0.4750      1
      33       33        1       33     0.648518  0.3598  0.2077  0.2071  0.4750 -0.0000  0.4750      1
      34       34        1       34     0.657650  0.3598  0.2077  0.2071  0.4750 -0.0000  0.4750      1
      35       35        1       35     0.664350  0.3598  0.2077  0.2071  0.4750 -0.0000  0.4750      1
      36       36        1       36     0.680335  0.3598  0.2077  0.2071  0.4750 -0.0000  0.4750      1
      37       37        1       37     0.712665  0.3598  0.2077  0.2071  0.4750 -0.0000  0.4750      1
      38       38        1       38     0.714901  0.3598  0.2077  0.2071  0.4750 -0.0000  0.4750      1
      39       39        1       39     0.725744  0.3598  0.2077  0.2071  0.4750 -0.0000  0.4750      1
      40       40        1       40     0.732529  0.3598  0.2077  0.2071  0.4750 -0.0000  0.4750      1
      41       41        1       41     0.745942  0.3598  0.2077  0.2071  0.4750 -0.0000  0.4750      1
      42       42        1       42     0.748296  0.3598  0.2077  0.2071  0.4750 -0.0000  0.4750      1
      43       43        1       43     0.763102  0.3598  0.2077  0.2071  0.4750 -0.0000  0.4750      1
      44       44        1       44     0.789022  0.3598  0.2077  0.2071  0.4750 -0.0000  0.4750      1
      45       45        1       45     0.800134  0.3598  0.2077  0.2071  0.4750 -0.0000  0.4750      1
      46       46        1       46     0.806245  0.3598  0.2077  0.2071  0.4750 -0.0000  0.4750      1
      47       47        1       47     0.812452  0.3598  0.2077  0.2071  0.4750 -0.0000  0.4750      1
      48       48        1       48     0.828192  0.3598  0.2077  0.2071  0.4750 -0.0000  0.4750      1
      49       49        1       49     0.831423  0.3598  0.2077  0.2071  0.4750 -0.0000  0.4750      1
      50       50        1       50     0.850895  0.3598  0.2077  0.2071  0.4750 -0.0000  0.4750      1
      51       51        1       51     0.852181  0.3598  0.2077  0.2071  0.4750 -0.0000  0.4750      1
      52       52        1       52     0.884302  0.3598  0.2077  0.2071  0.4750 -0.0000  0.4750      1
      53       53        1       53     0.890058  0.3598  0.2077  0.2071  0.4750 -0.0000  0.4750      1
      54       54        1       54     0.892558  0.3598  0.2077  0.2071  0.4750 -0.0000  0.4750      1
      55       55        1       55     0.913261  0.3598  0.2077  0.2071  0.4750 -0.0000  0.4750      1
      56       56        1       56     0.926880  0.3598  0.2077  0.2071  0.4750 -0.0000  0.4750      1
      57       57        1       57     0.933027  0.3598  0.2077  0.2071  0.4750 -0.0000  0.4750      1
      58       58        1       58     0.961146  0.3598  0.2077  0.2071  0.4750 -0.0000  0.4750      1
      59       59        1       59     0.965826  0.3598  0.2077  0.2071  0.4750 -0.0000  0.4750      1
      60       60        1       60     0.977951  0.3598  0.2077  0.2071  0.4750 -0.0000  0.4750      1
      61       61        1       61     0.986989  0.3598  0.2077  0.2071  0.4750 -0.0000  0.4750      1
      62       62        1       62     1.005073  0.3598  0.2077  0.2071  0.4750 -0.0000  0.4750      1
      63       63        1       63     1.029975  0.3598  0.2077  0.2071  0.4750 -0.0000  0.4750      1
      64       64        1       64     1.035697  0.3598  0.2077  0.2071  0.4750 -0.0000  0.4750      1
      65       65        1       65     1.041241  0.3598  0.2077  0.2071  0.4750 -0.0000  0.4750      1
      66       66        1       66     1.067686  0.3598  0.2077  0.2071  0.4750 -0.0000  0.4750      1
      67       67        1       67     1.081793  0.3598  0.2077  0.2071  0.4750 -0.0000  0.4750      1
      68       68        1       68     1.085152  0.3598  0.2077  0.2071  0.4750 -0.0000  0.4750      1
      69       69        1       69     1.087508  0.3598  0.2077  0.2071  0.4750 -0.0000  0.4750      1
      70       70        1       70     1.092448  0.3598  0.2077  0.2071  0.4750 -0.0000  0.4750      1
      71       71        1       71     1.095421  0.3598  0.2077  0.2071  0.4750 -0.0000  0.4750      1
      72       72        1       72     1.110860  0.3598  0.2077  0.2071  0.4750 -0.0000  0.4750      1
      73       73        1       73     1.114090  0.3598  0.2077  0.2071  0.4750 -0.0000  0.4750      1
      74       74        1       74     1.129881  0.3598  0.2077  0.2071  0.4750 -0.0000  0.4750      1
      75       75        1       75     1.133364  0.3598  0.2077  0.2071  0.4750 -0.0000  0.4750      1
      76       76        1       76     1.151198  0.3598  0.2077  0.2071  0.4750 -0.0000  0.4750      1
      77       77        1       77     1.170626  0.3598  0.2077  0.2071  0.4750 -0.0000  0.4750      1
      78       78        1       78     1.172051  0.3598  0.2077  0.2071  0.4750 -0.0000  0.4750      1
      79       79        1       79     1.190436  0.3598  0.2077  0.2071  0.4750 -0.0000  0.4750      1
      80       80        1       80     1.206916  0.3598  0.2077  0.2071  0.4750 -0.0000  0.4750      1
      81       81        1       81     1.212227  0.3598  0.2077  0.2071  0.4750 -0.0000  0.4750      1
      82       82        1       82     1.215174  0.3598  0.2077  0.2071  0.4750 -0.0000  0.4750      1
      83       83        1       83     1.227513  0.3598  0.2077  0.2071  0.4750 -0.0000  0.4750      1
      84       84        1       84     1.229817  0.3598  0.2077  0.2071  0.4750 -0.0000  0.4750      1
      85       85        1       85     1.248798  0.3598  0.2077  0.2071  0.4750 -0.0000  0.4750      1
      86       86        1       86     1.256549  0.3598  0.2077  0.2071  0.4750 -0.0000  0.4750      1
      87       87        1       87     1.263993  0.3598  0.2077  0.2071  0.4750 -0.0000  0.4750      1
      88       88        1       88     1.277708  0.3598  0.2077  0.2071  0.4750 -0.0000  0.4750      1
      89       89        1       89     1.280506  0.3598  0.2077  0.2071  0.4750 -0.0000  0.4750      1
      90       90        1       90     1.287524  0.3598  0.2077  0.2071  0.4750 -0.0000  0.4750      1
      91       91        1       91     1.301294  0.3598  0.2077  0.2071  0.4750 -0.0000  0.4750      1
      92       92        1       92     1.307513  0.3598  0.2077  0.2071  0.4750 -0.0000  0.4750      1
      93       93        1       93     1.317308  0.3598  0.2077  0.2071  0.4750 -0.0000  0.4750      1
      94       94        1       94     1.319961  0.3598  0.2077  0.2071  0.4750 -0.0000  0.4750      1
      95       95        1       95     1.327917  0.3598  0.2077  0.2071  0.4750 -0.0000  0.4750      1
      96       96        1       96     1.351023  0.3598  0.2077  0.2071  0.4750 -0.0000  0.4750      1
      97       97        1       97     1.359398  0.3598  0.2077  0.2071  0.4750 -0.0000  0.4750      1
      98       98        1       98     1.368798  0.3598  0.2077  0.2071  0.4750 -0.0000  0.4750      1
      99       99        1       99     1.380358  0.3598  0.2077  0.2071  0.4750 -0.0000  0.4750      1
