#   index    LocalEnergy         LocalEnergy_sq      LocalPotential      Kinetic             LocalECP            NonLocalECP         ElecElec            IonIon              BlockWeight         BlockCPU            AcceptRatio         
         0   -3.5572191944e+01    1.2660673807e+03   -4.8194811812e+01    1.2622619868e+01   -9.0942964220e+00    3.6795471255e+00   -6.3619630412e+00   -3.6418099474e+01    2.0493386750e+04    2.0960736740e+00    9.9895844219e-01
         1   -3.5568143939e+01    1.2657813897e+03   -4.8139194799e+01    1.2571050860e+01   -9.1257334995e+00    3.7513935046e+00   -6.3467553298e+00   -3.6418099474e+01    2.0465965433e+04    2.1138691810e+00    9.9896821905e-01
         2   -3.5560505151e+01    1.2652099575e+03   -4.8007710668e+01    1.2447205517e+01   -9.0966802199e+00    3.8644938467e+00   -6.3574248204e+00   -3.6418099474e+01    2.0489959010e+04    2.0950274910e+00    9.9899064912e-01
         3   -3.5565043930e+01    1.2655378252e+03   -4.8163564347e+01    1.2598520416e+01   -9.0496283440e+00    3.6911835894e+00   -6.3870201181e+00   -3.6418099474e+01    2.0343188271e+04    2.0570174300e+00    9.9895180038e-01
         4   -3.5566752278e+01    1.2657421707e+03   -4.8034689788e+01    1.2467937509e+01   -9.0803200810e+00    3.8413301674e+00   -6.3776004000e+00   -3.6418099474e+01    2.0522678210e+04    2.0861096570e+00    9.9896109591e-01
         5   -3.5584121629e+01    1.2669424116e+03   -4.8202225027e+01    1.2618103398e+01   -9.0224265522e+00    3.6344525208e+00   -6.3961515218e+00   -3.6418099474e+01    2.0501067487e+04    2.0855357130e+00    9.9895808650e-01
         6   -3.5586219009e+01    1.2670496562e+03   -4.8207738547e+01    1.2621519538e+01   -9.1203693486e+00    3.6937282338e+00   -6.3629979581e+00   -3.6418099474e+01    2.0355410186e+04    2.0616408290e+00    9.9900320799e-01
         7   -3.5597262621e+01    1.2678582137e+03   -4.8124534774e+01    1.2527272154e+01   -9.1818134445e+00    3.8285916318e+00   -6.3532134872e+00   -3.6418099474e+01    2.0373474390e+04    2.0609556040e+00    9.9906365728e-01
         8   -3.5592883343e+01    1.2675682279e+03   -4.8174807845e+01    1.2581924502e+01   -9.2278257076e+00    3.8468615935e+00   -6.3757442567e+00   -3.6418099474e+01    2.0457482260e+04    2.0581959590e+00    9.9896282948e-01
         9   -3.5605154903e+01    1.2684543453e+03   -4.8161987115e+01    1.2556832212e+01   -9.2118752128e+00    3.8402364591e+00   -6.3722488871e+00   -3.6418099474e+01    2.0475012758e+04    2.0822361660e+00    9.9900551329e-01
        10   -3.5593998287e+01    1.2676194233e+03   -4.8198072991e+01    1.2604074704e+01   -9.1549086664e+00    3.7482086525e+00   -6.3732735029e+00   -3.6418099474e+01    2.0437703485e+04    2.0620463810e+00    9.9890069559e-01
        11   -3.5607049374e+01    1.2685637677e+03   -4.8290439110e+01    1.2683389736e+01   -9.1760275719e+00    3.6709957183e+00   -6.3673077824e+00   -3.6418099474e+01    2.0503507003e+04    2.0982979090e+00    9.9891109671e-01
        12   -3.5591402526e+01    1.2674334754e+03   -4.8309359550e+01    1.2717957024e+01   -9.1948695894e+00    3.6697359044e+00   -6.3661263909e+00   -3.6418099474e+01    2.0546483448e+04    2.1036040200e+00    9.9900050062e-01
        13   -3.5606160716e+01    1.2684865607e+03   -4.8172534265e+01    1.2566373549e+01   -9.2315646620e+00    3.8462257044e+00   -6.3690958332e+00   -3.6418099474e+01    2.0481993184e+04    2.0718258680e+00    9.9896230101e-01
        14   -3.5598917249e+01    1.2680187180e+03   -4.8166271777e+01    1.2567354528e+01   -9.2690953764e+00    3.8808364847e+00   -6.3599134111e+00   -3.6418099474e+01    2.0699832143e+04    2.1040059970e+00    9.9898550725e-01
        15   -3.5609077122e+01    1.2686836477e+03   -4.8215810860e+01    1.2606733738e+01   -9.2223247635e+00    3.7944325142e+00   -6.3698191370e+00   -3.6418099474e+01    2.0666972169e+04    2.0995301930e+00    9.9899243027e-01
        16   -3.5622924554e+01    1.2697102684e+03   -4.8134082860e+01    1.2511158306e+01   -9.1433628935e+00    3.7998369395e+00   -6.3724574314e+00   -3.6418099474e+01    2.0816203401e+04    2.1105487470e+00    9.9898758331e-01
        17   -3.5628305088e+01    1.2701800678e+03   -4.8170204895e+01    1.2541899808e+01   -9.1209917318e+00    3.7429202268e+00   -6.3740339163e+00   -3.6418099474e+01    2.0804483242e+04    2.1071022240e+00    9.9905567727e-01
        18   -3.5628772028e+01    1.2701643762e+03   -4.8198649363e+01    1.2569877335e+01   -9.0959103177e+00    3.6868968425e+00   -6.3715364135e+00   -3.6418099474e+01    2.0807484919e+04    2.1095807910e+00    9.9898371192e-01
        19   -3.5606706856e+01    1.2685747680e+03   -4.8171463301e+01    1.2564756445e+01   -9.0702907476e+00    3.6760738538e+00   -6.3591469328e+00   -3.6418099474e+01    2.1037680756e+04    2.1198762810e+00    9.9901043541e-01
        20   -3.5615712438e+01    1.2691772370e+03   -4.8224495821e+01    1.2608783383e+01   -9.0956856618e+00    3.6765249796e+00   -6.3872356648e+00   -3.6418099474e+01    2.1097318072e+04    2.1243018550e+00    9.9908767773e-01
        21   -3.5621295737e+01    1.2695980466e+03   -4.8206259666e+01    1.2584963928e+01   -9.1085712433e+00    3.7008339066e+00   -6.3804228549e+00   -3.6418099474e+01    2.1173719282e+04    2.1453668650e+00    9.9898301311e-01
        22   -3.5599277628e+01    1.2680100754e+03   -4.8106825177e+01    1.2507547550e+01   -9.1243282775e+00    3.8192642133e+00   -6.3836616389e+00   -3.6418099474e+01    2.1159518657e+04    2.1539383510e+00    9.9894878579e-01
        23   -3.5604716934e+01    1.2683551514e+03   -4.8060197596e+01    1.2455480662e+01   -9.0864935625e+00    3.8353776884e+00   -6.3909822478e+00   -3.6418099474e+01    2.1081647108e+04    2.1193654500e+00    9.9897363982e-01
        24   -3.5596505009e+01    1.2678041490e+03   -4.8085832293e+01    1.2489327284e+01   -9.0947849770e+00    3.8292218432e+00   -6.4021696847e+00   -3.6418099474e+01    2.1083435000e+04    2.1146908510e+00    9.9904152273e-01
        25   -3.5610089278e+01    1.2688421719e+03   -4.8101150435e+01    1.2491061156e+01   -9.0710157832e+00    3.7874239174e+00   -6.3994590949e+00   -3.6418099474e+01    2.1113649878e+04    2.1228569130e+00    9.9898867588e-01
        26   -3.5613131222e+01    1.2690464634e+03   -4.8134576234e+01    1.2521445012e+01   -9.1208944632e+00    3.8060618020e+00   -6.4016440986e+00   -3.6418099474e+01    2.1080556310e+04    2.1257303420e+00    9.9894469740e-01
        27   -3.5621282707e+01    1.2695531473e+03   -4.8110046872e+01    1.2488764164e+01   -9.2029071835e+00    3.8820670390e+00   -6.3711072529e+00   -3.6418099474e+01    2.1136630311e+04    2.1341041570e+00    9.9889337920e-01
        28   -3.5607902444e+01    1.2686346918e+03   -4.8130366032e+01    1.2522463588e+01   -9.2167443344e+00    3.8951898206e+00   -6.3907120439e+00   -3.6418099474e+01    2.1150650892e+04    2.1336091860e+00    9.9902763147e-01
        29   -3.5601939936e+01    1.2682329809e+03   -4.8114925979e+01    1.2512986043e+01   -9.1710636067e+00    3.8458197506e+00   -6.3715826491e+00   -3.6418099474e+01    2.0983963505e+04    2.2524953540e+00    9.9897565391e-01
        30   -3.5574196241e+01    1.2662634191e+03   -4.8225982480e+01    1.2651786239e+01   -9.1519295595e+00    3.7438659814e+00   -6.3998194279e+00   -3.6418099474e+01    2.0855668999e+04    2.1013292470e+00    9.9896785458e-01
        31   -3.5602355688e+01    1.2682395876e+03   -4.8169048878e+01    1.2566693189e+01   -9.1423379410e+00    3.8175948171e+00   -6.4262062798e+00   -3.6418099474e+01    2.0778093279e+04    2.0953703180e+00    9.9903758241e-01
        32   -3.5596766210e+01    1.2678164393e+03   -4.8225911662e+01    1.2629145452e+01   -9.1300069371e+00    3.7704958457e+00   -6.4483010968e+00   -3.6418099474e+01    2.0743532094e+04    2.0907023040e+00    9.9894476998e-01
        33   -3.5632021146e+01    1.2703099291e+03   -4.8187208422e+01    1.2555187275e+01   -9.1521270257e+00    3.7926285182e+00   -6.4096104399e+00   -3.6418099474e+01    2.0786388512e+04    2.0966903730e+00    9.9896550065e-01
        34   -3.5617405468e+01    1.2693131552e+03   -4.8163968992e+01    1.2546563524e+01   -9.1300200658e+00    3.7971852206e+00   -6.4130346721e+00   -3.6418099474e+01    2.0771172890e+04    2.0939133830e+00    9.9901476647e-01
        35   -3.5611528317e+01    1.2689060415e+03   -4.8153062201e+01    1.2541533884e+01   -9.1357862435e+00    3.8193155792e+00   -6.4184920623e+00   -3.6418099474e+01    2.0668712790e+04    2.0904341230e+00    9.9900990441e-01
        36   -3.5596864766e+01    1.2678669880e+03   -4.8062162285e+01    1.2465297519e+01   -9.1570425001e+00    3.9315950697e+00   -6.4186153805e+00   -3.6418099474e+01    2.0743190885e+04    2.0928878040e+00    9.9892755579e-01
        37   -3.5579467677e+01    1.2665723064e+03   -4.8045314567e+01    1.2465846890e+01   -9.1136023583e+00    3.8891849246e+00   -6.4027976587e+00   -3.6418099474e+01    2.0795220291e+04    2.0980506270e+00    9.9900941485e-01
        38   -3.5588360885e+01    1.2672435107e+03   -4.8166647051e+01    1.2578286166e+01   -9.0387846441e+00    3.7155279775e+00   -6.4252909099e+00   -3.6418099474e+01    2.0771720935e+04    2.0894913690e+00    9.9897900252e-01
        39   -3.5615419837e+01    1.2692027869e+03   -4.8064798623e+01    1.2449378785e+01   -9.0875744936e+00    3.8175114129e+00   -6.3766360679e+00   -3.6418099474e+01    2.0646852431e+04    2.0804861560e+00    9.9896036590e-01
        40   -3.5600574634e+01    1.2681434107e+03   -4.8072333488e+01    1.2471758854e+01   -9.0977233782e+00    3.8188005061e+00   -6.3753111419e+00   -3.6418099474e+01    2.0562014033e+04    2.0724971720e+00    9.9901695834e-01
        41   -3.5600701812e+01    1.2681544369e+03   -4.8133217469e+01    1.2532515657e+01   -9.0784459221e+00    3.7361779339e+00   -6.3728500063e+00   -3.6418099474e+01    2.0523244543e+04    2.0747897150e+00    9.9890372247e-01
        42   -3.5589785739e+01    1.2673276188e+03   -4.8133381876e+01    1.2543596137e+01   -9.0712695588e+00    3.7022851556e+00   -6.3462979984e+00   -3.6418099474e+01    2.0502727509e+04    2.0711832890e+00    9.9896540913e-01
        43   -3.5548479245e+01    1.2643828597e+03   -4.8093338727e+01    1.2544859482e+01   -9.1330457835e+00    3.8271236622e+00   -6.3693171312e+00   -3.6418099474e+01    2.0413018019e+04    2.0736861560e+00    9.9899622974e-01
        44   -3.5585061974e+01    1.2669833552e+03   -4.8151202488e+01    1.2566140514e+01   -9.2028731999e+00    3.8311240079e+00   -6.3613538214e+00   -3.6418099474e+01    2.0476946751e+04    2.0545430670e+00    9.9894147600e-01
        45   -3.5591144247e+01    1.2674141715e+03   -4.8195471035e+01    1.2604326789e+01   -9.2379155849e+00    3.8045442378e+00   -6.3440002141e+00   -3.6418099474e+01    2.0336129078e+04    2.0414686020e+00    9.9906398612e-01
        46   -3.5590992137e+01    1.2674085033e+03   -4.8227259475e+01    1.2636267339e+01   -9.2742860009e+00    3.7993811239e+00   -6.3342551243e+00   -3.6418099474e+01    2.0281378192e+04    2.0331745890e+00    9.9893108962e-01
        47   -3.5586253711e+01    1.2670536787e+03   -4.8228121457e+01    1.2641867746e+01   -9.2640235873e+00    3.7836627815e+00   -6.3296611767e+00   -3.6418099474e+01    2.0135577897e+04    2.0399694940e+00    9.9905459576e-01
        48   -3.5589791049e+01    1.2673075940e+03   -4.8162079815e+01    1.2572288766e+01   -9.3095163604e+00    3.8788243531e+00   -6.3132883334e+00   -3.6418099474e+01    2.0136463946e+04    2.0344213530e+00    9.9898009862e-01
        49   -3.5579607604e+01    1.2666321007e+03   -4.8086586677e+01    1.2506979073e+01   -9.2381666873e+00    3.9175686843e+00   -6.3478891995e+00   -3.6418099474e+01    2.0062243906e+04    2.0313639250e+00    9.9902267257e-01
        50   -3.5564381870e+01    1.2655106370e+03   -4.8132818054e+01    1.2568436184e+01   -9.1810102907e+00    3.8472001584e+00   -6.3809084473e+00   -3.6418099474e+01    2.0066862063e+04    2.0339367720e+00    9.9902123389e-01
        51   -3.5567055579e+01    1.2656829730e+03   -4.8216522438e+01    1.2649466859e+01   -9.1167267254e+00    3.7051963990e+00   -6.3868926377e+00   -3.6418099474e+01    2.0073643856e+04    2.0317579920e+00    9.9900556457e-01
        52   -3.5598595475e+01    1.2679582146e+03   -4.8134432274e+01    1.2535836799e+01   -9.0342568791e+00    3.6895654601e+00   -6.3716413809e+00   -3.6418099474e+01    2.0082807115e+04    2.0312021090e+00    9.9894168036e-01
        53   -3.5609881403e+01    1.2687657386e+03   -4.8274825099e+01    1.2664943695e+01   -8.9919467960e+00    3.5346618702e+00   -6.3994406986e+00   -3.6418099474e+01    2.0099661658e+04    2.0314156450e+00    9.9905088939e-01
        54   -3.5588681044e+01    1.2672324206e+03   -4.8100071285e+01    1.2511390241e+01   -9.0314781807e+00    3.7437031800e+00   -6.3941968106e+00   -3.6418099474e+01    1.9924590302e+04    2.0206168540e+00    9.9900499831e-01
        55   -3.5580712918e+01    1.2666634138e+03   -4.8114316959e+01    1.2533604041e+01   -9.0501626547e+00    3.7390706170e+00   -6.3851254467e+00   -3.6418099474e+01    1.9656492485e+04    1.9857848910e+00    9.9895866651e-01
        56   -3.5579945575e+01    1.2666227206e+03   -4.8105031492e+01    1.2525085917e+01   -9.0673428321e+00    3.7787638335e+00   -6.3983530189e+00   -3.6418099474e+01    1.9613151356e+04    1.9790971690e+00    9.9903282917e-01
        57   -3.5603320947e+01    1.2683154971e+03   -4.8062042686e+01    1.2458721739e+01   -9.0926494943e+00    3.8390400790e+00   -6.3903337962e+00   -3.6418099474e+01    1.9834883368e+04    2.0000664550e+00    9.9899307582e-01
        58   -3.5609179759e+01    1.2686905409e+03   -4.8128755761e+01    1.2519576003e+01   -9.0282958790e+00    3.7128005547e+00   -6.3951609629e+00   -3.6418099474e+01    1.9900325433e+04    2.0248241640e+00    9.9909152279e-01
        59   -3.5603338254e+01    1.2682646150e+03   -4.8194268678e+01    1.2590930424e+01   -9.0051651933e+00    3.6010007307e+00   -6.3720047410e+00   -3.6418099474e+01    1.9916515405e+04    2.0448930720e+00    9.9901700509e-01
        60   -3.5621500775e+01    1.2695688120e+03   -4.8210098677e+01    1.2588597902e+01   -9.0301272140e+00    3.6228524932e+00   -6.3847244820e+00   -3.6418099474e+01    1.9986766573e+04    2.0263133860e+00    9.9905784509e-01
        61   -3.5633567155e+01    1.2704748939e+03   -4.8024944184e+01    1.2391377029e+01   -9.0155220979e+00    3.8093963425e+00   -6.4007189545e+00   -3.6418099474e+01    2.0044651100e+04    2.0233420900e+00    9.9900164728e-01
        62   -3.5614627433e+01    1.2691178963e+03   -4.7930100575e+01    1.2315473142e+01   -9.0267829016e+00    3.8982499353e+00   -6.3834681345e+00   -3.6418099474e+01    2.0198492319e+04    2.0669300010e+00    9.9897236529e-01
        63   -3.5585117319e+01    1.2670292819e+03   -4.8061964773e+01    1.2476847454e+01   -8.9720323732e+00    3.7026850948e+00   -6.3745180206e+00   -3.6418099474e+01    2.0270880211e+04    2.0295766620e+00    9.9897989387e-01
        64   -3.5571180224e+01    1.2660111623e+03   -4.8114095560e+01    1.2542915336e+01   -8.9662963384e+00    3.6325746454e+00   -6.3622743928e+00   -3.6418099474e+01    2.0228893728e+04    2.0281481930e+00    9.9898322318e-01
        65   -3.5567174071e+01    1.2657356458e+03   -4.7972932420e+01    1.2405758349e+01   -9.0400139363e+00    3.7996134648e+00   -6.3144324745e+00   -3.6418099474e+01    2.0268079464e+04    2.0379871830e+00    9.9910679051e-01
        66   -3.5599363890e+01    1.2680127418e+03   -4.8063060518e+01    1.2463696628e+01   -8.9666597912e+00    3.6498710965e+00   -6.3281723492e+00   -3.6418099474e+01    2.0403229079e+04    2.0545725620e+00    9.9905471452e-01
        67   -3.5571920317e+01    1.2660491623e+03   -4.8058640151e+01    1.2486719833e+01   -8.9642549689e+00    3.6896089131e+00   -6.3658946209e+00   -3.6418099474e+01    2.0456174451e+04    2.0536045760e+00    9.9899634845e-01
        68   -3.5584354740e+01    1.2669474463e+03   -4.8053245894e+01    1.2468891154e+01   -9.0167540811e+00    3.7525167042e+00   -6.3709090427e+00   -3.6418099474e+01    2.0347469984e+04    2.0345633840e+00    9.9900662019e-01
        69   -3.5595027918e+01    1.2677089427e+03   -4.8080544624e+01    1.2485516706e+01   -9.0913232356e+00    3.7758470240e+00   -6.3469689382e+00   -3.6418099474e+01    2.0395598155e+04    2.0401533480e+00    9.9899485168e-01
        70   -3.5584862835e+01    1.2669690887e+03   -4.8052692104e+01    1.2467829269e+01   -9.1011977812e+00    3.7950593893e+00   -6.3284542377e+00   -3.6418099474e+01    2.0380587024e+04    2.0374349780e+00    9.9900121956e-01
        71   -3.5592576980e+01    1.2675692277e+03   -4.8014593473e+01    1.2422016493e+01   -9.1196387759e+00    3.8546846837e+00   -6.3315399069e+00   -3.6418099474e+01    2.0520172518e+04    2.0734401580e+00    9.9903235014e-01
        72   -3.5584691149e+01    1.2669900715e+03   -4.8005048196e+01    1.2420357047e+01   -9.1166095793e+00    3.8546535659e+00   -6.3249927083e+00   -3.6418099474e+01    2.0599185700e+04    2.0851186430e+00    9.9891659328e-01
        73   -3.5575460610e+01    1.2663105353e+03   -4.8041011188e+01    1.2465550578e+01   -9.1077186543e+00    3.8295799560e+00   -6.3447730151e+00   -3.6418099474e+01    2.0551952152e+04    2.0808345040e+00    9.9889505834e-01
        74   -3.5590584818e+01    1.2673853258e+03   -4.8005270042e+01    1.2414685223e+01   -9.0988040509e+00    3.8514278376e+00   -6.3397943543e+00   -3.6418099474e+01    2.0478564534e+04    2.0656684040e+00    9.9907400949e-01
        75   -3.5598324802e+01    1.2679304728e+03   -4.8028752463e+01    1.2430427661e+01   -9.0855146637e+00    3.8453474729e+00   -6.3704857979e+00   -3.6418099474e+01    2.0474083740e+04    2.0558312170e+00    9.9890273601e-01
        76   -3.5575994232e+01    1.2663210882e+03   -4.8020668017e+01    1.2444673786e+01   -9.0824928606e+00    3.8747967792e+00   -6.3948724617e+00   -3.6418099474e+01    2.0354809232e+04    2.0464579650e+00    9.9904389991e-01
        77   -3.5586553722e+01    1.2670869524e+03   -4.8069757836e+01    1.2483204114e+01   -9.1002970875e+00    3.8195843207e+00   -6.3709455951e+00   -3.6418099474e+01    2.0320650194e+04    2.0347342390e+00    9.9896131377e-01
        78   -3.5595320044e+01    1.2677440263e+03   -4.8022519411e+01    1.2427199367e+01   -9.1443694161e+00    3.9205124815e+00   -6.3805630028e+00   -3.6418099474e+01    2.0400068345e+04    2.0413830640e+00    9.9899504878e-01
        79   -3.5588265830e+01    1.2672569464e+03   -4.8062086916e+01    1.2473821086e+01   -9.1570329815e+00    3.8829029282e+00   -6.3698573884e+00   -3.6418099474e+01    2.0460885316e+04    2.0518069770e+00    9.9894927182e-01
        80   -3.5588775014e+01    1.2673093873e+03   -4.7956912571e+01    1.2368137557e+01   -9.1323528828e+00    3.9767261151e+00   -6.3831863287e+00   -3.6418099474e+01    2.0465627356e+04    2.0558041550e+00    9.9896523323e-01
        81   -3.5597601049e+01    1.2678934587e+03   -4.7995299321e+01    1.2397698272e+01   -9.0809813830e+00    3.8937860393e+00   -6.3900045033e+00   -3.6418099474e+01    2.0411189726e+04    2.0504809000e+00    9.9902008819e-01
        82   -3.5593878849e+01    1.2676228972e+03   -4.7990986915e+01    1.2397108066e+01   -9.0800674422e+00    3.8831496631e+00   -6.3759696615e+00   -3.6418099474e+01    2.0438231327e+04    2.0418860620e+00    9.9904065257e-01
        83   -3.5595428038e+01    1.2677648869e+03   -4.8063024944e+01    1.2467596906e+01   -9.0578445916e+00    3.7974446362e+00   -6.3845255147e+00   -3.6418099474e+01    2.0450354610e+04    2.0420102540e+00    9.9901501921e-01
        84   -3.5599765158e+01    1.2680739764e+03   -4.8047940414e+01    1.2448175257e+01   -9.1142137061e+00    3.8611076948e+00   -6.3767349289e+00   -3.6418099474e+01    2.0313294603e+04    2.0319920830e+00    9.9899596981e-01
        85   -3.5578486259e+01    1.2665735451e+03   -4.7988972080e+01    1.2410485821e+01   -9.1121468189e+00    3.9240763311e+00   -6.3828021183e+00   -3.6418099474e+01    2.0286864885e+04    2.0242337850e+00    9.9897194682e-01
        86   -3.5583152276e+01    1.2668534528e+03   -4.8055098543e+01    1.2471946267e+01   -9.0684107692e+00    3.8090670310e+00   -6.3776553302e+00   -3.6418099474e+01    2.0261662530e+04    2.0583174170e+00    9.9894418828e-01
        87   -3.5593499734e+01    1.2675872069e+03   -4.8108256311e+01    1.2514756577e+01   -9.0755112542e+00    3.7935010186e+00   -6.4081466008e+00   -3.6418099474e+01    2.0166409598e+04    2.0209048090e+00    9.9902761640e-01
        88   -3.5587830869e+01    1.2672009901e+03   -4.8122928462e+01    1.2535097593e+01   -9.1590739326e+00    3.8310138611e+00   -6.3767689160e+00   -3.6418099474e+01    2.0157539534e+04    2.0353845970e+00    9.9900065206e-01
        89   -3.5589756269e+01    1.2673246356e+03   -4.8167219466e+01    1.2577463196e+01   -9.1047535954e+00    3.7275703958e+00   -6.3719367917e+00   -3.6418099474e+01    2.0146552014e+04    2.0219349920e+00    9.9902133212e-01
        90   -3.5590153339e+01    1.2673209087e+03   -4.8142032701e+01    1.2551879361e+01   -9.1328966924e+00    3.7790889071e+00   -6.3701254410e+00   -3.6418099474e+01    2.0144085959e+04    2.0212206190e+00    9.9901946182e-01
        91   -3.5583475841e+01    1.2668518093e+03   -4.8090122892e+01    1.2506647051e+01   -9.2112896313e+00    3.8625699188e+00   -6.3233037049e+00   -3.6418099474e+01    1.9997640490e+04    2.0158379050e+00    9.9892830350e-01
        92   -3.5591511379e+01    1.2674453488e+03   -4.8091514180e+01    1.2500002801e+01   -9.2367689344e+00    3.8804829885e+00   -6.3171287601e+00   -3.6418099474e+01    1.9748044439e+04    1.9824518460e+00    9.9907557492e-01
        93   -3.5614131565e+01    1.2690572995e+03   -4.8170775780e+01    1.2556644216e+01   -9.2882722465e+00    3.8684582480e+00   -6.3328623077e+00   -3.6418099474e+01    1.9825383676e+04    1.9905311470e+00    9.9899607080e-01
        94   -3.5616359277e+01    1.2692609384e+03   -4.8136568922e+01    1.2520209646e+01   -9.2966636831e+00    3.9114284767e+00   -6.3332342418e+00   -3.6418099474e+01    1.9830308932e+04    1.9880174340e+00    9.9893686031e-01
        95   -3.5628942059e+01    1.2701532792e+03   -4.8159921056e+01    1.2530978997e+01   -9.2261464256e+00    3.8119752281e+00   -6.3276503848e+00   -3.6418099474e+01    1.9915381024e+04    2.0117404200e+00    9.9899153753e-01
        96   -3.5623481717e+01    1.2697233689e+03   -4.8127807309e+01    1.2504325592e+01   -9.2090785384e+00    3.8383145462e+00   -6.3389438423e+00   -3.6418099474e+01    1.9913212462e+04    2.0102541840e+00    9.9902558250e-01
        97   -3.5608538677e+01    1.2686727723e+03   -4.8221286581e+01    1.2612747904e+01   -9.1498761537e+00    3.6890550862e+00   -6.3423660395e+00   -3.6418099474e+01    2.0119821041e+04    2.0241910420e+00    9.9886356372e-01
        98   -3.5624860384e+01    1.2698343472e+03   -4.8262585010e+01    1.2637724626e+01   -9.1740818739e+00    3.6784128786e+00   -6.3488165403e+00   -3.6418099474e+01    2.0218168643e+04    2.0267870380e+00    9.9898388351e-01
        99   -3.5618090258e+01    1.2693805372e+03   -4.8219892914e+01    1.2601802657e+01   -9.1618057830e+00    3.7288999712e+00   -6.3688876285e+00   -3.6418099474e+01    2.0233094368e+04    2.0282736230e+00    9.9892111992e-01
       100   -3.5611364771e+01    1.2688709595e+03   -4.8102910530e+01    1.2491545759e+01   -9.1634759650e+00    3.8080572328e+00   -6.3293923233e+00   -3.6418099474e+01    2.0306620301e+04    2.0358475350e+00    9.9895330509e-01
       101   -3.5614732755e+01    1.2691265987e+03   -4.8072878111e+01    1.2458145356e+01   -9.1842768096e+00    3.8703311666e+00   -6.3408329940e+00   -3.6418099474e+01    2.0398639851e+04    2.0441952720e+00    9.9891424649e-01
       102   -3.5583880580e+01    1.2668991414e+03   -4.8054457819e+01    1.2470577239e+01   -9.0517064808e+00    3.7959265185e+00   -6.3805783827e+00   -3.6418099474e+01    2.0444981470e+04    2.0458982680e+00    9.9900963467e-01
       103   -3.5597955813e+01    1.2678961117e+03   -4.8034175199e+01    1.2436219386e+01   -9.0314720516e+00    3.8235353519e+00   -6.4081390256e+00   -3.6418099474e+01    2.0503764886e+04    2.0756925190e+00    9.9895142411e-01
       104   -3.5622930851e+01    1.2696608149e+03   -4.8058789542e+01    1.2435858691e+01   -9.0841332913e+00    3.8306831501e+00   -6.3872399265e+00   -3.6418099474e+01    2.0520785182e+04    2.0709417280e+00    9.9898685347e-01
       105   -3.5628061779e+01    1.2700261675e+03   -4.8016831702e+01    1.2388769924e+01   -9.0966308248e+00    3.8911132412e+00   -6.3932146444e+00   -3.6418099474e+01    2.0620287679e+04    2.0828471670e+00    9.9898998649e-01
       106   -3.5607024672e+01    1.2685611469e+03   -4.8022148979e+01    1.2415124307e+01   -9.1429063837e+00    3.8865001208e+00   -6.3476432422e+00   -3.6418099474e+01    2.0699887439e+04    2.1082610090e+00    9.9897515528e-01
       107   -3.5611242632e+01    1.2689177385e+03   -4.8115567186e+01    1.2504324554e+01   -9.1421692772e+00    3.7936670026e+00   -6.3489654374e+00   -3.6418099474e+01    2.0582392312e+04    2.0728277570e+00    9.9901781810e-01
       108   -3.5613138551e+01    1.2689960243e+03   -4.8125575071e+01    1.2512436520e+01   -9.1436401091e+00    3.7935694541e+00   -6.3574049423e+00   -3.6418099474e+01    2.0547674034e+04    2.0709168120e+00    9.9898306853e-01
       109   -3.5610421357e+01    1.2688316399e+03   -4.8079931136e+01    1.2469509779e+01   -9.1165070967e+00    3.7832996558e+00   -6.3286242210e+00   -3.6418099474e+01    2.0689732227e+04    2.0866706350e+00    9.9900913529e-01
       110   -3.5617092973e+01    1.2693321159e+03   -4.8128813242e+01    1.2511720269e+01   -9.1241152644e+00    3.7638004233e+00   -6.3503989264e+00   -3.6418099474e+01    2.0590295412e+04    2.0850373100e+00    9.9900080491e-01
       111   -3.5607357612e+01    1.2686000964e+03   -4.8053027145e+01    1.2445669533e+01   -9.0735487264e+00    3.7828708651e+00   -6.3442498091e+00   -3.6418099474e+01    2.0526736994e+04    2.0752009990e+00    9.9898903776e-01
       112   -3.5629507563e+01    1.2701266801e+03   -4.8058171608e+01    1.2428664045e+01   -9.1080194171e+00    3.8109704591e+00   -6.3430231761e+00   -3.6418099474e+01    2.0595287918e+04    2.0813188980e+00    9.9895753833e-01
       113   -3.5604890892e+01    1.2683682087e+03   -4.8116242315e+01    1.2511351423e+01   -9.0591627538e+00    3.7196821173e+00   -6.3586622039e+00   -3.6418099474e+01    2.0684452960e+04    2.0869351330e+00    9.9901930315e-01
       114   -3.5595770570e+01    1.2677421616e+03   -4.8043307673e+01    1.2447537103e+01   -9.0516543754e+00    3.7762220049e+00   -6.3497758288e+00   -3.6418099474e+01    2.0821095990e+04    2.0994506900e+00    9.9898988167e-01
       115   -3.5585839104e+01    1.2670559227e+03   -4.8108605046e+01    1.2522765942e+01   -9.0514051475e+00    3.7452481085e+00   -6.3843485332e+00   -3.6418099474e+01    2.0720080644e+04    2.1050371340e+00    9.9901257970e-01
       116   -3.5600877071e+01    1.2680906991e+03   -4.8065782671e+01    1.2464905600e+01   -9.1319524623e+00    3.8462132107e+00   -6.3619439453e+00   -3.6418099474e+01    2.0893389197e+04    2.1238263150e+00    9.9902412513e-01
       117   -3.5605694915e+01    1.2684547342e+03   -4.8077299893e+01    1.2471604978e+01   -9.1588995827e+00    3.8494435813e+00   -6.3497444170e+00   -3.6418099474e+01    2.0906389668e+04    2.1144016070e+00    9.9894782151e-01
       118   -3.5595963672e+01    1.2677576447e+03   -4.8110645333e+01    1.2514681661e+01   -9.1649319600e+00    3.8392572456e+00   -6.3668711444e+00   -3.6418099474e+01    2.0784270817e+04    2.0940954190e+00    9.9895372330e-01
       119   -3.5576714075e+01    1.2663707345e+03   -4.8108838055e+01    1.2532123981e+01   -9.1773729789e+00    3.8718764909e+00   -6.3852420931e+00   -3.6418099474e+01    2.0677648754e+04    2.0953909990e+00    9.9899162914e-01
       120   -3.5590919754e+01    1.2674199354e+03   -4.8187388160e+01    1.2596468405e+01   -9.2168930509e+00    3.8626924399e+00   -6.4150880745e+00   -3.6418099474e+01    2.0663729163e+04    2.0936746430e+00    9.9895796612e-01
       121   -3.5606329560e+01    1.2684998293e+03   -4.8191118120e+01    1.2584788560e+01   -9.1772337506e+00    3.7863763608e+00   -6.3821612559e+00   -3.6418099474e+01    2.0810209582e+04    2.0974835590e+00    9.9902871969e-01
       122   -3.5599717865e+01    1.2680352538e+03   -4.8209085757e+01    1.2609367892e+01   -9.1260430005e+00    3.7344660848e+00   -6.3994093670e+00   -3.6418099474e+01    2.0735791807e+04    2.0927083680e+00    9.9901319868e-01
       123   -3.5595079227e+01    1.2676831203e+03   -4.8176438281e+01    1.2581359055e+01   -9.0842744727e+00    3.7183114919e+00   -6.3923758264e+00   -3.6418099474e+01    2.0666562242e+04    2.0977925610e+00    9.9902027190e-01
       124   -3.5590299052e+01    1.2673671909e+03   -4.8158728184e+01    1.2568429132e+01   -9.0986444414e+00    3.7507519945e+00   -6.3927362626e+00   -3.6418099474e+01    2.0613096701e+04    2.0947286920e+00    9.9891727646e-01
       125   -3.5602370344e+01    1.2682785021e+03   -4.8131021992e+01    1.2528651648e+01   -9.1387371762e+00    3.8334133521e+00   -6.4075986934e+00   -3.6418099474e+01    2.0549011306e+04    2.0872839110e+00    9.9893460231e-01
       126   -3.5597276107e+01    1.2678780573e+03   -4.8186954049e+01    1.2589677942e+01   -9.2130268148e+00    3.8370508733e+00   -6.3928786329e+00   -3.6418099474e+01    2.0596972873e+04    2.0889397740e+00    9.9893887063e-01
       127   -3.5592724272e+01    1.2675177233e+03   -4.8183157806e+01    1.2590433534e+01   -9.2364876515e+00    3.8618357882e+00   -6.3904064684e+00   -3.6418099474e+01    2.0647073366e+04    2.0845253730e+00    9.9891041162e-01
       128   -3.5592435401e+01    1.2674855207e+03   -4.8174994952e+01    1.2582559552e+01   -9.1869700021e+00    3.8259301267e+00   -6.3958556026e+00   -3.6418099474e+01    2.0612408003e+04    2.0888891610e+00    9.9892761859e-01
       129   -3.5601453538e+01    1.2681206686e+03   -4.8213065225e+01    1.2611611687e+01   -9.1549383379e+00    3.7126566950e+00   -6.3526841082e+00   -3.6418099474e+01    2.0715347915e+04    2.0885569660e+00    9.9894151801e-01
       130   -3.5602827882e+01    1.2683364410e+03   -4.8228976057e+01    1.2626148174e+01   -9.1660652492e+00    3.7287928199e+00   -6.3736041533e+00   -3.6418099474e+01    2.0811862409e+04    2.0989209500e+00    9.9896194365e-01
       131   -3.5602670369e+01    1.2682832873e+03   -4.8182005744e+01    1.2579335375e+01   -9.1600165320e+00    3.7816722411e+00   -6.3855619789e+00   -3.6418099474e+01    2.0750084444e+04    2.0902613790e+00    9.9892609318e-01
       132   -3.5607449556e+01    1.2686369303e+03   -4.8052687518e+01    1.2445237962e+01   -9.1719911192e+00    3.9197301858e+00   -6.3823271101e+00   -3.6418099474e+01    2.0642972992e+04    2.0815592260e+00    9.9898962637e-01
       133   -3.5620634785e+01    1.2695908575e+03   -4.8125221451e+01    1.2504586666e+01   -9.1185555813e+00    3.7842442370e+00   -6.3728106326e+00   -3.6418099474e+01    2.0517704892e+04    2.0590525130e+00    9.9894148944e-01
       134   -3.5628180153e+01    1.2700885167e+03   -4.8139611340e+01    1.2511431187e+01   -9.1002485877e+00    3.7645652818e+00   -6.3858285599e+00   -3.6418099474e+01    2.0516757356e+04    2.0577942060e+00    9.9896571178e-01
       135   -3.5601712266e+01    1.2682017348e+03   -4.8106403730e+01    1.2504691464e+01   -9.1472994580e+00    3.8434275471e+00   -6.3844323453e+00   -3.6418099474e+01    2.0530298434e+04    2.0569460050e+00    9.9910409853e-01
       136   -3.5589869224e+01    1.2673137718e+03   -4.8097842589e+01    1.2507973366e+01   -9.1814300903e+00    3.8583976420e+00   -6.3567106668e+00   -3.6418099474e+01    2.0557213160e+04    2.0623254210e+00    9.9907413841e-01
       137   -3.5593011253e+01    1.2675627508e+03   -4.8132125954e+01    1.2539114700e+01   -9.1936341973e+00    3.8420430486e+00   -6.3624353309e+00   -3.6418099474e+01    2.0515783138e+04    2.0667947220e+00    9.9899908786e-01
       138   -3.5582463817e+01    1.2668359075e+03   -4.8133022886e+01    1.2550559069e+01   -9.2147864227e+00    3.8696900524e+00   -6.3698270418e+00   -3.6418099474e+01    2.0387342011e+04    2.0490577790e+00    9.9904540041e-01
       139   -3.5600339285e+01    1.2681223182e+03   -4.8187530235e+01    1.2587190950e+01   -9.1389254375e+00    3.7137798465e+00   -6.3442851699e+00   -3.6418099474e+01    2.0406998850e+04    2.0521686310e+00    9.9901114518e-01
       140   -3.5609419433e+01    1.2687612199e+03   -4.8135560399e+01    1.2526140966e+01   -9.1448559923e+00    3.7583661920e+00   -6.3309711244e+00   -3.6418099474e+01    2.0256271802e+04    2.0345072920e+00    9.9907416551e-01
       141   -3.5598498536e+01    1.2680504438e+03   -4.8163795181e+01    1.2565296645e+01   -9.0789586004e+00    3.6736951737e+00   -6.3404322803e+00   -3.6418099474e+01    2.0267116204e+04    2.0297038820e+00    9.9905184872e-01
       142   -3.5596351699e+01    1.2678198549e+03   -4.8203291425e+01    1.2606939726e+01   -9.1026283192e+00    3.6487793126e+00   -6.3313429442e+00   -3.6418099474e+01    2.0320220895e+04    2.0363514060e+00    9.9899109208e-01
       143   -3.5607120769e+01    1.2685337852e+03   -4.8216085218e+01    1.2608964449e+01   -9.1061298951e+00    3.6410792304e+00   -6.3329350793e+00   -3.6418099474e+01    2.0370951737e+04    2.0441275270e+00    9.9899702615e-01
       144   -3.5613412718e+01    1.2690165738e+03   -4.8160134010e+01    1.2546721292e+01   -9.1543415801e+00    3.7264877723e+00   -6.3141807279e+00   -3.6418099474e+01    2.0473105861e+04    2.0681950680e+00    9.9903866285e-01
       145   -3.5630262330e+01    1.2701890178e+03   -4.8130384282e+01    1.2500121952e+01   -9.2359508910e+00    3.8462711153e+00   -6.3226050321e+00   -3.6418099474e+01    2.0602199697e+04    2.0888203760e+00    9.9889026835e-01
       146   -3.5639828326e+01    1.2708612910e+03   -4.8145871692e+01    1.2506043366e+01   -9.2430929012e+00    3.8489419372e+00   -6.3336212538e+00   -3.6418099474e+01    2.0634881768e+04    2.1064643710e+00    9.9898889166e-01
       147   -3.5627035153e+01    1.2700067238e+03   -4.8209481106e+01    1.2582445953e+01   -9.2837365521e+00    3.7997503742e+00   -6.3073954535e+00   -3.6418099474e+01    2.0673795745e+04    2.0935375380e+00    9.9895984519e-01
       148   -3.5617446045e+01    1.2695038831e+03   -4.8227664859e+01    1.2610218814e+01   -9.2697555184e+00    3.7490873555e+00   -6.2888972220e+00   -3.6418099474e+01    2.0796826587e+04    2.1019702830e+00    9.9896452956e-01
       149   -3.5602717918e+01    1.2683295353e+03   -4.8228870638e+01    1.2626152720e+01   -9.2377342208e+00    3.7256377841e+00   -6.2986747268e+00   -3.6418099474e+01    2.0852528785e+04    2.1053792550e+00    9.9891946134e-01
       150   -3.5588629632e+01    1.2672689821e+03   -4.8168729054e+01    1.2580099421e+01   -9.2807925685e+00    3.8298014189e+00   -6.2996384300e+00   -3.6418099474e+01    2.0752092178e+04    2.1014696760e+00    9.9898313134e-01
       151   -3.5608995083e+01    1.2687414526e+03   -4.8131966156e+01    1.2522971073e+01   -9.2125015245e+00    3.8244433991e+00   -6.3258085567e+00   -3.6418099474e+01    2.0825631487e+04    2.1026745140e+00    9.9897454540e-01
       152   -3.5606954778e+01    1.2685460079e+03   -4.8048799364e+01    1.2441844587e+01   -9.1899349723e+00    3.9068829639e+00   -6.3476478819e+00   -3.6418099474e+01    2.0873714798e+04    2.0993979940e+00    9.9896497687e-01
       153   -3.5594205109e+01    1.2676539697e+03   -4.8081780628e+01    1.2487575519e+01   -9.1427265014e+00    3.8256158472e+00   -6.3465704998e+00   -3.6418099474e+01    2.0938458550e+04    2.1074690200e+00    9.9901778893e-01
       154   -3.5599639027e+01    1.2680203373e+03   -4.8107898010e+01    1.2508258984e+01   -9.1687915330e+00    3.8390482370e+00   -6.3600552400e+00   -3.6418099474e+01    2.0981111124e+04    2.1081480140e+00    9.9893636574e-01
       155   -3.5590462166e+01    1.2673476719e+03   -4.8092773324e+01    1.2502311157e+01   -9.1134032398e+00    3.8111361217e+00   -6.3724067315e+00   -3.6418099474e+01    2.1081991880e+04    2.1193664760e+00    9.9899241347e-01
       156   -3.5586636339e+01    1.2670633912e+03   -4.8089236436e+01    1.2502600097e+01   -9.0495458392e+00    3.7592406286e+00   -6.3808317514e+00   -3.6418099474e+01    2.1115900082e+04    2.1208018240e+00    9.9897886729e-01
       157   -3.5579642076e+01    1.2665900037e+03   -4.8050848494e+01    1.2471206419e+01   -9.0261869737e+00    3.7890836703e+00   -6.3956457167e+00   -3.6418099474e+01    2.1086059907e+04    2.1164544530e+00    9.9908242592e-01
       158   -3.5577975970e+01    1.2664535735e+03   -4.8072756743e+01    1.2494780772e+01   -9.0250027825e+00    3.7447059918e+00   -6.3743604776e+00   -3.6418099474e+01    2.1156538747e+04    2.1315510710e+00    9.9899781341e-01
       159   -3.5585764301e+01    1.2670071275e+03   -4.8022734185e+01    1.2436969885e+01   -8.9961505825e+00    3.7867477580e+00   -6.3952318867e+00   -3.6418099474e+01    2.1039360737e+04    2.1045764300e+00    9.9900567411e-01
       160   -3.5575318099e+01    1.2662832351e+03   -4.8023538751e+01    1.2448220652e+01   -9.0156629093e+00    3.7805207380e+00   -6.3702971051e+00   -3.6418099474e+01    2.1012763801e+04    2.1081161600e+00    9.9897731056e-01
       161   -3.5576596344e+01    1.2664024983e+03   -4.7986981786e+01    1.2410385442e+01   -9.0536487196e+00    3.8562705771e+00   -6.3715041695e+00   -3.6418099474e+01    2.0904849413e+04    2.0974323540e+00    9.9894124237e-01
       162   -3.5578553437e+01    1.2665587778e+03   -4.8037845969e+01    1.2459292533e+01   -9.0238606234e+00    3.8206525358e+00   -6.4165384073e+00   -3.6418099474e+01    2.0800362241e+04    2.0985791880e+00    9.9897360905e-01
       163   -3.5583224387e+01    1.2668638867e+03   -4.7997799129e+01    1.2414574742e+01   -9.0737028211e+00    3.9110429335e+00   -6.4170397668e+00   -3.6418099474e+01    2.0623305218e+04    2.0846302730e+00    9.9896292141e-01
       164   -3.5587576816e+01    1.2671959575e+03   -4.7951890828e+01    1.2364314011e+01   -9.0547017489e+00    3.9113999767e+00   -6.3904895814e+00   -3.6418099474e+01    2.0570839278e+04    2.0864300870e+00    9.9906608896e-01
       165   -3.5588258361e+01    1.2672391829e+03   -4.7990102242e+01    1.2401843881e+01   -9.0726796338e+00    3.9068114068e+00   -6.4061345406e+00   -3.6418099474e+01    2.0605641375e+04    2.0895973460e+00    9.9902435136e-01
       166   -3.5589471075e+01    1.2673120751e+03   -4.8078813818e+01    1.2489342743e+01   -9.1334591541e+00    3.8752042715e+00   -6.4024594611e+00   -3.6418099474e+01    2.0533415661e+04    2.0883362630e+00    9.9899305749e-01
       167   -3.5597299091e+01    1.2678375096e+03   -4.8155974379e+01    1.2558675288e+01   -9.1115466596e+00    3.7887331092e+00   -6.4150613549e+00   -3.6418099474e+01    2.0478050821e+04    2.0563131560e+00    9.9900938987e-01
       168   -3.5593453304e+01    1.2675725403e+03   -4.8175431793e+01    1.2581978489e+01   -9.1434832781e+00    3.7818062005e+00   -6.3956552412e+00   -3.6418099474e+01    2.0508847492e+04    2.0688855200e+00    9.9899178101e-01
       169   -3.5611979499e+01    1.2688873106e+03   -4.8134275481e+01    1.2522295982e+01   -9.1933350337e+00    3.8665985160e+00   -6.3894394894e+00   -3.6418099474e+01    2.0344693902e+04    2.0373135940e+00    9.9897813705e-01
       170   -3.5618578225e+01    1.2693323324e+03   -4.8217065601e+01    1.2598487375e+01   -9.1705994968e+00    3.7755575326e+00   -6.4039241624e+00   -3.6418099474e+01    2.0276998452e+04    2.0319235300e+00    9.9902746358e-01
       171   -3.5597525531e+01    1.2678362639e+03   -4.8062376217e+01    1.2464850685e+01   -9.1701520385e+00    3.8916371864e+00   -6.3657618903e+00   -3.6418099474e+01    2.0173005058e+04    2.0226255030e+00    9.9900134570e-01
       172   -3.5600268294e+01    1.2680276048e+03   -4.8110904676e+01    1.2510636382e+01   -9.1729438652e+00    3.8423784220e+00   -6.3622397588e+00   -3.6418099474e+01    2.0150752425e+04    2.0256763020e+00    9.9906047692e-01
       173   -3.5621873136e+01    1.2695808821e+03   -4.8211108992e+01    1.2589235855e+01   -9.0966357152e+00    3.6634318660e+00   -6.3598056685e+00   -3.6418099474e+01    2.0083355500e+04    2.0311506970e+00    9.9893791140e-01
       174   -3.5618066506e+01    1.2693581260e+03   -4.8236054311e+01    1.2617987805e+01   -9.0830981543e+00    3.6206647973e+00   -6.3555214803e+00   -3.6418099474e+01    2.0240247550e+04    2.0399110500e+00    9.9895155255e-01
       175   -3.5595262637e+01    1.2676908120e+03   -4.8145809790e+01    1.2550547153e+01   -9.0928966412e+00    3.7159921598e+00   -6.3508058347e+00   -3.6418099474e+01    2.0173607650e+04    2.2078967330e+00    9.9892703103e-01
       176   -3.5585224007e+01    1.2670057868e+03   -4.8082831957e+01    1.2497607949e+01   -9.1246069405e+00    3.8000074996e+00   -6.3401330416e+00   -3.6418099474e+01    2.0271537696e+04    2.0439661730e+00    9.9902574980e-01
       177   -3.5578697804e+01    1.2665623405e+03   -4.8038025643e+01    1.2459327839e+01   -9.1679254609e+00    3.9106222117e+00   -6.3626229192e+00   -3.6418099474e+01    2.0282627534e+04    2.0470275630e+00    9.9900348604e-01
       178   -3.5592525088e+01    1.2675550771e+03   -4.8099368197e+01    1.2506843109e+01   -9.2130323880e+00    3.8619790000e+00   -6.3302153349e+00   -3.6418099474e+01    2.0246881478e+04    2.0430779720e+00    9.9895746603e-01
       179   -3.5590742754e+01    1.2674499188e+03   -4.8122305575e+01    1.2531562821e+01   -9.1731332593e+00    3.8255668236e+00   -6.3566396649e+00   -3.6418099474e+01    2.0281465457e+04    2.0348462580e+00    9.9892580670e-01
       180   -3.5594339716e+01    1.2676925504e+03   -4.8076886392e+01    1.2482546676e+01   -9.0880891350e+00    3.8026152316e+00   -6.3733130140e+00   -3.6418099474e+01    2.0301231296e+04    2.0362267750e+00    9.9896199859e-01
       181   -3.5588894054e+01    1.2672638805e+03   -4.8077728461e+01    1.2488834407e+01   -9.1177788656e+00    3.8269548316e+00   -6.3688049526e+00   -3.6418099474e+01    2.0339155230e+04    2.0423356540e+00    9.9897457508e-01
       182   -3.5591986945e+01    1.2675328582e+03   -4.8104015986e+01    1.2512029042e+01   -9.1256299887e+00    3.8235237825e+00   -6.3838103061e+00   -3.6418099474e+01    2.0336287281e+04    2.0472938550e+00    9.9904462178e-01
       183   -3.5593551751e+01    1.2675648169e+03   -4.8130562984e+01    1.2537011233e+01   -9.1443469475e+00    3.8037579120e+00   -6.3718744744e+00   -3.6418099474e+01    2.0514726685e+04    2.0771717950e+00    9.9897118625e-01
       184   -3.5590362392e+01    1.2673257751e+03   -4.8143239978e+01    1.2552877586e+01   -9.1675293455e+00    3.8308262836e+00   -6.3884374418e+00   -3.6418099474e+01    2.0563643789e+04    2.0767276100e+00    9.9901710174e-01
       185   -3.5563532214e+01    1.2654326236e+03   -4.8100724220e+01    1.2537192006e+01   -9.1501445407e+00    3.8737345702e+00   -6.4062147756e+00   -3.6418099474e+01    2.0398712967e+04    2.0482442820e+00    9.9899184374e-01
       186   -3.5581277550e+01    1.2667296842e+03   -4.8027825297e+01    1.2446547747e+01   -9.1480941822e+00    3.9432354563e+00   -6.4048670973e+00   -3.6418099474e+01    2.0449950594e+04    2.0509746150e+00    9.9901865601e-01
       187   -3.5588081582e+01    1.2672246221e+03   -4.7968896222e+01    1.2380814640e+01   -9.1867952554e+00    4.0152232737e+00   -6.3792247658e+00   -3.6418099474e+01    2.0441076732e+04    2.0551940330e+00    9.9901468194e-01
       188   -3.5583961093e+01    1.2669424633e+03   -4.8031944808e+01    1.2447983714e+01   -9.1815746818e+00    3.9145302224e+00   -6.3468008740e+00   -3.6418099474e+01    2.0465573761e+04    2.0584651280e+00    9.9891642704e-01
       189   -3.5574580358e+01    1.2662561578e+03   -4.7939717480e+01    1.2365137121e+01   -9.1371044315e+00    4.0126165590e+00   -6.3971301329e+00   -3.6418099474e+01    2.0400630902e+04    2.0723205470e+00    9.9902334862e-01
       190   -3.5582092926e+01    1.2667870339e+03   -4.7903827438e+01    1.2321734513e+01   -9.0957880690e+00    4.0226034517e+00   -6.4125433470e+00   -3.6418099474e+01    2.0347141365e+04    2.0433334530e+00    9.9902241598e-01
       191   -3.5589287909e+01    1.2672629677e+03   -4.8073866176e+01    1.2484578266e+01   -8.9639764174e+00    3.7475199860e+00   -6.4393102702e+00   -3.6418099474e+01    2.0236677297e+04    2.0245012660e+00    9.9905754949e-01
       192   -3.5578259870e+01    1.2665129810e+03   -4.8018750455e+01    1.2440490585e+01   -8.9876128254e+00    3.8002467011e+00   -6.4132848564e+00   -3.6418099474e+01    2.0267515412e+04    2.0308029130e+00    9.9901327150e-01
       193   -3.5582291625e+01    1.2667842502e+03   -4.8042458605e+01    1.2460166980e+01   -8.9545252591e+00    3.7156954196e+00   -6.3855292913e+00   -3.6418099474e+01    2.0256882142e+04    2.0331010720e+00    9.9895984655e-01
       194   -3.5581190184e+01    1.2666783109e+03   -4.7981628553e+01    1.2400438369e+01   -8.9161559889e+00    3.7081732999e+00   -6.3555463895e+00   -3.6418099474e+01    2.0330357879e+04    2.0406586070e+00    9.9894079705e-01
       195   -3.5586456919e+01    1.2671213013e+03   -4.7991062036e+01    1.2404605116e+01   -8.9279813322e+00    3.7243618352e+00   -6.3693430644e+00   -3.6418099474e+01    2.0369869549e+04    2.0403835840e+00    9.9892003338e-01
       196   -3.5591486488e+01    1.2674464530e+03   -4.7961392337e+01    1.2369905849e+01   -8.8927994789e+00    3.7292622930e+00   -6.3797556765e+00   -3.6418099474e+01    2.0423332260e+04    2.0457415530e+00    9.9897529517e-01
       197   -3.5587510939e+01    1.2671623153e+03   -4.7969796589e+01    1.2382285650e+01   -8.8744898426e+00    3.6763485857e+00   -6.3535558583e+00   -3.6418099474e+01    2.0410442766e+04    2.0501690880e+00    9.9898169144e-01
       198   -3.5578461986e+01    1.2665221324e+03   -4.8019300219e+01    1.2440838233e+01   -8.8335680016e+00    3.5994325882e+00   -6.3670653315e+00   -3.6418099474e+01    2.0222020223e+04    2.0227191200e+00    9.9899866489e-01
       199   -3.5592870330e+01    1.2675402067e+03   -4.7987661216e+01    1.2394790885e+01   -8.7760960918e+00    3.5996216949e+00   -6.3930873447e+00   -3.6418099474e+01    2.0191726255e+04    2.0274163290e+00    9.9898995259e-01
