#   index    LocalEnergy         LocalEnergy_sq      LocalPotential      Kinetic             LocalECP            NonLocalECP         ElecElec            IonIon              BlockWeight         BlockCPU            AcceptRatio         
         0   -3.5326814620e+01    1.2488442061e+03   -4.7839350206e+01    1.2512535586e+01   -8.9866138188e+00    3.7718859787e+00   -6.2065228915e+00   -3.6418099474e+01    1.0236841009e+04    1.0214656710e+00    9.9726295210e-01
         1   -3.5364242852e+01    1.2514944455e+03   -4.7854539480e+01    1.2490296628e+01   -8.9984498901e+00    3.7748898306e+00   -6.2128799459e+00   -3.6418099474e+01    1.0248420694e+04    1.0268028110e+00    9.9727175290e-01
         2   -3.5390720016e+01    1.2533421235e+03   -4.7908491292e+01    1.2517771276e+01   -9.0185491132e+00    3.7681926787e+00   -6.2400353831e+00   -3.6418099474e+01    1.0241645404e+04    1.0161438600e+00    9.9728549098e-01
         3   -3.5447138145e+01    1.2573347201e+03   -4.7831573183e+01    1.2384435037e+01   -9.0590771650e+00    3.9129135941e+00   -6.2673101375e+00   -3.6418099474e+01    1.0244724296e+04    1.0231417670e+00    9.9730556872e-01
         4   -3.5473840773e+01    1.2592953911e+03   -4.7878919350e+01    1.2405078578e+01   -9.0939023856e+00    3.9435186667e+00   -6.3104361573e+00   -3.6418099474e+01    1.0270827564e+04    1.0383086730e+00    9.9727172886e-01
         5   -3.5462793988e+01    1.2583998106e+03   -4.7973136279e+01    1.2510342291e+01   -9.0517268167e+00    3.8112499370e+00   -6.3145599249e+00   -3.6418099474e+01    1.0236160408e+04    1.0272417510e+00    9.9734183574e-01
         6   -3.5491308914e+01    1.2603996155e+03   -4.8039542913e+01    1.2548234000e+01   -9.0844161593e+00    3.7667761775e+00   -6.3038034573e+00   -3.6418099474e+01    1.0188867839e+04    1.0104773220e+00    9.9734176860e-01
         7   -3.5515363822e+01    1.2621609528e+03   -4.7928170935e+01    1.2412807114e+01   -9.0902124004e+00    3.8612262248e+00   -6.2810852856e+00   -3.6418099474e+01    1.0186085601e+04    1.0118022840e+00    9.9716503165e-01
         8   -3.5523168933e+01    1.2626829043e+03   -4.7964692152e+01    1.2441523219e+01   -9.0431577576e+00    3.7894069487e+00   -6.2928418686e+00   -3.6418099474e+01    1.0157898795e+04    1.0104547460e+00    9.9735045742e-01
         9   -3.5533045812e+01    1.2633678528e+03   -4.7996768085e+01    1.2463722273e+01   -9.1079773044e+00    3.8493898510e+00   -6.3200811580e+00   -3.6418099474e+01    1.0152873589e+04    1.0084733850e+00    9.9720426473e-01
        10   -3.5518117727e+01    1.2622910395e+03   -4.7992720977e+01    1.2474603250e+01   -9.0206347849e+00    3.7714250390e+00   -6.3254117566e+00   -3.6418099474e+01    1.0174945571e+04    1.0104513440e+00    9.9718710493e-01
        11   -3.5533929196e+01    1.2634055881e+03   -4.8020942523e+01    1.2487013327e+01   -9.0199703081e+00    3.7227398218e+00   -6.3056125622e+00   -3.6418099474e+01    1.0238682732e+04    1.0235670280e+00    9.9741382921e-01
        12   -3.5545340004e+01    1.2642018928e+03   -4.7927343166e+01    1.2382003162e+01   -9.0308356330e+00    3.8225198204e+00   -6.3009278790e+00   -3.6418099474e+01    1.0252432414e+04    1.0227986120e+00    9.9722164122e-01
        13   -3.5533382656e+01    1.2633354424e+03   -4.7993047651e+01    1.2459664995e+01   -9.0662793452e+00    3.8247417776e+00   -6.3334106092e+00   -3.6418099474e+01    1.0250351107e+04    1.0273485080e+00    9.9734391121e-01
        14   -3.5534393518e+01    1.2634064071e+03   -4.8012813270e+01    1.2478419752e+01   -9.0240582407e+00    3.7603590267e+00   -6.3310145815e+00   -3.6418099474e+01    1.0297872759e+04    1.0348353730e+00    9.9725594949e-01
        15   -3.5542168374e+01    1.2639469696e+03   -4.8001637323e+01    1.2459468949e+01   -9.0108528014e+00    3.7654113783e+00   -6.3380964259e+00   -3.6418099474e+01    1.0337964912e+04    1.0340571320e+00    9.9733888136e-01
        16   -3.5528918385e+01    1.2630164309e+03   -4.8027496163e+01    1.2498577777e+01   -9.0214247107e+00    3.7250555537e+00   -6.3130275317e+00   -3.6418099474e+01    1.0386496543e+04    1.0414591840e+00    9.9726306234e-01
        17   -3.5549017499e+01    1.2644256496e+03   -4.7998855865e+01    1.2449838366e+01   -9.1249115973e+00    3.8674319418e+00   -6.3232767356e+00   -3.6418099474e+01    1.0461394392e+04    1.0469444230e+00    9.9720021852e-01
        18   -3.5574864692e+01    1.2662502620e+03   -4.7898548936e+01    1.2323684244e+01   -9.0874790640e+00    3.9159623234e+00   -6.3089327211e+00   -3.6418099474e+01    1.0444290348e+04    1.0393313500e+00    9.9734144472e-01
        19   -3.5584358029e+01    1.2669553264e+03   -4.8060060233e+01    1.2475702204e+01   -9.0767480304e+00    3.7376261570e+00   -6.3028388851e+00   -3.6418099474e+01    1.0459853043e+04    1.0420353800e+00    9.9746118310e-01
        20   -3.5586088772e+01    1.2671013256e+03   -4.8013820502e+01    1.2427731730e+01   -9.1232280563e+00    3.8362107645e+00   -6.3087037358e+00   -3.6418099474e+01    1.0539562600e+04    1.0608107550e+00    9.9737559507e-01
        21   -3.5567208988e+01    1.2657480099e+03   -4.8067941369e+01    1.2500732381e+01   -9.1314079590e+00    3.7880931079e+00   -6.3065270434e+00   -3.6418099474e+01    1.0585620814e+04    1.0695464100e+00    9.9731425872e-01
        22   -3.5571151079e+01    1.2660370297e+03   -4.8060971971e+01    1.2489820892e+01   -9.1812892044e+00    3.8313294456e+00   -6.2929127379e+00   -3.6418099474e+01    1.0559785153e+04    1.0593149020e+00    9.9719602776e-01
        23   -3.5581409802e+01    1.2668196723e+03   -4.8072310839e+01    1.2490901037e+01   -9.1397154021e+00    3.7948447539e+00   -6.3093407164e+00   -3.6418099474e+01    1.0491151872e+04    1.0459274400e+00    9.9706439265e-01
        24   -3.5589471562e+01    1.2673272625e+03   -4.8134388760e+01    1.2544917198e+01   -9.0763060595e+00    3.6989888544e+00   -6.3389720807e+00   -3.6418099474e+01    1.0568976623e+04    1.0576664570e+00    9.9719423974e-01
        25   -3.5570624251e+01    1.2659580367e+03   -4.7986711724e+01    1.2416087473e+01   -9.1079661411e+00    3.8669084922e+00   -6.3275546010e+00   -3.6418099474e+01    1.0561499392e+04    1.0508909620e+00    9.9729462848e-01
        26   -3.5576279816e+01    1.2663746309e+03   -4.8017423466e+01    1.2441143649e+01   -9.1725144457e+00    3.9043395435e+00   -6.3311490892e+00   -3.6418099474e+01    1.0559470115e+04    1.0534714440e+00    9.9728396899e-01
        27   -3.5592991730e+01    1.2676530042e+03   -4.8050090057e+01    1.2457098328e+01   -9.1156352410e+00    3.7930614413e+00   -6.3094167833e+00   -3.6418099474e+01    1.0641076217e+04    1.0681596600e+00    9.9731110604e-01
        28   -3.5614747382e+01    1.2691375697e+03   -4.8001238092e+01    1.2386490710e+01   -9.1089702246e+00    3.8517157742e+00   -6.3258841675e+00   -3.6418099474e+01    1.0683285410e+04    1.0702312210e+00    9.9737085056e-01
        29   -3.5598073825e+01    1.2679026156e+03   -4.8071209528e+01    1.2473135703e+01   -9.0449180411e+00    3.7230324232e+00   -6.3312244358e+00   -3.6418099474e+01    1.0746122680e+04    1.0818938310e+00    9.9727473346e-01
        30   -3.5602702800e+01    1.2682166651e+03   -4.8116133559e+01    1.2513430759e+01   -9.0518815578e+00    3.7145085922e+00   -6.3606611195e+00   -3.6418099474e+01    1.0734887908e+04    1.0741613470e+00    9.9729165003e-01
        31   -3.5602958108e+01    1.2682667653e+03   -4.8103339101e+01    1.2500380993e+01   -8.9909151681e+00    3.6916436841e+00   -6.3859681429e+00   -3.6418099474e+01    1.0686621830e+04    1.0701926380e+00    9.9729259977e-01
        32   -3.5593181748e+01    1.2675654436e+03   -4.8154667932e+01    1.2561486184e+01   -8.9689564767e+00    3.6110505314e+00   -6.3786625127e+00   -3.6418099474e+01    1.0659590083e+04    1.0689348370e+00    9.9732310373e-01
        33   -3.5585847166e+01    1.2670295175e+03   -4.8117812680e+01    1.2531965514e+01   -8.9960606713e+00    3.6731876306e+00   -6.3768401649e+00   -3.6418099474e+01    1.0646783596e+04    1.0686578420e+00    9.9731002469e-01
        34   -3.5596506296e+01    1.2677977087e+03   -4.8114078166e+01    1.2517571870e+01   -9.0161993589e+00    3.6986044694e+00   -6.3783838024e+00   -3.6418099474e+01    1.0574588423e+04    1.0633345050e+00    9.9727093410e-01
        35   -3.5604516859e+01    1.2683725183e+03   -4.8200973849e+01    1.2596456990e+01   -9.0463051315e+00    3.6448044234e+00   -6.3813736664e+00   -3.6418099474e+01    1.0660941887e+04    1.0746101420e+00    9.9742337126e-01
        36   -3.5582349145e+01    1.2667973840e+03   -4.8094410331e+01    1.2512061186e+01   -9.0739664418e+00    3.8044842702e+00   -6.4068286857e+00   -3.6418099474e+01    1.0700441654e+04    1.0734600370e+00    9.9700740642e-01
        37   -3.5583310479e+01    1.2668556555e+03   -4.8100916325e+01    1.2517605846e+01   -9.1458099285e+00    3.8610802090e+00   -6.3980871312e+00   -3.6418099474e+01    1.0693508915e+04    1.0827870670e+00    9.9709865249e-01
        38   -3.5576199468e+01    1.2663466107e+03   -4.8104318505e+01    1.2528119037e+01   -9.1138318078e+00    3.8034797051e+00   -6.3758669284e+00   -3.6418099474e+01    1.0700987443e+04    1.0789958880e+00    9.9717140989e-01
        39   -3.5573448341e+01    1.2661553989e+03   -4.8183157473e+01    1.2609709132e+01   -9.0846775279e+00    3.7142994729e+00   -6.3946799436e+00   -3.6418099474e+01    1.0706837564e+04    1.0859280330e+00    9.9713992373e-01
