#  Band    State   TwistIndex BandIndex Energy      Kx      Ky      Kz      K1      K2      K3    KmK 
       0        0        2        0    -0.282973  0.0399  0.0230  0.0057  0.0526 -0.0000 -0.0000      1
       1        1        2        1    -0.258570  0.0399  0.0230  0.0057  0.0526 -0.0000 -0.0000      1
       2        2        2        2    -0.212931  0.0399  0.0230  0.0057  0.0526 -0.0000 -0.0000      1
       3        3        2        3    -0.126963  0.0399  0.0230  0.0057  0.0526 -0.0000 -0.0000      1
       4        4        2        4    -0.110007  0.0399  0.0230  0.0057  0.0526 -0.0000 -0.0000      1
       5        5        2        5     0.117235  0.0399  0.0230  0.0057  0.0526 -0.0000 -0.0000      1
       6        6        2        6     0.122697  0.0399  0.0230  0.0057  0.0526 -0.0000 -0.0000      1
       7        7        2        7     0.138326  0.0399  0.0230  0.0057  0.0526 -0.0000 -0.0000      1
       8        8        2        8     0.149791  0.0399  0.0230  0.0057  0.0526 -0.0000 -0.0000      1
       9        9        2        9     0.152327  0.0399  0.0230  0.0057  0.0526 -0.0000 -0.0000      1
      10       10        2       10     0.158637  0.0399  0.0230  0.0057  0.0526 -0.0000 -0.0000      1
      11       11        2       11     0.166466  0.0399  0.0230  0.0057  0.0526 -0.0000 -0.0000      1
      12       12        2       12     0.175479  0.0399  0.0230  0.0057  0.0526 -0.0000 -0.0000      1
      13       13        2       13     0.199748  0.0399  0.0230  0.0057  0.0526 -0.0000 -0.0000      1
      14       14        2       14     0.230374  0.0399  0.0230  0.0057  0.0526 -0.0000 -0.0000      1
      15       15        2       15     0.242408  0.0399  0.0230  0.0057  0.0526 -0.0000 -0.0000      1
      16       16        2       16     0.251283  0.0399  0.0230  0.0057  0.0526 -0.0000 -0.0000      1
      17       17        2       17     0.286202  0.0399  0.0230  0.0057  0.0526 -0.0000 -0.0000      1
      18       18        2       18     0.287088  0.0399  0.0230  0.0057  0.0526 -0.0000 -0.0000      1
      19       19        2       19     0.289928  0.0399  0.0230  0.0057  0.0526 -0.0000 -0.0000      1
      20       20        2       20     0.404405  0.0399  0.0230  0.0057  0.0526 -0.0000 -0.0000      1
      21       21        2       21     0.416799  0.0399  0.0230  0.0057  0.0526 -0.0000 -0.0000      1
      22       22        2       22     0.448843  0.0399  0.0230  0.0057  0.0526 -0.0000 -0.0000      1
      23       23        2       23     0.450082  0.0399  0.0230  0.0057  0.0526 -0.0000 -0.0000      1
      24       24        2       24     0.456150  0.0399  0.0230  0.0057  0.0526 -0.0000 -0.0000      1
      25       25        2       25     0.466449  0.0399  0.0230  0.0057  0.0526 -0.0000 -0.0000      1
      26       26        2       26     0.469248  0.0399  0.0230  0.0057  0.0526 -0.0000 -0.0000      1
      27       27        2       27     0.505851  0.0399  0.0230  0.0057  0.0526 -0.0000 -0.0000      1
      28       28        2       28     0.508987  0.0399  0.0230  0.0057  0.0526 -0.0000 -0.0000      1
      29       29        2       29     0.517098  0.0399  0.0230  0.0057  0.0526 -0.0000 -0.0000      1
      30       30        2       30     0.534721  0.0399  0.0230  0.0057  0.0526 -0.0000 -0.0000      1
      31       31        2       31     0.541327  0.0399  0.0230  0.0057  0.0526 -0.0000 -0.0000      1
      32       32        2       32     0.575369  0.0399  0.0230  0.0057  0.0526 -0.0000 -0.0000      1
      33       33        2       33     0.588552  0.0399  0.0230  0.0057  0.0526 -0.0000 -0.0000      1
      34       34        2       34     0.588877  0.0399  0.0230  0.0057  0.0526 -0.0000 -0.0000      1
      35       35        2       35     0.622732  0.0399  0.0230  0.0057  0.0526 -0.0000 -0.0000      1
      36       36        2       36     0.623442  0.0399  0.0230  0.0057  0.0526 -0.0000 -0.0000      1
      37       37        2       37     0.649140  0.0399  0.0230  0.0057  0.0526 -0.0000 -0.0000      1
      38       38        2       38     0.649623  0.0399  0.0230  0.0057  0.0526 -0.0000 -0.0000      1
      39       39        2       39     0.667253  0.0399  0.0230  0.0057  0.0526 -0.0000 -0.0000      1
      40       40        2       40     0.713182  0.0399  0.0230  0.0057  0.0526 -0.0000 -0.0000      1
      41       41        2       41     0.718448  0.0399  0.0230  0.0057  0.0526 -0.0000 -0.0000      1
      42       42        2       42     0.738815  0.0399  0.0230  0.0057  0.0526 -0.0000 -0.0000      1
      43       43        2       43     0.816488  0.0399  0.0230  0.0057  0.0526 -0.0000 -0.0000      1
      44       44        2       44     0.835473  0.0399  0.0230  0.0057  0.0526 -0.0000 -0.0000      1
      45       45        2       45     0.840772  0.0399  0.0230  0.0057  0.0526 -0.0000 -0.0000      1
      46       46        2       46     0.856467  0.0399  0.0230  0.0057  0.0526 -0.0000 -0.0000      1
      47       47        2       47     0.859089  0.0399  0.0230  0.0057  0.0526 -0.0000 -0.0000      1
      48       48        2       48     0.920940  0.0399  0.0230  0.0057  0.0526 -0.0000 -0.0000      1
      49       49        2       49     0.926168  0.0399  0.0230  0.0057  0.0526 -0.0000 -0.0000      1
      50       50        2       50     0.944836  0.0399  0.0230  0.0057  0.0526 -0.0000 -0.0000      1
      51       51        2       51     0.948425  0.0399  0.0230  0.0057  0.0526 -0.0000 -0.0000      1
      52       52        2       52     0.951136  0.0399  0.0230  0.0057  0.0526 -0.0000 -0.0000      1
      53       53        2       53     0.959076  0.0399  0.0230  0.0057  0.0526 -0.0000 -0.0000      1
      54       54        2       54     0.981004  0.0399  0.0230  0.0057  0.0526 -0.0000 -0.0000      1
      55       55        2       55     0.990911  0.0399  0.0230  0.0057  0.0526 -0.0000 -0.0000      1
      56       56        2       56     0.997793  0.0399  0.0230  0.0057  0.0526 -0.0000 -0.0000      1
      57       57        2       57     1.019844  0.0399  0.0230  0.0057  0.0526 -0.0000 -0.0000      1
      58       58        2       58     1.033567  0.0399  0.0230  0.0057  0.0526 -0.0000 -0.0000      1
      59       59        2       59     1.035474  0.0399  0.0230  0.0057  0.0526 -0.0000 -0.0000      1
      60       60        2       60     1.047064  0.0399  0.0230  0.0057  0.0526 -0.0000 -0.0000      1
      61       61        2       61     1.060054  0.0399  0.0230  0.0057  0.0526 -0.0000 -0.0000      1
      62       62        2       62     1.063630  0.0399  0.0230  0.0057  0.0526 -0.0000 -0.0000      1
      63       63        2       63     1.067523  0.0399  0.0230  0.0057  0.0526 -0.0000 -0.0000      1
      64       64        2       64     1.080152  0.0399  0.0230  0.0057  0.0526 -0.0000 -0.0000      1
      65       65        2       65     1.103779  0.0399  0.0230  0.0057  0.0526 -0.0000 -0.0000      1
      66       66        2       66     1.116517  0.0399  0.0230  0.0057  0.0526 -0.0000 -0.0000      1
      67       67        2       67     1.120949  0.0399  0.0230  0.0057  0.0526 -0.0000 -0.0000      1
      68       68        2       68     1.129126  0.0399  0.0230  0.0057  0.0526 -0.0000 -0.0000      1
      69       69        2       69     1.144270  0.0399  0.0230  0.0057  0.0526 -0.0000 -0.0000      1
      70       70        2       70     1.146779  0.0399  0.0230  0.0057  0.0526 -0.0000 -0.0000      1
      71       71        2       71     1.154073  0.0399  0.0230  0.0057  0.0526 -0.0000 -0.0000      1
      72       72        2       72     1.162944  0.0399  0.0230  0.0057  0.0526 -0.0000 -0.0000      1
      73       73        2       73     1.168267  0.0399  0.0230  0.0057  0.0526 -0.0000 -0.0000      1
      74       74        2       74     1.189465  0.0399  0.0230  0.0057  0.0526 -0.0000 -0.0000      1
      75       75        2       75     1.197362  0.0399  0.0230  0.0057  0.0526 -0.0000 -0.0000      1
      76       76        2       76     1.199468  0.0399  0.0230  0.0057  0.0526 -0.0000 -0.0000      1
      77       77        2       77     1.208347  0.0399  0.0230  0.0057  0.0526 -0.0000 -0.0000      1
      78       78        2       78     1.219294  0.0399  0.0230  0.0057  0.0526 -0.0000 -0.0000      1
      79       79        2       79     1.225965  0.0399  0.0230  0.0057  0.0526 -0.0000 -0.0000      1
      80       80        2       80     1.236949  0.0399  0.0230  0.0057  0.0526 -0.0000 -0.0000      1
      81       81        2       81     1.239978  0.0399  0.0230  0.0057  0.0526 -0.0000 -0.0000      1
      82       82        2       82     1.250880  0.0399  0.0230  0.0057  0.0526 -0.0000 -0.0000      1
      83       83        2       83     1.260137  0.0399  0.0230  0.0057  0.0526 -0.0000 -0.0000      1
      84       84        2       84     1.266157  0.0399  0.0230  0.0057  0.0526 -0.0000 -0.0000      1
      85       85        2       85     1.267567  0.0399  0.0230  0.0057  0.0526 -0.0000 -0.0000      1
      86       86        2       86     1.293186  0.0399  0.0230  0.0057  0.0526 -0.0000 -0.0000      1
      87       87        2       87     1.297531  0.0399  0.0230  0.0057  0.0526 -0.0000 -0.0000      1
      88       88        2       88     1.300221  0.0399  0.0230  0.0057  0.0526 -0.0000 -0.0000      1
      89       89        2       89     1.304622  0.0399  0.0230  0.0057  0.0526 -0.0000 -0.0000      1
      90       90        2       90     1.308546  0.0399  0.0230  0.0057  0.0526 -0.0000 -0.0000      1
      91       91        2       91     1.324333  0.0399  0.0230  0.0057  0.0526 -0.0000 -0.0000      1
      92       92        2       92     1.326781  0.0399  0.0230  0.0057  0.0526 -0.0000 -0.0000      1
      93       93        2       93     1.332090  0.0399  0.0230  0.0057  0.0526 -0.0000 -0.0000      1
      94       94        2       94     1.340245  0.0399  0.0230  0.0057  0.0526 -0.0000 -0.0000      1
      95       95        2       95     1.351628  0.0399  0.0230  0.0057  0.0526 -0.0000 -0.0000      1
      96       96        2       96     1.369364  0.0399  0.0230  0.0057  0.0526 -0.0000 -0.0000      1
      97       97        2       97     1.378373  0.0399  0.0230  0.0057  0.0526 -0.0000 -0.0000      1
      98       98        2       98     1.384796  0.0399  0.0230  0.0057  0.0526 -0.0000 -0.0000      1
      99       99        2       99     1.390593  0.0399  0.0230  0.0057  0.0526 -0.0000 -0.0000      1
