#   index    LocalEnergy         LocalEnergy_sq      LocalPotential      Kinetic             LocalECP            NonLocalECP         ElecElec            IonIon              BlockWeight         BlockCPU            AcceptRatio         
         0   -3.4843496102e+01    1.2150014585e+03   -4.8113121220e+01    1.3269625118e+01   -9.6091527707e+00    3.8808215177e+00   -5.9666904925e+00   -3.6418099474e+01    2.0480000000e+04    2.2275123350e+00    6.8799293155e-01
         1   -3.4848698976e+01    1.2153464369e+03   -4.8109255723e+01    1.3260556747e+01   -9.5894026777e+00    3.8888846785e+00   -5.9906382495e+00   -3.6418099474e+01    2.0480000000e+04    2.2176335870e+00    6.8751046317e-01
         2   -3.4829905438e+01    1.2140481534e+03   -4.8069658442e+01    1.3239753004e+01   -9.6027083586e+00    3.9069908030e+00   -5.9558414119e+00   -3.6418099474e+01    2.0480000000e+04    2.2217094990e+00    6.8792317708e-01
         3   -3.4840521798e+01    1.2147859111e+03   -4.8071513675e+01    1.3230991877e+01   -9.5570727020e+00    3.8707186833e+00   -5.9670601826e+00   -3.6418099474e+01    2.0480000000e+04    2.2190922690e+00    6.8840390160e-01
         4   -3.4830624276e+01    1.2141155657e+03   -4.8088801223e+01    1.3258176947e+01   -9.6079886101e+00    3.9028841269e+00   -5.9655972660e+00   -3.6418099474e+01    2.0480000000e+04    2.2207426880e+00    6.8770286923e-01
         5   -3.4830000641e+01    1.2140632080e+03   -4.8076197388e+01    1.3246196747e+01   -9.6484233254e+00    3.9576727678e+00   -5.9673473564e+00   -3.6418099474e+01    2.0480000000e+04    2.2248150990e+00    6.8718610491e-01
         6   -3.4821179566e+01    1.2134529402e+03   -4.8095186552e+01    1.3274006986e+01   -9.5801637286e+00    3.8594293477e+00   -5.9563526969e+00   -3.6418099474e+01    2.0480000000e+04    2.2255643610e+00    6.8762439546e-01
         7   -3.4819344953e+01    1.2133169046e+03   -4.8060735468e+01    1.3241390515e+01   -9.5798062816e+00    3.8880253219e+00   -5.9508550344e+00   -3.6418099474e+01    2.0480000000e+04    2.2243533620e+00    6.8746279762e-01
         8   -3.4823484401e+01    1.2136277581e+03   -4.8116674464e+01    1.3293190063e+01   -9.6160023066e+00    3.8762530254e+00   -5.9588257086e+00   -3.6418099474e+01    2.0480000000e+04    2.2346508460e+00    6.8744012742e-01
         9   -3.4830643685e+01    1.2141220568e+03   -4.8075835404e+01    1.3245191719e+01   -9.6705769285e+00    3.9520500246e+00   -5.9392090256e+00   -3.6418099474e+01    2.0480000000e+04    2.2373739460e+00    6.8744128999e-01
        10   -3.4820217527e+01    1.2133891994e+03   -4.8072250692e+01    1.3252033165e+01   -9.6194547441e+00    3.9214479410e+00   -5.9561444151e+00   -3.6418099474e+01    2.0480000000e+04    2.2313765980e+00    6.8778250558e-01
        11   -3.4831458948e+01    1.2141759176e+03   -4.8044986179e+01    1.3213527232e+01   -9.6001978102e+00    3.9223606081e+00   -5.9490495031e+00   -3.6418099474e+01    2.0480000000e+04    2.2397780660e+00    6.8828706287e-01
        12   -3.4845041005e+01    1.2151281137e+03   -4.8090824998e+01    1.3245783993e+01   -9.6125633951e+00    3.9059398258e+00   -5.9661019543e+00   -3.6418099474e+01    2.0480000000e+04    2.2317260690e+00    6.8788132440e-01
        13   -3.4818285129e+01    1.2132764350e+03   -4.8064221824e+01    1.3245936695e+01   -9.5827209282e+00    3.8715764303e+00   -5.9349778517e+00   -3.6418099474e+01    2.0480000000e+04    2.2467324200e+00    6.8735758464e-01
        14   -3.4830573055e+01    1.2140684054e+03   -4.8106192180e+01    1.3275619125e+01   -9.5437196185e+00    3.8280790776e+00   -5.9724521649e+00   -3.6418099474e+01    2.0480000000e+04    2.2353819180e+00    6.8743954613e-01
        15   -3.4843055055e+01    1.2149473312e+03   -4.8111650028e+01    1.3268594972e+01   -9.6479023413e+00    3.9086476764e+00   -5.9542958886e+00   -3.6418099474e+01    2.0480000000e+04    2.2337580600e+00    6.8720528739e-01
        16   -3.4838553178e+01    1.2146613953e+03   -4.8106188536e+01    1.3267635357e+01   -9.6371127410e+00    3.9101082124e+00   -5.9610845328e+00   -3.6418099474e+01    2.0480000000e+04    2.2340172830e+00    6.8754475911e-01
        17   -3.4833889874e+01    1.2143493413e+03   -4.8073714391e+01    1.3239824517e+01   -9.6235143725e+00    3.9259457673e+00   -5.9580463116e+00   -3.6418099474e+01    2.0480000000e+04    2.2339150840e+00    6.8725469680e-01
        18   -3.4821505156e+01    1.2135017163e+03   -4.8071607777e+01    1.3250102621e+01   -9.6269173957e+00    3.9246945564e+00   -5.9512854635e+00   -3.6418099474e+01    2.0480000000e+04    2.2314394940e+00    6.8774414062e-01
        19   -3.4816873252e+01    1.2131751430e+03   -4.8084408073e+01    1.3267534821e+01   -9.5873312464e+00    3.8807394893e+00   -5.9597168414e+00   -3.6418099474e+01    2.0480000000e+04    2.2253909550e+00    6.8828415644e-01
        20   -3.4838495268e+01    1.2146810942e+03   -4.8091645433e+01    1.3253150165e+01   -9.6254435921e+00    3.9093592931e+00   -5.9574616596e+00   -3.6418099474e+01    2.0480000000e+04    2.2331459290e+00    6.8767613002e-01
        21   -3.4822971557e+01    1.2135826005e+03   -4.8048606806e+01    1.3225635250e+01   -9.6276342558e+00    3.9551136363e+00   -5.9579867125e+00   -3.6418099474e+01    2.0480000000e+04    2.2223070470e+00    6.8763660249e-01
        22   -3.4849019806e+01    1.2153901436e+03   -4.8065105158e+01    1.3216085353e+01   -9.6026531627e+00    3.9074354742e+00   -5.9517879957e+00   -3.6418099474e+01    2.0480000000e+04    2.2322849550e+00    6.8777436756e-01
        23   -3.4829953609e+01    1.2140477007e+03   -4.8084044478e+01    1.3254090870e+01   -9.6374506941e+00    3.9230516878e+00   -5.9515459976e+00   -3.6418099474e+01    2.0480000000e+04    2.2368646980e+00    6.8765869141e-01
        24   -3.4837913572e+01    1.2145921786e+03   -4.8129637024e+01    1.3291723452e+01   -9.5839169289e+00    3.8291831312e+00   -5.9568037525e+00   -3.6418099474e+01    2.0480000000e+04    2.2357553470e+00    6.8718494234e-01
        25   -3.4835451568e+01    1.2144286107e+03   -4.8061074711e+01    1.3225623143e+01   -9.6052942468e+00    3.9190481142e+00   -5.9567291047e+00   -3.6418099474e+01    2.0480000000e+04    2.2412954560e+00    6.8748023624e-01
        26   -3.4825491255e+01    1.2137923995e+03   -4.8075999295e+01    1.3250508039e+01   -9.6104354706e+00    3.9015965860e+00   -5.9490609358e+00   -3.6418099474e+01    2.0480000000e+04    2.2431371510e+00    6.8772670201e-01
        27   -3.4833778825e+01    1.2143249623e+03   -4.8067051427e+01    1.3233272602e+01   -9.6728936250e+00    3.9718394239e+00   -5.9478977517e+00   -3.6418099474e+01    2.0480000000e+04    2.2441267660e+00    6.8760346912e-01
        28   -3.4832834427e+01    1.2142703425e+03   -4.8045222637e+01    1.3212388211e+01   -9.6212423939e+00    3.9414584644e+00   -5.9473392337e+00   -3.6418099474e+01    2.0480000000e+04    2.2371035690e+00    6.8770403181e-01
        29   -3.4822303549e+01    1.2135368513e+03   -4.8057848837e+01    1.3235545289e+01   -9.6193548169e+00    3.9137008200e+00   -5.9340953664e+00   -3.6418099474e+01    2.0480000000e+04    2.2354117400e+00    6.8791329520e-01
        30   -3.4836866808e+01    1.2145206787e+03   -4.8117951549e+01    1.3281084741e+01   -9.5792091300e+00    3.8355573018e+00   -5.9562002463e+00   -3.6418099474e+01    2.0480000000e+04    2.2384278170e+00    6.8771565755e-01
        31   -3.4846972276e+01    1.2152379374e+03   -4.8094985333e+01    1.3248013057e+01   -9.5789772388e+00    3.8796856683e+00   -5.9775942883e+00   -3.6418099474e+01    2.0480000000e+04    2.2336493160e+00    6.8796502976e-01
        32   -3.4841719122e+01    1.2148475682e+03   -4.8066638468e+01    1.3224919346e+01   -9.5304337299e+00    3.8637437210e+00   -5.9818489852e+00   -3.6418099474e+01    2.0480000000e+04    2.2454382320e+00    6.8839343843e-01
        33   -3.4826404720e+01    1.2138278623e+03   -4.8024184823e+01    1.3197780103e+01   -9.5825010701e+00    3.9444912505e+00   -5.9680755294e+00   -3.6418099474e+01    2.0480000000e+04    2.2384118490e+00    6.8760288783e-01
        34   -3.4830196175e+01    1.2140848634e+03   -4.8081756092e+01    1.3251559918e+01   -9.6429319864e+00    3.9248616984e+00   -5.9455863301e+00   -3.6418099474e+01    2.0480000000e+04    2.2364741800e+00    6.8745930990e-01
        35   -3.4842751508e+01    1.2149385271e+03   -4.8083793569e+01    1.3241042061e+01   -9.6696481062e+00    3.9687250661e+00   -5.9647710552e+00   -3.6418099474e+01    2.0480000000e+04    2.2381704770e+00    6.8819115048e-01
        36   -3.4841734366e+01    1.2148764025e+03   -4.8073096037e+01    1.3231361671e+01   -9.6349376224e+00    3.9257288335e+00   -5.9457877742e+00   -3.6418099474e+01    2.0480000000e+04    2.2371186130e+00    6.8771972656e-01
        37   -3.4831868938e+01    1.2142041838e+03   -4.8094265055e+01    1.3262396117e+01   -9.5788322655e+00    3.8644209968e+00   -5.9617543122e+00   -3.6418099474e+01    2.0480000000e+04    2.2349112620e+00    6.8781854539e-01
        38   -3.4827009995e+01    1.2138793926e+03   -4.8078286702e+01    1.3251276707e+01   -9.6611487864e+00    3.9609759995e+00   -5.9600144406e+00   -3.6418099474e+01    2.0480000000e+04    2.2317890670e+00    6.8790166946e-01
        39   -3.4825179957e+01    1.2137534233e+03   -4.8063896992e+01    1.3238717035e+01   -9.6246255906e+00    3.9190790765e+00   -5.9402510037e+00   -3.6418099474e+01    2.0480000000e+04    2.2323239850e+00    6.8744070871e-01
