#   index    LocalEnergy         LocalEnergy_sq      LocalPotential      Kinetic             LocalECP            NonLocalECP         ElecElec            IonIon              BlockWeight         BlockCPU            AcceptRatio         
         0   -3.5194672357e+01    1.2393816198e+03   -4.8234701477e+01    1.3040029120e+01   -9.5974071070e+00    4.0143679091e+00   -6.2335628053e+00   -3.6418099474e+01    2.0503172631e+04    2.0997758660e+00    9.9885314715e-01
         1   -3.5196609958e+01    1.2395014667e+03   -4.8347224510e+01    1.3150614552e+01   -9.5414792605e+00    3.8447943384e+00   -6.2324401138e+00   -3.6418099474e+01    2.0480941457e+04    2.0770591000e+00    9.9900977671e-01
         2   -3.5197598470e+01    1.2395777465e+03   -4.8389383415e+01    1.3191784945e+01   -9.4874109736e+00    3.7213941219e+00   -6.2052670894e+00   -3.6418099474e+01    2.0417569037e+04    2.0576499990e+00    9.9896964566e-01
         3   -3.5192177991e+01    1.2391959613e+03   -4.8447898255e+01    1.3255720264e+01   -9.5328882216e+00    3.6872617626e+00   -6.1841723215e+00   -3.6418099474e+01    2.0589430072e+04    2.1052069760e+00    9.9897840249e-01
         4   -3.5212436000e+01    1.2406604741e+03   -4.8361750929e+01    1.3149314929e+01   -9.5348716662e+00    3.7817428163e+00   -6.1905226052e+00   -3.6418099474e+01    2.0562066889e+04    2.1004738060e+00    9.9892474986e-01
         5   -3.5215402378e+01    1.2408587427e+03   -4.8319476467e+01    1.3104074089e+01   -9.5987473767e+00    3.8809964088e+00   -6.1836260252e+00   -3.6418099474e+01    2.0630094927e+04    2.1049746660e+00    9.9888160218e-01
         6   -3.5206768207e+01    1.2402267308e+03   -4.8383638528e+01    1.3176870321e+01   -9.5679547553e+00    3.8309948832e+00   -6.2285791819e+00   -3.6418099474e+01    2.0642832067e+04    2.1037725520e+00    9.9893085504e-01
         7   -3.5186872452e+01    1.2388429792e+03   -4.8443469074e+01    1.3256596621e+01   -9.5405605368e+00    3.7427297904e+00   -6.2275388532e+00   -3.6418099474e+01    2.0401302352e+04    2.0665238160e+00    9.9895853754e-01
         8   -3.5183068687e+01    1.2385691113e+03   -4.8381245715e+01    1.3198177029e+01   -9.6580777301e+00    3.9247242732e+00   -6.2297927843e+00   -3.6418099474e+01    2.0329939207e+04    2.0534691470e+00    9.9897241505e-01
         9   -3.5172868307e+01    1.2378485444e+03   -4.8340389553e+01    1.3167521246e+01   -9.6099319565e+00    3.9194716085e+00   -6.2318297313e+00   -3.6418099474e+01    2.0274917849e+04    2.0401253240e+00    9.9902251560e-01
        10   -3.5192016450e+01    1.2391894047e+03   -4.8383529561e+01    1.3191513111e+01   -9.5715759555e+00    3.8587149622e+00   -6.2525690931e+00   -3.6418099474e+01    2.0266109876e+04    2.0488293240e+00    9.9888442424e-01
        11   -3.5210096893e+01    1.2404779853e+03   -4.8429410342e+01    1.3219313448e+01   -9.5918560375e+00    3.8383647577e+00   -6.2578195875e+00   -3.6418099474e+01    2.0342165690e+04    2.0466178390e+00    9.9890950086e-01
        12   -3.5210966403e+01    1.2406603631e+03   -4.8474452932e+01    1.3263486528e+01   -9.6696949697e+00    3.8762088709e+00   -6.2628673586e+00   -3.6418099474e+01    2.0383593053e+04    2.0570485440e+00    9.9893803449e-01
        13   -3.5201847675e+01    1.2399716719e+03   -4.8413950773e+01    1.3212103099e+01   -9.6445824483e+00    3.8899004362e+00   -6.2411692868e+00   -3.6418099474e+01    2.0445967716e+04    2.0651206030e+00    9.9894141075e-01
        14   -3.5186418442e+01    1.2388383993e+03   -4.8473405321e+01    1.3286986879e+01   -9.5811488650e+00    3.7653688082e+00   -6.2395257902e+00   -3.6418099474e+01    2.0521244528e+04    2.0743154330e+00    9.9880627558e-01
        15   -3.5193282384e+01    1.2392994450e+03   -4.8424113469e+01    1.3230831085e+01   -9.5592816045e+00    3.8100274251e+00   -6.2567598158e+00   -3.6418099474e+01    2.0524857351e+04    2.0723629740e+00    9.9898560710e-01
        16   -3.5182030212e+01    1.2385081598e+03   -4.8369748165e+01    1.3187717953e+01   -9.5902610545e+00    3.8827202416e+00   -6.2441078779e+00   -3.6418099474e+01    2.0559226835e+04    2.0791073360e+00    9.9892838038e-01
        17   -3.5194546742e+01    1.2394158031e+03   -4.8292723377e+01    1.3098176635e+01   -9.5982434078e+00    3.9377667149e+00   -6.2141472101e+00   -3.6418099474e+01    2.0513427075e+04    2.0819804890e+00    9.9896412206e-01
        18   -3.5203381680e+01    1.2400155376e+03   -4.8241421259e+01    1.3038039579e+01   -9.6158487424e+00    3.9711299382e+00   -6.1786029805e+00   -3.6418099474e+01    2.0350084750e+04    2.0542510060e+00    9.9896620236e-01
        19   -3.5203119456e+01    1.2399606036e+03   -4.8251552934e+01    1.3048433478e+01   -9.5917176577e+00    3.9606738967e+00   -6.2024096988e+00   -3.6418099474e+01    2.0341753202e+04    2.0487384470e+00    9.9895696515e-01
        20   -3.5202450433e+01    1.2399221721e+03   -4.8214796180e+01    1.3012345747e+01   -9.5660018970e+00    3.9866572962e+00   -6.2173521045e+00   -3.6418099474e+01    2.0459370728e+04    2.0576314740e+00    9.9892113459e-01
        21   -3.5204493725e+01    1.2400515284e+03   -4.8453614165e+01    1.3249120440e+01   -9.5634778550e+00    3.7527654392e+00   -6.2248022755e+00   -3.6418099474e+01    2.0459784262e+04    2.0615981130e+00    9.9893510048e-01
        22   -3.5197264220e+01    1.2395738750e+03   -4.8482528201e+01    1.3285263980e+01   -9.5672155977e+00    3.7233070253e+00   -6.2205201541e+00   -3.6418099474e+01    2.0566164002e+04    2.0811776640e+00    9.9898241983e-01
        23   -3.5201721874e+01    1.2398697238e+03   -4.8430640057e+01    1.3228918183e+01   -9.5754997743e+00    3.8038737218e+00   -6.2409145299e+00   -3.6418099474e+01    2.0661240082e+04    2.0964658880e+00    9.9900438348e-01
        24   -3.5194400739e+01    1.2393947672e+03   -4.8371465009e+01    1.3177064270e+01   -9.5858999312e+00    3.8817099197e+00   -6.2491755231e+00   -3.6418099474e+01    2.0806033279e+04    2.1050541850e+00    9.9893938354e-01
        25   -3.5217551310e+01    1.2410287204e+03   -4.8280195804e+01    1.3062644494e+01   -9.6302671390e+00    4.0118135479e+00   -6.2436427389e+00   -3.6418099474e+01    2.0722461979e+04    2.0973164350e+00    9.9892276297e-01
        26   -3.5223838916e+01    1.2414871530e+03   -4.8316540965e+01    1.3092702048e+01   -9.5855533122e+00    3.9263410950e+00   -6.2392292735e+00   -3.6418099474e+01    2.0816023881e+04    2.1009142330e+00    9.9901337012e-01
        27   -3.5218500105e+01    1.2410705381e+03   -4.8287226953e+01    1.3068726847e+01   -9.5443894487e+00    3.9102610674e+00   -6.2349990970e+00   -3.6418099474e+01    2.1146775352e+04    2.1517272680e+00    9.9893611991e-01
        28   -3.5208057844e+01    1.2402855379e+03   -4.8294458934e+01    1.3086401089e+01   -9.5593708314e+00    3.9171003629e+00   -6.2340889911e+00   -3.6418099474e+01    2.1247729401e+04    2.1592273100e+00    9.9889768649e-01
        29   -3.5220188886e+01    1.2411475902e+03   -4.8408376793e+01    1.3188187907e+01   -9.5978006145e+00    3.8444427339e+00   -6.2369194379e+00   -3.6418099474e+01    2.1142401192e+04    2.1489917250e+00    9.9889031517e-01
        30   -3.5207274388e+01    1.2402337522e+03   -4.8417059582e+01    1.3209785194e+01   -9.6778693937e+00    3.9027338331e+00   -6.2238245474e+00   -3.6418099474e+01    2.1194932733e+04    2.1588767890e+00    9.9891177640e-01
        31   -3.5200043052e+01    1.2397452288e+03   -4.8487044098e+01    1.3287001046e+01   -9.6685602572e+00    3.8022064688e+00   -6.2025908355e+00   -3.6418099474e+01    2.1293712250e+04    2.1708484070e+00    9.9887334523e-01
        32   -3.5220034601e+01    1.2411685063e+03   -4.8488337996e+01    1.3268303395e+01   -9.6256963415e+00    3.7892378980e+00   -6.2337800783e+00   -3.6418099474e+01    2.1213158018e+04    2.1618718650e+00    9.9888903103e-01
        33   -3.5221668902e+01    1.2412670933e+03   -4.8480046854e+01    1.3258377952e+01   -9.6154125868e+00    3.8059679811e+00   -6.2525027737e+00   -3.6418099474e+01    2.1166151431e+04    2.1558248300e+00    9.9894049925e-01
        34   -3.5231072323e+01    1.2418999583e+03   -4.8521123028e+01    1.3290050706e+01   -9.6071850818e+00    3.7634510138e+00   -6.2592894860e+00   -3.6418099474e+01    2.1045222450e+04    2.1326680870e+00    9.9888673930e-01
        35   -3.5216984421e+01    1.2409347778e+03   -4.8403101743e+01    1.3186117322e+01   -9.7075246918e+00    3.9723284748e+00   -6.2498060514e+00   -3.6418099474e+01    2.1009327779e+04    2.1250596720e+00    9.9894788012e-01
        36   -3.5208104322e+01    1.2403452247e+03   -4.8480289421e+01    1.3272185099e+01   -9.6843320995e+00    3.8772232612e+00   -6.2550811082e+00   -3.6418099474e+01    2.1182199286e+04    2.1647473670e+00    9.9891110871e-01
        37   -3.5197806094e+01    1.2396158201e+03   -4.8449023454e+01    1.3251217360e+01   -9.6814768730e+00    3.9001225199e+00   -6.2495696270e+00   -3.6418099474e+01    2.1156722216e+04    2.1579249070e+00    9.9894029901e-01
        38   -3.5216267554e+01    1.2409570507e+03   -4.8457964823e+01    1.3241697269e+01   -9.7538027300e+00    3.9103500471e+00   -6.1964126654e+00   -3.6418099474e+01    2.1168221149e+04    2.1568920720e+00    9.9894913333e-01
        39   -3.5235615679e+01    1.2424313759e+03   -4.8483611601e+01    1.3247995922e+01   -9.8515009503e+00    3.9539498142e+00   -6.1679609906e+00   -3.6418099474e+01    2.1170566535e+04    2.1662150090e+00    9.9889673880e-01
        40   -3.5224680761e+01    1.2416453738e+03   -4.8461208765e+01    1.3236528004e+01   -9.8591125428e+00    3.9762032366e+00   -6.1601999845e+00   -3.6418099474e+01    2.1177575040e+04    2.1786153710e+00    9.9892929647e-01
        41   -3.5217082058e+01    1.2410982320e+03   -4.8443219681e+01    1.3226137623e+01   -9.8734409858e+00    3.9901989414e+00   -6.1418781628e+00   -3.6418099474e+01    2.1088299464e+04    2.1479630020e+00    9.9888244697e-01
        42   -3.5227943106e+01    1.2419003298e+03   -4.8441142685e+01    1.3213199579e+01   -9.8824216496e+00    3.9708273720e+00   -6.1114489334e+00   -3.6418099474e+01    2.0977861593e+04    2.1235712100e+00    9.9891217748e-01
        43   -3.5207837852e+01    1.2404207255e+03   -4.8425506821e+01    1.3217668970e+01   -9.8737541097e+00    3.9792251627e+00   -6.1128784003e+00   -3.6418099474e+01    2.0788168854e+04    2.1168815560e+00    9.9892467208e-01
        44   -3.5221144822e+01    1.2412960950e+03   -4.8407030631e+01    1.3185885809e+01   -9.8370876984e+00    3.9547782674e+00   -6.1066217255e+00   -3.6418099474e+01    2.0658112844e+04    2.1112375170e+00    9.9894535923e-01
        45   -3.5234167969e+01    1.2422141960e+03   -4.8481572413e+01    1.3247404444e+01   -9.7548615311e+00    3.8418383794e+00   -6.1504497872e+00   -3.6418099474e+01    2.0545431657e+04    2.1183121160e+00    9.9900547337e-01
        46   -3.5232813433e+01    1.2420740442e+03   -4.8510309916e+01    1.3277496483e+01   -9.6599235232e+00    3.7460938549e+00   -6.1783807736e+00   -3.6418099474e+01    2.0576817058e+04    2.1223393140e+00    9.9897225077e-01
        47   -3.5215074592e+01    1.2408289182e+03   -4.8467780952e+01    1.3252706361e+01   -9.7062780225e+00    3.8322026345e+00   -6.1756060902e+00   -3.6418099474e+01    2.0637020227e+04    2.1184113010e+00    9.9896164310e-01
        48   -3.5195166211e+01    1.2394000061e+03   -4.8430946265e+01    1.3235780054e+01   -9.7534689202e+00    3.8862128590e+00   -6.1455907298e+00   -3.6418099474e+01    2.0543869067e+04    2.1184901200e+00    9.9881630269e-01
        49   -3.5197330768e+01    1.2395599106e+03   -4.8327520056e+01    1.3130189289e+01   -9.7926143359e+00    4.0515424324e+00   -6.1683486786e+00   -3.6418099474e+01    2.0389584717e+04    2.0620701870e+00    9.9889832349e-01
        50   -3.5215394141e+01    1.2408620408e+03   -4.8447091008e+01    1.3231696867e+01   -9.7043762772e+00    3.8810700843e+00   -6.2056853407e+00   -3.6418099474e+01    2.0364834212e+04    2.0582746130e+00    9.9892657191e-01
        51   -3.5231656465e+01    1.2419819273e+03   -4.8472269366e+01    1.3240612901e+01   -9.6839335153e+00    3.8385082861e+00   -6.2087446630e+00   -3.6418099474e+01    2.0528325339e+04    2.0964075920e+00    9.9896984715e-01
        52   -3.5195930554e+01    1.2394111313e+03   -4.8491870107e+01    1.3295939552e+01   -9.6659293625e+00    3.8112460469e+00   -6.2190873169e+00   -3.6418099474e+01    2.0487807478e+04    2.0880918890e+00    9.9893327756e-01
        53   -3.5194301096e+01    1.2393432902e+03   -4.8453119110e+01    1.3258818014e+01   -9.6782867454e+00    3.8586818389e+00   -6.2154147290e+00   -3.6418099474e+01    2.0446442504e+04    2.0738849910e+00    9.9885603907e-01
        54   -3.5188765063e+01    1.2389570447e+03   -4.8410063525e+01    1.3221298462e+01   -9.5588187037e+00    3.7858490033e+00   -6.2189943508e+00   -3.6418099474e+01    2.0237644938e+04    2.0558404980e+00    9.9902592590e-01
        55   -3.5166435549e+01    1.2373618861e+03   -4.8353447113e+01    1.3187011564e+01   -9.5142906635e+00    3.7975819171e+00   -6.2186388929e+00   -3.6418099474e+01    2.0234962788e+04    2.0704989110e+00    9.9885310579e-01
        56   -3.5194543493e+01    1.2393551336e+03   -4.8372129828e+01    1.3177586335e+01   -9.5570883633e+00    3.8103381771e+00   -6.2072801673e+00   -3.6418099474e+01    2.0128091974e+04    2.0363160140e+00    9.9902760329e-01
        57   -3.5185211957e+01    1.2387698225e+03   -4.8374116112e+01    1.3188904155e+01   -9.6467569639e+00    3.9074880413e+00   -6.2167477148e+00   -3.6418099474e+01    2.0166681862e+04    2.2012753630e+00    9.9894103814e-01
        58   -3.5190265662e+01    1.2390422427e+03   -4.8315083570e+01    1.3124817907e+01   -9.5809407358e+00    3.9077545976e+00   -6.2237979574e+00   -3.6418099474e+01    2.0155035855e+04    2.0344749270e+00    9.9891554737e-01
        59   -3.5178877394e+01    1.2382314533e+03   -4.8321672107e+01    1.3142794713e+01   -9.5485608385e+00    3.8716868708e+00   -6.2266986654e+00   -3.6418099474e+01    2.0103513387e+04    2.0355959550e+00    9.9891817956e-01
        60   -3.5189618796e+01    1.2390155012e+03   -4.8297452348e+01    1.3107833552e+01   -9.5960694220e+00    3.9225981161e+00   -6.2058815682e+00   -3.6418099474e+01    1.9972260131e+04    2.0267868490e+00    9.9895205190e-01
        61   -3.5227601877e+01    1.2417424931e+03   -4.8442042960e+01    1.3214441083e+01   -9.6181725105e+00    3.7847990849e+00   -6.1905700601e+00   -3.6418099474e+01    2.0006194297e+04    2.0442917740e+00    9.9901056587e-01
        62   -3.5214284786e+01    1.2407775212e+03   -4.8452680909e+01    1.3238396123e+01   -9.6204754796e+00    3.7827791802e+00   -6.1968851354e+00   -3.6418099474e+01    1.9974024875e+04    2.0423477300e+00    9.9892858932e-01
        63   -3.5206428546e+01    1.2401791047e+03   -4.8577580031e+01    1.3371151486e+01   -9.5265664458e+00    3.5718787567e+00   -6.2047928680e+00   -3.6418099474e+01    2.0028863727e+04    2.0356607350e+00    9.9899941499e-01
        64   -3.5211776798e+01    1.2405858181e+03   -4.8394520312e+01    1.3182743514e+01   -9.4796462579e+00    3.7148179405e+00   -6.2115925202e+00   -3.6418099474e+01    2.0010532523e+04    2.0387944790e+00    9.9894490663e-01
        65   -3.5209983690e+01    1.2404645659e+03   -4.8443910243e+01    1.3233926553e+01   -9.4943528082e+00    3.6821313333e+00   -6.2135892939e+00   -3.6418099474e+01    2.0032449512e+04    2.0341662860e+00    9.9897281527e-01
        66   -3.5207840273e+01    1.2402747242e+03   -4.8478110490e+01    1.3270270217e+01   -9.4694556502e+00    3.6126324857e+00   -6.2031878516e+00   -3.6418099474e+01    2.0139740812e+04    2.0376768380e+00    9.9904932175e-01
        67   -3.5206263435e+01    1.2401511032e+03   -4.8365353086e+01    1.3159089651e+01   -9.5425260463e+00    3.8102933274e+00   -6.2150208929e+00   -3.6418099474e+01    2.0122929107e+04    2.0379836690e+00    9.9890295598e-01
        68   -3.5212998217e+01    1.2406706137e+03   -4.8383842647e+01    1.3170844430e+01   -9.6006653594e+00    3.8378922837e+00   -6.2029700967e+00   -3.6418099474e+01    2.0087112656e+04    2.0395183820e+00    9.9891516212e-01
        69   -3.5242467493e+01    1.2427730285e+03   -4.8474162513e+01    1.3231695021e+01   -9.6417486357e+00    3.7893293801e+00   -6.2036437836e+00   -3.6418099474e+01    2.0153738425e+04    2.0410217590e+00    9.9891312828e-01
        70   -3.5230935422e+01    1.2419821366e+03   -4.8394566052e+01    1.3163630630e+01   -9.7059492807e+00    3.9260050239e+00   -6.1965223206e+00   -3.6418099474e+01    2.0377124302e+04    2.0717522420e+00    9.9888847591e-01
        71   -3.5219414616e+01    1.2411384453e+03   -4.8380619742e+01    1.3161205126e+01   -9.6278391886e+00    3.8960460511e+00   -6.2307271300e+00   -3.6418099474e+01    2.0600133556e+04    2.1280309880e+00    9.9898400061e-01
        72   -3.5233154651e+01    1.2420757385e+03   -4.8329232399e+01    1.3096077748e+01   -9.5747840896e+00    3.9092204194e+00   -6.2455692545e+00   -3.6418099474e+01    2.0564633506e+04    2.1146556700e+00    9.9892996109e-01
        73   -3.5243848078e+01    1.2428445496e+03   -4.8299190091e+01    1.3055342013e+01   -9.5836492846e+00    3.9242637841e+00   -6.2217051160e+00   -3.6418099474e+01    2.0779370329e+04    2.1151334560e+00    9.9893415850e-01
        74   -3.5216418417e+01    1.2409077315e+03   -4.8347098432e+01    1.3130680015e+01   -9.5518327204e+00    3.8366591861e+00   -6.2138254234e+00   -3.6418099474e+01    2.0816796398e+04    2.1147415240e+00    9.9887288473e-01
        75   -3.5204090719e+01    1.2400147915e+03   -4.8362592614e+01    1.3158501894e+01   -9.5364370027e+00    3.8185664596e+00   -6.2266225964e+00   -3.6418099474e+01    2.0690132095e+04    2.1014794810e+00    9.9887643164e-01
        76   -3.5196665019e+01    1.2394993196e+03   -4.8306396398e+01    1.3109731379e+01   -9.5822434473e+00    3.9453033803e+00   -6.2513568572e+00   -3.6418099474e+01    2.0675761162e+04    2.1123394040e+00    9.9896725615e-01
        77   -3.5198800122e+01    1.2396603144e+03   -4.8349290128e+01    1.3150490006e+01   -9.6115126038e+00    3.9367322330e+00   -6.2564102833e+00   -3.6418099474e+01    2.0845573455e+04    2.1148271800e+00    9.9890892523e-01
        78   -3.5212323518e+01    1.2406208367e+03   -4.8407467112e+01    1.3195143594e+01   -9.6403574345e+00    3.8972498518e+00   -6.2462600551e+00   -3.6418099474e+01    2.0847270971e+04    2.1084475590e+00    9.9895683453e-01
        79   -3.5204045715e+01    1.2400473834e+03   -4.8364202277e+01    1.3160156562e+01   -9.6192095975e+00    3.8942346557e+00   -6.2211278614e+00   -3.6418099474e+01    2.0835447518e+04    2.1120349200e+00    9.9888435701e-01
        80   -3.5210870174e+01    1.2405214675e+03   -4.8340592737e+01    1.3129722563e+01   -9.6224642899e+00    3.9377048830e+00   -6.2377338562e+00   -3.6418099474e+01    2.0897604863e+04    2.1207655390e+00    9.9885856453e-01
        81   -3.5206550612e+01    1.2401812000e+03   -4.8398542307e+01    1.3191991695e+01   -9.6263139473e+00    3.8859867767e+00   -6.2401156623e+00   -3.6418099474e+01    2.0835261850e+04    2.1114022190e+00    9.9885859618e-01
        82   -3.5218774199e+01    1.2410943567e+03   -4.8343301276e+01    1.3124527077e+01   -9.5824448275e+00    3.8923605350e+00   -6.2351175091e+00   -3.6418099474e+01    2.0775100311e+04    2.1064583790e+00    9.9891701964e-01
        83   -3.5235354581e+01    1.2422912345e+03   -4.8384822593e+01    1.3149468012e+01   -9.6065385807e+00    3.8882716206e+00   -6.2484561590e+00   -3.6418099474e+01    2.0895796670e+04    2.1125895210e+00    9.9887698451e-01
        84   -3.5207455472e+01    1.2402665519e+03   -4.8437297645e+01    1.3229842173e+01   -9.6058955144e+00    3.8471923870e+00   -6.2604950434e+00   -3.6418099474e+01    2.0896798199e+04    2.1101573600e+00    9.9893716637e-01
        85   -3.5201309649e+01    1.2398260374e+03   -4.8387596893e+01    1.3186287244e+01   -9.6276034883e+00    3.9252720230e+00   -6.2671659539e+00   -3.6418099474e+01    2.0742673431e+04    2.1077133510e+00    9.9896198418e-01
        86   -3.5181342886e+01    1.2384521852e+03   -4.8302111014e+01    1.3120768128e+01   -9.5791745266e+00    3.9638952085e+00   -6.2687322218e+00   -3.6418099474e+01    2.0522958149e+04    2.1167408460e+00    9.9901706993e-01
        87   -3.5206297098e+01    1.2402261041e+03   -4.8184762385e+01    1.2978465287e+01   -9.6389421587e+00    4.1280659685e+00   -6.2557867207e+00   -3.6418099474e+01    2.0435904659e+04    2.0841781420e+00    9.9896541118e-01
        88   -3.5200398890e+01    1.2398141876e+03   -4.8191205790e+01    1.2990806900e+01   -9.6133673104e+00    4.0806850065e+00   -6.2404240120e+00   -3.6418099474e+01    2.0364732831e+04    2.0570889040e+00    9.9892322262e-01
        89   -3.5185841380e+01    1.2388150927e+03   -4.8189655011e+01    1.3003813631e+01   -9.5880267316e+00    4.0333885206e+00   -6.2169173257e+00   -3.6418099474e+01    2.0252806962e+04    2.0598906480e+00    9.9893500723e-01
        90   -3.5182370753e+01    1.2385464548e+03   -4.8227559416e+01    1.3045188663e+01   -9.4847552697e+00    3.8798304878e+00   -6.2045351598e+00   -3.6418099474e+01    2.0222551643e+04    2.0516128100e+00    9.9885749603e-01
        91   -3.5197109224e+01    1.2396224814e+03   -4.8315076993e+01    1.3117967769e+01   -9.4919249684e+00    3.7793336191e+00   -6.1843861697e+00   -3.6418099474e+01    2.0166637208e+04    2.0697526560e+00    9.9889665774e-01
        92   -3.5218199495e+01    1.2412366487e+03   -4.8362718061e+01    1.3144518566e+01   -9.5672032411e+00    3.8298826079e+00   -6.2072979541e+00   -3.6418099474e+01    2.0305868700e+04    2.0740289900e+00    9.9885831093e-01
        93   -3.5233959614e+01    1.2423541907e+03   -4.8360532415e+01    1.3126572801e+01   -9.6495988255e+00    3.9192344094e+00   -6.2120685243e+00   -3.6418099474e+01    2.0438315802e+04    2.0697453940e+00    9.9891102193e-01
        94   -3.5234799969e+01    1.2423829721e+03   -4.8346009243e+01    1.3111209274e+01   -9.6881567073e+00    3.9441659070e+00   -6.1839189685e+00   -3.6418099474e+01    2.0652876343e+04    2.1119204780e+00    9.9891727721e-01
        95   -3.5246688769e+01    1.2431998690e+03   -4.8472908313e+01    1.3226219544e+01   -9.6193685531e+00    3.7376801492e+00   -6.1731204346e+00   -3.6418099474e+01    2.0678295051e+04    2.1142642960e+00    9.9892712019e-01
        96   -3.5240337188e+01    1.2427175049e+03   -4.8415300644e+01    1.3174963456e+01   -9.5599075102e+00    3.7227858117e+00   -6.1600794709e+00   -3.6418099474e+01    2.0729134333e+04    2.1264879160e+00    9.9891607789e-01
        97   -3.5236482670e+01    1.2424045973e+03   -4.8451013237e+01    1.3214530567e+01   -9.6329274174e+00    3.7857489963e+00   -6.1857353414e+00   -3.6418099474e+01    2.0791738983e+04    2.1051611180e+00    9.9895549157e-01
        98   -3.5232268120e+01    1.2421332699e+03   -4.8392300172e+01    1.3160032051e+01   -9.6715930761e+00    3.8963261366e+00   -6.1989337578e+00   -3.6418099474e+01    2.0835609868e+04    2.1129841520e+00    9.9888060725e-01
        99   -3.5232392837e+01    1.2421241323e+03   -4.8377986469e+01    1.3145593633e+01   -9.6709422918e+00    3.8959376382e+00   -6.1848823415e+00   -3.6418099474e+01    2.0920461771e+04    2.1222422680e+00    9.9889545206e-01
       100   -3.5232118834e+01    1.2420408908e+03   -4.8338536552e+01    1.3106417718e+01   -9.5836400607e+00    3.8644986905e+00   -6.2012957073e+00   -3.6418099474e+01    2.0919316840e+04    2.1256342110e+00    9.9891247192e-01
       101   -3.5219470518e+01    1.2411824094e+03   -4.8366039410e+01    1.3146568893e+01   -9.6354510574e+00    3.8571625988e+00   -6.1696514776e+00   -3.6418099474e+01    2.0863188463e+04    2.1240541710e+00    9.9885146007e-01
       102   -3.5226731243e+01    1.2416753897e+03   -4.8319199083e+01    1.3092467840e+01   -9.6075821163e+00    3.9074717938e+00   -6.2009892865e+00   -3.6418099474e+01    2.0938957797e+04    2.1311141180e+00    9.9896302360e-01
       103   -3.5240374154e+01    1.2426944722e+03   -4.8325145749e+01    1.3084771595e+01   -9.5476130461e+00    3.8546048539e+00   -6.2140380827e+00   -3.6418099474e+01    2.0987510036e+04    2.1361224660e+00    9.9890573307e-01
       104   -3.5223820976e+01    1.2415693825e+03   -4.8458532398e+01    1.3234711422e+01   -9.5716423241e+00    3.7550288688e+00   -6.2238194687e+00   -3.6418099474e+01    2.1115124644e+04    2.1582857190e+00    9.9892277096e-01
       105   -3.5223296203e+01    1.2415895729e+03   -4.8471379748e+01    1.3248083545e+01   -9.5667761967e+00    3.7479023360e+00   -6.2344064128e+00   -3.6418099474e+01    2.1095661243e+04    2.1378538140e+00    9.9897935003e-01
       106   -3.5223332418e+01    1.2415319118e+03   -4.8375700928e+01    1.3152368510e+01   -9.5766358696e+00    3.8607709374e+00   -6.2417365215e+00   -3.6418099474e+01    2.0891371966e+04    2.1175665070e+00    9.9886154625e-01
       107   -3.5225686165e+01    1.2416649999e+03   -4.8394753091e+01    1.3169066925e+01   -9.5504917819e+00    3.7913776055e+00   -6.2175394400e+00   -3.6418099474e+01    2.0741258205e+04    2.1142424450e+00    9.9896340581e-01
       108   -3.5221331907e+01    1.2414100094e+03   -4.8301731811e+01    1.3080399904e+01   -9.5846301962e+00    3.9060819782e+00   -6.2050841185e+00   -3.6418099474e+01    2.0659194138e+04    2.1081205360e+00    9.9895929135e-01
       109   -3.5215245813e+01    1.2411039936e+03   -4.8278507630e+01    1.3063261817e+01   -9.6119742327e+00    3.9564188494e+00   -6.2048527729e+00   -3.6418099474e+01    2.0692157925e+04    2.1008710250e+00    9.9888171746e-01
       110   -3.5246290057e+01    1.2433298496e+03   -4.8241421220e+01    1.2995131163e+01   -9.6844615214e+00    4.0473433052e+00   -6.1862035294e+00   -3.6418099474e+01    2.0747019195e+04    2.1028984880e+00    9.9893256570e-01
       111   -3.5223795477e+01    1.2416057324e+03   -4.8286952655e+01    1.3063157178e+01   -9.5979716673e+00    3.9361795982e+00   -6.2070611118e+00   -3.6418099474e+01    2.0772431651e+04    2.1079667570e+00    9.9891858250e-01
       112   -3.5210530296e+01    1.2406410001e+03   -4.8400524124e+01    1.3189993828e+01   -9.6152428977e+00    3.8523342703e+00   -6.2195160223e+00   -3.6418099474e+01    2.0905407162e+04    2.1116801370e+00    9.9886588782e-01
       113   -3.5198138794e+01    1.2397125802e+03   -4.8398364135e+01    1.3200225341e+01   -9.5663161650e+00    3.8135399936e+00   -6.2274884896e+00   -3.6418099474e+01    2.0918036767e+04    2.1095412190e+00    9.9893326506e-01
       114   -3.5199862118e+01    1.2397810883e+03   -4.8395087115e+01    1.3195224997e+01   -9.6296281063e+00    3.8599748390e+00   -6.2073343738e+00   -3.6418099474e+01    2.0880367531e+04    2.1180446030e+00    9.9885437969e-01
       115   -3.5211116331e+01    1.2405516272e+03   -4.8391326927e+01    1.3180210596e+01   -9.6218773899e+00    3.8691846968e+00   -6.2205347598e+00   -3.6418099474e+01    2.0814838082e+04    2.1492464000e+00    9.9884715150e-01
       116   -3.5200549226e+01    1.2398245679e+03   -4.8311551223e+01    1.3111001997e+01   -9.5863586270e+00    3.8963469302e+00   -6.2034400517e+00   -3.6418099474e+01    2.0737192265e+04    2.1061742640e+00    9.9883431822e-01
       117   -3.5194606720e+01    1.2394150731e+03   -4.8263797502e+01    1.3069190781e+01   -9.6352076910e+00    4.0053660215e+00   -6.2158563581e+00   -3.6418099474e+01    2.0692628672e+04    2.0957551490e+00    9.9889050702e-01
       118   -3.5188564225e+01    1.2389996265e+03   -4.8398211221e+01    1.3209646996e+01   -9.6058557399e+00    3.8512110644e+00   -6.2254670710e+00   -3.6418099474e+01    2.0597144995e+04    2.0966407320e+00    9.9888712462e-01
       119   -3.5194777284e+01    1.2393999746e+03   -4.8329928031e+01    1.3135150746e+01   -9.5281503312e+00    3.8441896435e+00   -6.2278678689e+00   -3.6418099474e+01    2.0586454466e+04    2.0967148970e+00    9.9890208621e-01
       120   -3.5209368395e+01    1.2404353196e+03   -4.8304518402e+01    1.3095150007e+01   -9.5041952450e+00    3.8659699173e+00   -6.2481936001e+00   -3.6418099474e+01    2.0637139371e+04    2.1099135110e+00    9.9891156133e-01
       121   -3.5225450431e+01    1.2416134847e+03   -4.8277426592e+01    1.3051976161e+01   -9.5612200055e+00    3.9426652194e+00   -6.2407723316e+00   -3.6418099474e+01    2.0540125944e+04    2.0886587190e+00    9.9891142551e-01
       122   -3.5202718888e+01    1.2399781525e+03   -4.8311400036e+01    1.3108681148e+01   -9.5330395501e+00    3.8657756147e+00   -6.2260366261e+00   -3.6418099474e+01    2.0578531857e+04    2.1011782070e+00    9.9900740628e-01
       123   -3.5203449056e+01    1.2399927272e+03   -4.8349709178e+01    1.3146260123e+01   -9.5896368701e+00    3.8859489357e+00   -6.2279217697e+00   -3.6418099474e+01    2.0553752683e+04    2.1014488110e+00    9.9892106580e-01
       124   -3.5217479891e+01    1.2409910625e+03   -4.8350912537e+01    1.3133432646e+01   -9.5760643174e+00    3.8926732472e+00   -6.2494219921e+00   -3.6418099474e+01    2.0618136542e+04    2.1090133500e+00    9.9894163214e-01
       125   -3.5205633675e+01    1.2401574073e+03   -4.8317891796e+01    1.3112258121e+01   -9.5689291848e+00    3.9141230577e+00   -6.2449861945e+00   -3.6418099474e+01    2.0617705460e+04    2.0993296780e+00    9.9898503533e-01
       126   -3.5213145337e+01    1.2407134620e+03   -4.8314360799e+01    1.3101215462e+01   -9.5413840411e+00    3.8893241298e+00   -6.2442014136e+00   -3.6418099474e+01    2.0644017052e+04    2.1080203250e+00    9.9894301630e-01
       127   -3.5182190276e+01    1.2385353238e+03   -4.8292915950e+01    1.3110725673e+01   -9.6035276046e+00    3.9560899311e+00   -6.2273788018e+00   -3.6418099474e+01    2.0547854866e+04    2.0906346790e+00    9.9883935087e-01
       128   -3.5228317402e+01    1.2418220402e+03   -4.8323423464e+01    1.3095106062e+01   -9.6225066009e+00    3.9754172354e+00   -6.2582346239e+00   -3.6418099474e+01    2.0472079785e+04    2.0806511580e+00    9.9889025378e-01
       129   -3.5220606174e+01    1.2412957615e+03   -4.8309110217e+01    1.3088504043e+01   -9.6277496566e+00    3.9733596386e+00   -6.2366207251e+00   -3.6418099474e+01    2.0576261497e+04    2.0981005620e+00    9.9894809929e-01
       130   -3.5216389639e+01    1.2409927856e+03   -4.8392934630e+01    1.3176544991e+01   -9.6485136055e+00    3.9208398360e+00   -6.2471613867e+00   -3.6418099474e+01    2.0628578080e+04    2.1019489900e+00    9.9894219649e-01
       131   -3.5217338534e+01    1.2410566229e+03   -4.8361617541e+01    1.3144279007e+01   -9.6353099829e+00    3.9521065097e+00   -6.2603145938e+00   -3.6418099474e+01    2.0698487703e+04    2.1046658570e+00    9.9894922460e-01
       132   -3.5186254383e+01    1.2388321853e+03   -4.8373470629e+01    1.3187216246e+01   -9.6158822349e+00    3.9085457267e+00   -6.2480346469e+00   -3.6418099474e+01    2.0615954351e+04    2.1046374160e+00    9.9890720035e-01
       133   -3.5192708495e+01    1.2392185665e+03   -4.8424649352e+01    1.3231940857e+01   -9.6158900880e+00    3.8833021939e+00   -6.2739619833e+00   -3.6418099474e+01    2.0551401721e+04    2.0856124110e+00    9.9896450115e-01
       134   -3.5201570659e+01    1.2398324010e+03   -4.8458003793e+01    1.3256433134e+01   -9.6569770980e+00    3.8910598454e+00   -6.2739870660e+00   -3.6418099474e+01    2.0503989129e+04    2.0743011840e+00    9.9890276017e-01
       135   -3.5196672708e+01    1.2394897427e+03   -4.8458750029e+01    1.3262077321e+01   -9.6737911797e+00    3.9050066898e+00   -6.2718660649e+00   -3.6418099474e+01    2.0330639084e+04    2.0638874100e+00    9.9894606672e-01
       136   -3.5196996737e+01    1.2395093659e+03   -4.8379532371e+01    1.3182535634e+01   -9.6655425214e+00    3.9581872902e+00   -6.2540776653e+00   -3.6418099474e+01    2.0114698579e+04    2.0478011750e+00    9.9896127786e-01
       137   -3.5180208533e+01    1.2383540558e+03   -4.8395782931e+01    1.3215574398e+01   -9.6707860716e+00    3.9384908275e+00   -6.2453882130e+00   -3.6418099474e+01    2.0131758830e+04    2.0487959530e+00    9.9893570222e-01
       138   -3.5193990658e+01    1.2393143081e+03   -4.8530879555e+01    1.3336888897e+01   -9.7109414138e+00    3.8416531749e+00   -6.2434918417e+00   -3.6418099474e+01    2.0130282760e+04    2.0396941340e+00    9.9896032929e-01
       139   -3.5198379227e+01    1.2396142044e+03   -4.8446898298e+01    1.3248519072e+01   -9.6692353488e+00    3.8511532478e+00   -6.2107167231e+00   -3.6418099474e+01    2.0209101569e+04    2.0546947440e+00    9.9899443671e-01
       140   -3.5203127511e+01    1.2400056019e+03   -4.8435989844e+01    1.3232862333e+01   -9.7233831883e+00    3.9082831795e+00   -6.2027903610e+00   -3.6418099474e+01    2.0242268043e+04    2.0562673270e+00    9.9891662608e-01
       141   -3.5202789215e+01    1.2399327624e+03   -4.8430245078e+01    1.3227455864e+01   -9.7941957642e+00    3.9708286756e+00   -6.1887785155e+00   -3.6418099474e+01    2.0282636215e+04    2.0482375570e+00    9.9893466409e-01
       142   -3.5195244789e+01    1.2394434244e+03   -4.8522724598e+01    1.3327479809e+01   -9.7213320092e+00    3.8285519798e+00   -6.2118450948e+00   -3.6418099474e+01    2.0331768941e+04    2.0545477840e+00    9.9891098917e-01
       143   -3.5207368650e+01    1.2402745548e+03   -4.8518332779e+01    1.3310964129e+01   -9.7474977419e+00    3.8446431589e+00   -6.1973787214e+00   -3.6418099474e+01    2.0353786273e+04    2.0720551290e+00    9.9885064329e-01
       144   -3.5208649675e+01    1.2403757084e+03   -4.8511068968e+01    1.3302419293e+01   -9.7112689228e+00    3.8347388540e+00   -6.2164394251e+00   -3.6418099474e+01    2.0446287690e+04    2.0775921180e+00    9.9891002082e-01
       145   -3.5184466791e+01    1.2386381661e+03   -4.8450144639e+01    1.3265677848e+01   -9.7426909919e+00    3.9220361381e+00   -6.2113903112e+00   -3.6418099474e+01    2.0381959203e+04    2.0605456510e+00    9.9898740032e-01
       146   -3.5185713760e+01    1.2386917400e+03   -4.8455611926e+01    1.3269898165e+01   -9.6519742318e+00    3.8381615176e+00   -6.2236997372e+00   -3.6418099474e+01    2.0284229565e+04    2.0645126340e+00    9.9898421931e-01
       147   -3.5198153212e+01    1.2395761791e+03   -4.8493775006e+01    1.3295621793e+01   -9.6611293000e+00    3.7864863986e+00   -6.2010326301e+00   -3.6418099474e+01    2.0318392678e+04    2.0739471160e+00    9.9889969276e-01
       148   -3.5211667512e+01    1.2405487255e+03   -4.8453299592e+01    1.3241632080e+01   -9.7094851969e+00    3.8537076599e+00   -6.1794225810e+00   -3.6418099474e+01    2.0395702698e+04    2.0738468260e+00    9.9890549041e-01
       149   -3.5198973174e+01    1.2396542007e+03   -4.8442766481e+01    1.3243793306e+01   -9.6323126682e+00    3.7897797641e+00   -6.1821341023e+00   -3.6418099474e+01    2.0495891013e+04    2.0893127600e+00    9.9894589019e-01
       150   -3.5197072833e+01    1.2395429228e+03   -4.8405434710e+01    1.3208361877e+01   -9.6402711152e+00    3.8617260197e+00   -6.2087901404e+00   -3.6418099474e+01    2.0454606577e+04    2.0786228610e+00    9.9894377754e-01
       151   -3.5210417336e+01    1.2404894545e+03   -4.8336194776e+01    1.3125777440e+01   -9.6958550262e+00    3.9857089743e+00   -6.2079492502e+00   -3.6418099474e+01    2.0451642965e+04    2.0767343120e+00    9.9892949699e-01
       152   -3.5224054861e+01    1.2414771704e+03   -4.8372158825e+01    1.3148103964e+01   -9.6700327324e+00    3.9251888686e+00   -6.2092154871e+00   -3.6418099474e+01    2.0409644373e+04    2.0707843200e+00    9.9895338906e-01
       153   -3.5210698167e+01    1.2404708213e+03   -4.8431831671e+01    1.3221133503e+01   -9.6233028431e+00    3.8206726336e+00   -6.2111019868e+00   -3.6418099474e+01    2.0489325102e+04    2.0785243670e+00    9.9891230835e-01
       154   -3.5234731590e+01    1.2421756519e+03   -4.8395054217e+01    1.3160322627e+01   -9.6532123443e+00    3.8684596715e+00   -6.1922020704e+00   -3.6418099474e+01    2.0737914192e+04    2.1361529250e+00    9.9888904199e-01
       155   -3.5223394371e+01    1.2413826146e+03   -4.8394171127e+01    1.3170776755e+01   -9.6428507918e+00    3.8445196061e+00   -6.1777404669e+00   -3.6418099474e+01    2.0635348185e+04    2.1106511330e+00    9.9898226229e-01
       156   -3.5230844142e+01    1.2419070466e+03   -4.8371517780e+01    1.3140673638e+01   -9.6114349426e+00    3.8200791276e+00   -6.1620624907e+00   -3.6418099474e+01    2.0678375798e+04    2.1170666060e+00    9.9892905508e-01
       157   -3.5216802526e+01    1.2408880564e+03   -4.8339261174e+01    1.3122458648e+01   -9.6045201689e+00    3.8460176227e+00   -6.1626591536e+00   -3.6418099474e+01    2.0731464505e+04    2.1197769370e+00    9.9889232656e-01
       158   -3.5207600968e+01    1.2402663371e+03   -4.8385236853e+01    1.3177635885e+01   -9.6530503130e+00    3.8784895427e+00   -6.1925766087e+00   -3.6418099474e+01    2.0782562543e+04    2.1173806860e+00    9.9889864057e-01
       159   -3.5206681808e+01    1.2402134237e+03   -4.8386634473e+01    1.3179952664e+01   -9.6598107302e+00    3.8999435016e+00   -6.2086677701e+00   -3.6418099474e+01    2.0841813805e+04    2.1136754500e+00    9.9891380326e-01
       160   -3.5218500795e+01    1.2410747958e+03   -4.8376496050e+01    1.3157995255e+01   -9.6067305758e+00    3.8695201554e+00   -6.2211861555e+00   -3.6418099474e+01    2.0758794912e+04    2.1103673210e+00    9.9889726122e-01
       161   -3.5249387583e+01    1.2432877112e+03   -4.8435261202e+01    1.3185873619e+01   -9.6102039613e+00    3.8181656448e+00   -6.2251234116e+00   -3.6418099474e+01    2.0719663430e+04    2.1130702720e+00    9.9891722644e-01
       162   -3.5241317195e+01    1.2427008382e+03   -4.8452734671e+01    1.3211417476e+01   -9.6006960672e+00    3.7947177423e+00   -6.2286568721e+00   -3.6418099474e+01    2.0567912408e+04    2.0944024530e+00    9.9890401156e-01
       163   -3.5222692302e+01    1.2413508284e+03   -4.8409464718e+01    1.3186772416e+01   -9.5935979980e+00    3.8089944036e+00   -6.2067616492e+00   -3.6418099474e+01    2.0619497174e+04    2.1245142440e+00    9.9888446988e-01
       164   -3.5233418189e+01    1.2421069778e+03   -4.8253006587e+01    1.3019588398e+01   -9.6477103796e+00    4.0429997754e+00   -6.2301965088e+00   -3.6418099474e+01    2.0563513648e+04    2.1045604710e+00    9.9892127571e-01
       165   -3.5236311123e+01    1.2422989091e+03   -4.8377188244e+01    1.3140877122e+01   -9.6503326012e+00    3.9526249134e+00   -6.2613810824e+00   -3.6418099474e+01    2.0544735206e+04    2.0969763410e+00    9.9891500904e-01
       166   -3.5234976993e+01    1.2422531580e+03   -4.8419932077e+01    1.3184955084e+01   -9.5859654616e+00    3.8315649639e+00   -6.2474321052e+00   -3.6418099474e+01    2.0430600209e+04    2.0663877790e+00    9.9891064871e-01
       167   -3.5237784733e+01    1.2425359598e+03   -4.8406238863e+01    1.3168454130e+01   -9.6042321447e+00    3.8619296286e+00   -6.2458368727e+00   -3.6418099474e+01    2.0419370201e+04    2.0608049140e+00    9.9891875625e-01
       168   -3.5251450555e+01    1.2434503357e+03   -4.8305885789e+01    1.3054435234e+01   -9.6787743120e+00    4.0150929523e+00   -6.2241049550e+00   -3.6418099474e+01    2.0631641339e+04    2.1086063780e+00    9.9892294372e-01
       169   -3.5229672272e+01    1.2419233135e+03   -4.8333185725e+01    1.3103513453e+01   -9.6488139816e+00    3.9566255235e+00   -6.2228977927e+00   -3.6418099474e+01    2.0691007931e+04    2.1256022870e+00    9.9883305828e-01
       170   -3.5239703088e+01    1.2426061536e+03   -4.8368748951e+01    1.3129045862e+01   -9.6853848714e+00    3.9455043563e+00   -6.2107689614e+00   -3.6418099474e+01    2.0606321421e+04    2.1073690680e+00    9.9893907665e-01
       171   -3.5220327065e+01    1.2411816069e+03   -4.8336624012e+01    1.3116296947e+01   -9.6537483917e+00    3.9427446588e+00   -6.2075208052e+00   -3.6418099474e+01    2.0728782564e+04    2.1130288380e+00    9.9894213076e-01
       172   -3.5204364382e+01    1.2400846039e+03   -4.8359988181e+01    1.3155623799e+01   -9.5820209821e+00    3.8631208132e+00   -6.2229885378e+00   -3.6418099474e+01    2.0733048089e+04    2.1220806300e+00    9.9900798435e-01
       173   -3.5216631943e+01    1.2410058423e+03   -4.8371464600e+01    1.3154832657e+01   -9.4838579081e+00    3.7641000207e+00   -6.2336072383e+00   -3.6418099474e+01    2.0705593270e+04    2.1129005730e+00    9.9893415933e-01
       174   -3.5194660684e+01    1.2393681563e+03   -4.8363112144e+01    1.3168451460e+01   -9.5372487214e+00    3.8178311919e+00   -6.2255951406e+00   -3.6418099474e+01    2.0762209187e+04    2.1096590610e+00    9.9896131411e-01
       175   -3.5173683114e+01    1.2378731729e+03   -4.8396200229e+01    1.3222517116e+01   -9.4927123847e+00    3.7607468754e+00   -6.2461352459e+00   -3.6418099474e+01    2.0868292811e+04    2.1251335930e+00    9.9895149152e-01
       176   -3.5200407685e+01    1.2397714794e+03   -4.8367894102e+01    1.3167486417e+01   -9.4997283527e+00    3.7760254223e+00   -6.2260916978e+00   -3.6418099474e+01    2.0834129040e+04    2.1118539760e+00    9.9887407458e-01
       177   -3.5183181321e+01    1.2385545151e+03   -4.8249349210e+01    1.3066167889e+01   -9.5428272376e+00    3.9101653416e+00   -6.1985878399e+00   -3.6418099474e+01    2.0831832951e+04    2.1205833810e+00    9.9896152502e-01
       178   -3.5191164030e+01    1.2391004909e+03   -4.8284764405e+01    1.3093600375e+01   -9.5260299890e+00    3.8701686510e+00   -6.2108035933e+00   -3.6418099474e+01    2.0676647898e+04    2.0980652340e+00    9.9887761516e-01
       179   -3.5185934514e+01    1.2387441531e+03   -4.8302599948e+01    1.3116665435e+01   -9.5149340566e+00    3.8534269893e+00   -6.2229934067e+00   -3.6418099474e+01    2.0688171424e+04    2.1007227280e+00    9.9891450661e-01
       180   -3.5190935387e+01    1.2391383195e+03   -4.8281415761e+01    1.3090480374e+01   -9.5902090938e+00    3.9571438528e+00   -6.2302510453e+00   -3.6418099474e+01    2.0760036857e+04    2.0888413120e+00    9.9888215507e-01
       181   -3.5183666103e+01    1.2385983282e+03   -4.8233113236e+01    1.3049447134e+01   -9.5514498325e+00    3.9598272582e+00   -6.2233911879e+00   -3.6418099474e+01    2.0749773415e+04    2.0964340190e+00    9.9896769576e-01
       182   -3.5171613132e+01    1.2377111321e+03   -4.8254467813e+01    1.3082854681e+01   -9.5316031884e+00    3.9107478904e+00   -6.2155130410e+00   -3.6418099474e+01    2.0593767669e+04    2.0919068260e+00    9.9896859681e-01
       183   -3.5170465393e+01    1.2376319034e+03   -4.8382111490e+01    1.3211646097e+01   -9.4777818682e+00    3.7616844787e+00   -6.2479146262e+00   -3.6418099474e+01    2.0507670369e+04    2.0816702660e+00    9.9883192212e-01
       184   -3.5191329772e+01    1.2391335035e+03   -4.8444243353e+01    1.3252913581e+01   -9.4805313237e+00    3.7228504783e+00   -6.2684630335e+00   -3.6418099474e+01    2.0474241155e+04    2.0655321620e+00    9.9893614053e-01
       185   -3.5177346473e+01    1.2381833260e+03   -4.8389773517e+01    1.3212427044e+01   -9.4585686735e+00    3.7677652915e+00   -6.2808706612e+00   -3.6418099474e+01    2.0377432248e+04    2.0608091470e+00    9.9893994295e-01
       186   -3.5179111128e+01    1.2382981226e+03   -4.8343046058e+01    1.3163934930e+01   -9.4986123037e+00    3.8453328527e+00   -6.2716671332e+00   -3.6418099474e+01    2.0130041831e+04    2.0416071870e+00    9.9894984070e-01
       187   -3.5172666035e+01    1.2378123706e+03   -4.8343754789e+01    1.3171088754e+01   -9.5661817418e+00    3.9344217459e+00   -6.2938953187e+00   -3.6418099474e+01    1.9963537003e+04    2.0334813110e+00    9.9886771798e-01
       188   -3.5191295099e+01    1.2391567640e+03   -4.8239665920e+01    1.3048370821e+01   -9.6004434653e+00    4.0681777284e+00   -6.2893007091e+00   -3.6418099474e+01    1.9837840344e+04    2.0078311400e+00    9.9892325975e-01
       189   -3.5182756643e+01    1.2385916092e+03   -4.8335468849e+01    1.3152712206e+01   -9.6554939584e+00    3.9927157347e+00   -6.2545911510e+00   -3.6418099474e+01    1.9828042846e+04    2.0079133590e+00    9.9892102400e-01
       190   -3.5211223639e+01    1.2405394504e+03   -4.8297244933e+01    1.3086021294e+01   -9.6874670577e+00    4.0261150852e+00   -6.2177934865e+00   -3.6418099474e+01    1.9996502610e+04    2.0423212930e+00    9.9886734745e-01
       191   -3.5197698783e+01    1.2396130838e+03   -4.8283432907e+01    1.3085734124e+01   -9.7431265879e+00    4.0574166473e+00   -6.1796234921e+00   -3.6418099474e+01    2.0092600670e+04    2.0547732900e+00    9.9893342435e-01
       192   -3.5183688576e+01    1.2386317943e+03   -4.8434363337e+01    1.3250674762e+01   -9.7087192824e+00    3.9041455656e+00   -6.2116901463e+00   -3.6418099474e+01    2.0013603174e+04    2.0528498910e+00    9.9890076946e-01
       193   -3.5182003766e+01    1.2385383523e+03   -4.8456921232e+01    1.3274917467e+01   -9.7235481471e+00    3.9075618895e+00   -6.2228355006e+00   -3.6418099474e+01    1.9953518526e+04    2.0423062600e+00    9.9893326079e-01
       194   -3.5222100090e+01    1.2413221456e+03   -4.8440239373e+01    1.3218139283e+01   -9.6642024774e+00    3.8157564384e+00   -6.1736938597e+00   -3.6418099474e+01    1.9975367886e+04    2.0426710300e+00    9.9895368304e-01
       195   -3.5213505791e+01    1.2407132240e+03   -4.8357866156e+01    1.3144360365e+01   -9.6068419351e+00    3.8465100431e+00   -6.1794347898e+00   -3.6418099474e+01    2.0080308452e+04    2.0525304910e+00    9.9889165629e-01
       196   -3.5210744046e+01    1.2404945413e+03   -4.8459717957e+01    1.3248973911e+01   -9.6187001167e+00    3.7605592380e+00   -6.1834776037e+00   -3.6418099474e+01    2.0114100126e+04    2.0450739570e+00    9.9894686368e-01
       197   -3.5210511377e+01    1.2404769796e+03   -4.8345209685e+01    1.3134698308e+01   -9.7414512893e+00    3.9904436756e+00   -6.1761025972e+00   -3.6418099474e+01    2.0075368526e+04    2.0692847590e+00    9.9896972889e-01
       198   -3.5213921960e+01    1.2407543016e+03   -4.8270421637e+01    1.3056499677e+01   -9.7323297504e+00    4.0737639247e+00   -6.1937563369e+00   -3.6418099474e+01    2.0043320599e+04    2.0458577070e+00    9.9894486191e-01
       199   -3.5214833462e+01    1.2408127499e+03   -4.8408139442e+01    1.3193305980e+01   -9.7610838442e+00    3.9876784184e+00   -6.2166345417e+00   -3.6418099474e+01    1.9967164156e+04    2.0430927080e+00    9.9896047292e-01
