# Index          LocalEnergy            Variance              Weight        NumOfWalkers      AvgSentWalkers         TrialEnergy             DiffEff      LivingFraction
         0   -3.4829139608e+01    9.5868212804e-01    2.0482499157e+03    2.0480000000e+03    0.0000000000e+00   -3.4817078721e+01    9.9498260666e-01    1.0000000000e+00
         1   -3.4859798298e+01    9.5659383609e-01    2.0486260484e+03    2.0480000000e+03    0.0000000000e+00   -3.4835240693e+01    9.9515174044e-01    9.8437500000e-01
         2   -3.4862993897e+01    9.7558911482e-01    2.0474875933e+03    2.0480000000e+03    7.5000000000e-01   -3.4875080346e+01    9.9538654297e-01    9.9414062500e-01
         3   -3.4861747474e+01    9.4665021987e-01    2.0574619818e+03    2.0570000000e+03    5.0000000000e-01   -3.4850482403e+01    9.9535452078e-01    9.9076324745e-01
         4   -3.4871072556e+01    8.8627278402e-01    2.0478702555e+03    2.0570000000e+03    7.5000000000e-01   -3.5092220891e+01    9.9550607362e-01    9.8833252309e-01
         5   -3.4865195257e+01    9.4220929964e-01    2.0420330815e+03    2.0420000000e+03    1.0000000000e+00   -3.4867904865e+01    9.9425614091e-01    9.9461312439e-01
         6   -3.4876999017e+01    9.7390671817e-01    2.0541823008e+03    2.0480000000e+03    7.5000000000e-01   -3.4719305907e+01    9.9559917544e-01    9.9365234375e-01
         7   -3.4877460163e+01    9.5303123859e-01    2.0458969930e+03    2.0520000000e+03    7.5000000000e-01   -3.5027706739e+01    9.9516786603e-01    9.9122807018e-01
         8   -3.4885704853e+01    9.1201978600e-01    2.0462467405e+03    2.0440000000e+03    5.0000000000e-01   -3.4826090841e+01    9.9543652638e-01    9.9168297456e-01
         9   -3.4893217618e+01    9.3479748117e-01    2.0439795561e+03    2.0420000000e+03    1.0000000000e+00   -3.4842882335e+01    9.9574375469e-01    9.9216454456e-01
        10   -3.4928550989e+01    9.4659574544e-01    2.0467473644e+03    2.0420000000e+03    2.5000000000e-01   -3.4794965778e+01    9.9533141783e-01    9.9314397649e-01
        11   -3.4946744153e+01    8.8810758060e-01    2.0457250610e+03    2.0440000000e+03    5.0000000000e-01   -3.4897959709e+01    9.9564444906e-01    9.9119373777e-01
        12   -3.4957431334e+01    8.8300781636e-01    2.0445011791e+03    2.0420000000e+03    7.5000000000e-01   -3.4891172780e+01    9.9512216545e-01    9.9314397649e-01
        13   -3.4988272027e+01    8.9577060750e-01    2.0450552822e+03    2.0410000000e+03    7.5000000000e-01   -3.4871937852e+01    9.9492043593e-01    9.9510044096e-01
        14   -3.4959828194e+01    8.7334880039e-01    2.0411431872e+03    2.0390000000e+03    5.0000000000e-01   -3.4916327767e+01    9.9475588892e-01    9.9313388916e-01
        15   -3.4963339981e+01    9.0945557400e-01    2.0489108769e+03    2.0420000000e+03    7.5000000000e-01   -3.4792144674e+01    9.9536645580e-01    9.9118511263e-01
        16   -3.4972267231e+01    8.9160984642e-01    2.0373512246e+03    2.0380000000e+03    1.0000000000e+00   -3.4985573243e+01    9.9446770870e-01    9.9214916585e-01
        17   -3.4960546495e+01    8.8595151491e-01    2.0422445221e+03    2.0320000000e+03    1.2500000000e+00   -3.4711609116e+01    9.9558075132e-01    9.9606299213e-01
        18   -3.4967702745e+01    8.5897699510e-01    2.0479192780e+03    2.0420000000e+03    7.5000000000e-01   -3.4819834083e+01    9.9583480425e-01    9.9559255632e-01
        19   -3.4985300220e+01    8.3183745132e-01    2.0514202175e+03    2.0510000000e+03    7.5000000000e-01   -3.4965731954e+01    9.9531580199e-01    9.9414919551e-01
        20   -3.5004092744e+01    8.2183583194e-01    2.0478966439e+03    2.0510000000e+03    2.5000000000e-01   -3.5068731978e+01    9.9583947629e-01    9.9268649439e-01
        21   -3.5013774433e+01    8.3630900552e-01    2.0491569414e+03    2.0490000000e+03    7.5000000000e-01   -3.5004042276e+01    9.9459361272e-01    9.9316739873e-01
        22   -3.5010232960e+01    8.5651372422e-01    2.0440487701e+03    2.0440000000e+03    2.5000000000e-01   -3.5009498342e+01    9.9467193550e-01    9.9070450098e-01
        23   -3.5019094734e+01    8.2976112706e-01    2.0414006748e+03    2.0410000000e+03    7.5000000000e-01   -3.5007435538e+01    9.9502746855e-01    9.9265066144e-01
        24   -3.5016767437e+01    8.3771258324e-01    2.0414120721e+03    2.0410000000e+03    5.0000000000e-01   -3.5008571188e+01    9.9588376892e-01    9.9412052915e-01
        25   -3.5009582601e+01    8.6474833543e-01    2.0431258546e+03    2.0430000000e+03    1.0000000000e+00   -3.5009570515e+01    9.9402732802e-01    9.9314733235e-01
        26   -3.5017739693e+01    8.7745865548e-01    2.0360660563e+03    2.0360000000e+03    5.0000000000e-01   -3.5009874695e+01    9.9490102969e-01    9.9263261297e-01
        27   -3.5026591916e+01    8.8146638466e-01    2.0346481851e+03    2.0340000000e+03    1.0000000000e+00   -3.5007196493e+01    9.9474795510e-01    9.9557522124e-01
        28   -3.5022357047e+01    8.6541466426e-01    2.0396082626e+03    2.0390000000e+03    5.0000000000e-01   -3.5008193780e+01    9.9548455277e-01    9.9313388916e-01
        29   -3.5028642196e+01    8.0255070041e-01    2.0375546646e+03    2.0370000000e+03    1.0000000000e+00   -3.5011475561e+01    9.9558151376e-01    9.9361806578e-01
        30   -3.5033990975e+01    7.9491004501e-01    2.0388290362e+03    2.0380000000e+03    5.0000000000e-01   -3.5011774264e+01    9.9542549411e-01    9.9313052012e-01
        31   -3.5049332361e+01    7.9951089377e-01    2.0350642703e+03    2.0340000000e+03    5.0000000000e-01   -3.5013954365e+01    9.9449986045e-01    9.9360865290e-01
        32   -3.5047155756e+01    7.9482739820e-01    2.0323740930e+03    2.0310000000e+03    5.0000000000e-01   -3.5014680285e+01    9.9520146976e-01    9.9212210734e-01
        33   -3.5058682162e+01    8.2875703409e-01    2.0305949381e+03    2.0290000000e+03    5.0000000000e-01   -3.5015368203e+01    9.9551939996e-01    9.9655002464e-01
        34   -3.5068491481e+01    8.8375481240e-01    2.0428089571e+03    2.0410000000e+03    1.0000000000e+00   -3.5017039188e+01    9.9572522876e-01    9.9363057325e-01
        35   -3.5099790665e+01    9.0203178669e-01    2.0514123007e+03    2.0490000000e+03    7.5000000000e-01   -3.5025897326e+01    9.9632479560e-01    9.9853587116e-01
        36   -3.5093255067e+01    8.8235988868e-01    2.0613865366e+03    2.0590000000e+03    5.0000000000e-01   -3.5034559724e+01    9.9568044438e-01    9.9271491015e-01
        37   -3.5093266929e+01    8.6364309533e-01    2.0600050641e+03    2.0580000000e+03    1.0000000000e+00   -3.5042960668e+01    9.9448699627e-01    9.9368318756e-01
        38   -3.5076838994e+01    8.5563807390e-01    2.0565717816e+03    2.0550000000e+03    5.0000000000e-01   -3.5045447020e+01    9.9520117359e-01    9.9270072993e-01
        39   -3.5086381802e+01    8.4382506976e-01    2.0635264789e+03    2.0620000000e+03    5.0000000000e-01   -3.5045738819e+01    9.9521031008e-01    9.9466537342e-01
        40   -3.5098328834e+01    8.3772547616e-01    2.0606331072e+03    2.0590000000e+03    7.5000000000e-01   -3.5051355793e+01    9.9511122461e-01    9.9222923749e-01
        41   -3.5114629282e+01    8.4668145455e-01    2.0592411816e+03    2.0570000000e+03    7.5000000000e-01   -3.5052549123e+01    9.9495355326e-01    9.9659698590e-01
        42   -3.5102415144e+01    8.1299208429e-01    2.0702073210e+03    2.0680000000e+03    5.0000000000e-01   -3.5054974762e+01    9.9541743024e-01    9.9274661509e-01
        43   -3.5100761534e+01    8.0198595516e-01    2.0735946936e+03    2.0720000000e+03    7.5000000000e-01   -3.5062586581e+01    9.9553391079e-01    9.9420849421e-01
        44   -3.5068435782e+01    8.3150786276e-01    2.0726930836e+03    2.0720000000e+03    7.5000000000e-01   -3.5066261492e+01    9.9523019580e-01    9.9227799228e-01
        45   -3.5085920154e+01    7.6740892643e-01    2.0683912557e+03    2.0680000000e+03    2.5000000000e-01   -3.5066410362e+01    9.9531110905e-01    9.8887814313e-01
        46   -3.5093166832e+01    8.1059414086e-01    2.0590355328e+03    2.0580000000e+03    7.5000000000e-01   -3.5065544069e+01    9.9560433058e-01    9.9416909621e-01
        47   -3.5103037332e+01    7.8196729948e-01    2.0584594235e+03    2.0570000000e+03    5.0000000000e-01   -3.5062400627e+01    9.9539087527e-01    9.9513855129e-01
        48   -3.5114941700e+01    7.5900404185e-01    2.0648433625e+03    2.0630000000e+03    5.0000000000e-01   -3.5063764031e+01    9.9478714538e-01    9.9272903539e-01
        49   -3.5122273698e+01    7.7630461795e-01    2.0640356325e+03    2.0620000000e+03    7.5000000000e-01   -3.5068800958e+01    9.9492906370e-01    9.9660523763e-01
        50   -3.5136659884e+01    7.5005144105e-01    2.0713342423e+03    2.0690000000e+03    2.5000000000e-01   -3.5070465146e+01    9.9458248364e-01    9.9565007250e-01
        51   -3.5134881838e+01    7.7916226687e-01    2.0713703317e+03    2.0690000000e+03    2.5000000000e-01   -3.5076381903e+01    9.9450561951e-01    9.9371677139e-01
        52   -3.5145315392e+01    7.8647232210e-01    2.0694790389e+03    2.0670000000e+03    1.0000000000e+00   -3.5078581489e+01    9.9553378047e-01    9.9371069182e-01
        53   -3.5141681559e+01    7.4490754382e-01    2.0756870777e+03    2.0730000000e+03    7.5000000000e-01   -3.5080034086e+01    9.9518513173e-01    9.9662325133e-01
        54   -3.5120940926e+01    8.4035742270e-01    2.0737485792e+03    2.0720000000e+03    2.5000000000e-01   -3.5085149423e+01    9.9491352155e-01    9.9662162162e-01
        55   -3.5140385412e+01    8.4297928003e-01    2.0757060637e+03    2.0740000000e+03    5.0000000000e-01   -3.5085621366e+01    9.9582538388e-01    9.9469623915e-01
        56   -3.5144192410e+01    8.2875426805e-01    2.0802112407e+03    2.0780000000e+03    7.5000000000e-01   -3.5088433140e+01    9.9456618261e-01    9.9326275265e-01
        57   -3.5125382610e+01    8.3814012763e-01    2.0847711355e+03    2.0830000000e+03    7.5000000000e-01   -3.5092471406e+01    9.9507913781e-01    9.9519923188e-01
        58   -3.5118373249e+01    7.6014468810e-01    2.0860016861e+03    2.0850000000e+03    5.0000000000e-01   -3.5095937803e+01    9.9527951810e-01    9.9520383693e-01
        59   -3.5117591044e+01    7.9496551217e-01    2.0917898779e+03    2.0910000000e+03    1.0000000000e+00   -3.5097559446e+01    9.9484819420e-01    9.9282639885e-01
        60   -3.5132793479e+01    7.9521371841e-01    2.0941211895e+03    2.0930000000e+03    7.5000000000e-01   -3.5101290807e+01    9.9510724893e-01    9.9474438605e-01
        61   -3.5122385329e+01    8.4944073355e-01    2.0949997368e+03    2.0940000000e+03    1.0000000000e+00   -3.5103689060e+01    9.9491103570e-01    9.9522445081e-01
        62   -3.5133922519e+01    7.6670410915e-01    2.0999401563e+03    2.0990000000e+03    7.5000000000e-01   -3.5105083896e+01    9.9476071893e-01    9.9380657456e-01
        63   -3.5112686732e+01    7.4997093655e-01    2.1016363524e+03    2.1010000000e+03    2.5000000000e-01   -3.5108637649e+01    9.9548478709e-01    9.9476439791e-01
        64   -3.5103384637e+01    7.8119436079e-01    2.0979316576e+03    2.0980000000e+03    2.5000000000e-01   -3.5110106291e+01    9.9515822497e-01    9.9237368923e-01
        65   -3.5126907377e+01    8.0156561397e-01    2.0912350899e+03    2.0910000000e+03    7.5000000000e-01   -3.5108767100e+01    9.9452122137e-01    9.9091343855e-01
        66   -3.5120277424e+01    7.9349490616e-01    2.0837609427e+03    2.0830000000e+03    7.5000000000e-01   -3.5106488020e+01    9.9516801514e-01    9.9423907825e-01
        67   -3.5110126193e+01    7.7667079266e-01    2.0864715824e+03    2.0860000000e+03    1.0000000000e+00   -3.5103645467e+01    9.9463191213e-01    9.9376797699e-01
        68   -3.5127363504e+01    7.9175860045e-01    2.0825008328e+03    2.0820000000e+03    7.5000000000e-01   -3.5105441116e+01    9.9483659585e-01    9.9423631124e-01
        69   -3.5131127639e+01    7.6260936877e-01    2.0820030402e+03    2.0810000000e+03    5.0000000000e-01   -3.5104363416e+01    9.9500595555e-01    9.9471407977e-01
        70   -3.5140364858e+01    7.8407080197e-01    2.0862373683e+03    2.0850000000e+03    5.0000000000e-01   -3.5104993751e+01    9.9468589268e-01    9.9520383693e-01
        71   -3.5118645929e+01    7.4864830920e-01    2.0959693112e+03    2.0950000000e+03    7.5000000000e-01   -3.5108041890e+01    9.9465877314e-01    9.9570405728e-01
        72   -3.5128018427e+01    7.5418644471e-01    2.0953368934e+03    2.0950000000e+03    5.0000000000e-01   -3.5113255537e+01    9.9515957307e-01    9.9331742243e-01
        73   -3.5136072524e+01    7.1677249520e-01    2.0958738284e+03    2.0950000000e+03    1.0000000000e+00   -3.5113669144e+01    9.9479488461e-01    9.9331742243e-01
        74   -3.5139442084e+01    7.1019431614e-01    2.0929380389e+03    2.0920000000e+03    2.5000000000e-01   -3.5114763401e+01    9.9542288307e-01    9.9713193117e-01
        75   -3.5128739141e+01    7.3546366058e-01    2.0997644263e+03    2.0990000000e+03    2.5000000000e-01   -3.5114230500e+01    9.9483366987e-01    9.9571224393e-01
        76   -3.5143094158e+01    7.5842667375e-01    2.0976427047e+03    2.0970000000e+03    5.0000000000e-01   -3.5118133496e+01    9.9588027069e-01    9.9284692418e-01
        77   -3.5141895372e+01    7.1023913914e-01    2.0940530619e+03    2.0930000000e+03    5.0000000000e-01   -3.5117998354e+01    9.9463494759e-01    9.9665551839e-01
        78   -3.5116772511e+01    7.9865556731e-01    2.0983962416e+03    2.0980000000e+03    2.5000000000e-01   -3.5117110571e+01    9.9624952545e-01    9.9475691134e-01
        79   -3.5122839468e+01    8.1302163995e-01    2.1029560723e+03    2.1030000000e+03    5.0000000000e-01   -3.5119553658e+01    9.9442250134e-01    9.9144079886e-01
        80   -3.5127236244e+01    7.4899711512e-01    2.0991141974e+03    2.0990000000e+03    5.0000000000e-01   -3.5122184232e+01    9.9521319100e-01    9.9666507861e-01
        81   -3.5127593305e+01    7.9698024514e-01    2.1041948779e+03    2.1040000000e+03    7.5000000000e-01   -3.5120872592e+01    9.9477117339e-01    9.9477186312e-01
        82   -3.5124881029e+01    7.4690418719e-01    2.1070327150e+03    2.1070000000e+03    7.5000000000e-01   -3.5123796068e+01    9.9520427830e-01    9.9383009018e-01
        83   -3.5145808012e+01    7.8126096655e-01    2.1114194278e+03    2.1110000000e+03    5.0000000000e-01   -3.5125590708e+01    9.9397209637e-01    9.9242065372e-01
        84   -3.5140030151e+01    8.1866184769e-01    2.1106629242e+03    2.1100000000e+03    1.0000000000e+00   -3.5128430392e+01    9.9517066799e-01    9.9336492891e-01
        85   -3.5147709519e+01    8.4460677096e-01    2.1126648558e+03    2.1120000000e+03    1.0000000000e+00   -3.5128719675e+01    9.9441090897e-01    9.9384469697e-01
        86   -3.5155406514e+01    8.1928871650e-01    2.1138813924e+03    2.1130000000e+03    1.0000000000e+00   -3.5130412077e+01    9.9530006131e-01    9.9479413157e-01
        87   -3.5146595382e+01    8.4664919063e-01    2.1168110965e+03    2.1160000000e+03    7.5000000000e-01   -3.5131824769e+01    9.9553152574e-01    9.9102079395e-01
        88   -3.5157634589e+01    8.5496404454e-01    2.1107389875e+03    2.1100000000e+03    7.5000000000e-01   -3.5133892579e+01    9.9519730162e-01    9.9289099526e-01
        89   -3.5175440525e+01    7.4137257101e-01    2.1114180034e+03    2.1100000000e+03    1.2500000000e+00   -3.5131842970e+01    9.9588599445e-01    9.9194312796e-01
        90   -3.5162262540e+01    8.5792355528e-01    2.1024432893e+03    2.1010000000e+03    7.5000000000e-01   -3.5133218499e+01    9.9462682330e-01    9.9381247025e-01
        91   -3.5137870707e+01    7.8172772389e-01    2.0988165099e+03    2.0980000000e+03    7.5000000000e-01   -3.5129797470e+01    9.9612385413e-01    9.9428026692e-01
        92   -3.5111629625e+01    7.8232657446e-01    2.0957547564e+03    2.0960000000e+03    2.5000000000e-01   -3.5128547473e+01    9.9501954899e-01    9.9284351145e-01
        93   -3.5105809444e+01    7.6950675209e-01    2.0952028575e+03    2.0960000000e+03    7.5000000000e-01   -3.5127191609e+01    9.9548821271e-01    9.9379770992e-01
        94   -3.5129415326e+01    7.7079871222e-01    2.0955793164e+03    2.0960000000e+03    5.0000000000e-01   -3.5126950772e+01    9.9569349820e-01    9.9332061069e-01
        95   -3.5151643322e+01    7.3793436415e-01    2.0915268633e+03    2.0910000000e+03    7.5000000000e-01   -3.5127467115e+01    9.9512077192e-01    9.9617407939e-01
        96   -3.5138493184e+01    7.1442100094e-01    2.0998069724e+03    2.0990000000e+03    7.5000000000e-01   -3.5126151729e+01    9.9511710207e-01    9.9333015722e-01
        97   -3.5120719324e+01    7.7379869804e-01    2.0929282224e+03    2.0930000000e+03    2.5000000000e-01   -3.5130536200e+01    9.9568243193e-01    9.9235547062e-01
        98   -3.5135829837e+01    7.4691279053e-01    2.0920670433e+03    2.0920000000e+03    5.0000000000e-01   -3.5127449347e+01    9.9539914313e-01    9.9521988528e-01
        99   -3.5135048576e+01    7.3959338878e-01    2.0922671709e+03    2.0920000000e+03    5.0000000000e-01   -3.5127418563e+01    9.9401083502e-01    9.9139579350e-01
       100   -3.5140990591e+01    7.3642605909e-01    2.0833943744e+03    2.0830000000e+03    7.5000000000e-01   -3.5127875705e+01    9.9528712697e-01    9.9231877100e-01
       101   -3.5128456174e+01    7.1071414017e-01    2.0794338173e+03    2.0790000000e+03    5.0000000000e-01   -3.5124051849e+01    9.9504155914e-01    9.9663299663e-01
       102   -3.5134508832e+01    7.4821189499e-01    2.0832516218e+03    2.0830000000e+03    7.5000000000e-01   -3.5122411700e+01    9.9497702462e-01    9.9183869419e-01
       103   -3.5138324298e+01    7.9734306252e-01    2.0795304352e+03    2.0790000000e+03    7.5000000000e-01   -3.5124575265e+01    9.9471899278e-01    9.9230399230e-01
       104   -3.5156838104e+01    7.4790197202e-01    2.0720857262e+03    2.0710000000e+03    2.5000000000e-01   -3.5123154277e+01    9.9585868061e-01    9.9565427330e-01
       105   -3.5167980761e+01    6.9771734458e-01    2.0767455994e+03    2.0750000000e+03    5.0000000000e-01   -3.5120143884e+01    9.9562773376e-01    9.9132530120e-01
       106   -3.5142266349e+01    7.5506500649e-01    2.0783966291e+03    2.0770000000e+03    7.5000000000e-01   -3.5123082436e+01    9.9510630480e-01    9.9566682715e-01
       107   -3.5140846018e+01    7.2695647593e-01    2.0816500296e+03    2.0810000000e+03    5.0000000000e-01   -3.5124257844e+01    9.9521480225e-01    9.9231138876e-01
       108   -3.5140087010e+01    7.8028984659e-01    2.0837077933e+03    2.0830000000e+03    7.5000000000e-01   -3.5126177885e+01    9.9546333111e-01    9.9279884782e-01
       109   -3.5144618419e+01    7.5409059667e-01    2.0806726146e+03    2.0800000000e+03    7.5000000000e-01   -3.5127505318e+01    9.9551603819e-01    9.9519230769e-01
       110   -3.5137664518e+01    7.2528836051e-01    2.0885940528e+03    2.0880000000e+03    5.0000000000e-01   -3.5126429835e+01    9.9500060007e-01    9.9377394636e-01
       111   -3.5138913627e+01    7.6772104677e-01    2.0873150055e+03    2.0870000000e+03    7.5000000000e-01   -3.5130527146e+01    9.9563981630e-01    9.9233349305e-01
       112   -3.5155344844e+01    7.2540051059e-01    2.0878101234e+03    2.0870000000e+03    7.5000000000e-01   -3.5130219061e+01    9.9531453359e-01    9.9425011979e-01
       113   -3.5135462474e+01    7.1594108216e-01    2.0936286024e+03    2.0930000000e+03    2.5000000000e-01   -3.5130930867e+01    9.9496808234e-01    9.9474438605e-01
       114   -3.5146196905e+01    7.6431980636e-01    2.0962847121e+03    2.0960000000e+03    2.5000000000e-01   -3.5133966889e+01    9.9469271726e-01    9.9522900763e-01
       115   -3.5149488902e+01    7.9179816747e-01    2.1086166489e+03    2.1080000000e+03    5.0000000000e-01   -3.5135595433e+01    9.9575135300e-01    9.9478178368e-01
       116   -3.5158536196e+01    7.8938883851e-01    2.1124548170e+03    2.1120000000e+03    1.0000000000e+00   -3.5141848418e+01    9.9563665743e-01    9.9100378788e-01
       117   -3.5157641173e+01    7.3479074807e-01    2.1065993873e+03    2.1060000000e+03    5.0000000000e-01   -3.5144139738e+01    9.9539344216e-01    9.9382716049e-01
       118   -3.5157427717e+01    7.3038627420e-01    2.1076158993e+03    2.1070000000e+03    1.2500000000e+00   -3.5141817992e+01    9.9532917605e-01    9.9383009018e-01
       119   -3.5145146628e+01    7.3547587919e-01    2.1073744517e+03    2.1070000000e+03    1.0000000000e+00   -3.5142743049e+01    9.9441893979e-01    9.9525391552e-01
       120   -3.5155873847e+01    7.3603471813e-01    2.1082080501e+03    2.1080000000e+03    2.5000000000e-01   -3.5142939456e+01    9.9480765846e-01    9.9335863378e-01
       121   -3.5150281980e+01    7.3210488362e-01    2.1074397189e+03    2.1070000000e+03    7.5000000000e-01   -3.5143745965e+01    9.9495179383e-01    9.9620313242e-01
       122   -3.5151393124e+01    7.4697170927e-01    2.1122505687e+03    2.1120000000e+03    5.0000000000e-01   -3.5143729594e+01    9.9592328976e-01    9.9337121212e-01
       123   -3.5145390887e+01    7.4724832524e-01    2.1039710437e+03    2.1040000000e+03    2.5000000000e-01   -3.5146361957e+01    9.9510761207e-01    9.9144486692e-01
       124   -3.5130102455e+01    7.4309882919e-01    2.0937518692e+03    2.0940000000e+03    2.5000000000e-01   -3.5142722175e+01    9.9550910124e-01    9.9665711557e-01
       125   -3.5126288220e+01    7.3580577779e-01    2.0924979954e+03    2.0930000000e+03    2.5000000000e-01   -3.5137989853e+01    9.9464502375e-01    9.9378881988e-01
       126   -3.5157099298e+01    7.5740575862e-01    2.0941580738e+03    2.0940000000e+03    5.0000000000e-01   -3.5137488850e+01    9.9555742620e-01    9.9713467049e-01
       127   -3.5136171434e+01    7.4766125058e-01    2.1012901030e+03    2.1010000000e+03    5.0000000000e-01   -3.5138666044e+01    9.9557007884e-01    9.9524036173e-01
       128   -3.5144132218e+01    7.6025261764e-01    2.1129113172e+03    2.1130000000e+03    5.0000000000e-01   -3.5142249208e+01    9.9460995397e-01    9.9290108850e-01
       129   -3.5153740876e+01    7.4585767605e-01    2.1100385521e+03    2.1100000000e+03    7.5000000000e-01   -3.5148017428e+01    9.9431026030e-01    9.9099526066e-01
       130   -3.5166387815e+01    7.7716353292e-01    2.1046094232e+03    2.1040000000e+03    1.0000000000e+00   -3.5146992574e+01    9.9513067017e-01    9.9477186312e-01
       131   -3.5167838146e+01    7.3250169017e-01    2.1008157202e+03    2.1000000000e+03    7.5000000000e-01   -3.5144859842e+01    9.9444285192e-01    9.9380952381e-01
       132   -3.5152272369e+01    7.3915184938e-01    2.1007301784e+03    2.1000000000e+03    7.5000000000e-01   -3.5143504258e+01    9.9499345570e-01    9.9238095238e-01
       133   -3.5155926556e+01    7.0470976427e-01    2.0964376542e+03    2.0960000000e+03    1.0000000000e+00   -3.5143766460e+01    9.9471493657e-01    9.9379770992e-01
       134   -3.5160526029e+01    7.2289458269e-01    2.0946534224e+03    2.0940000000e+03    7.5000000000e-01   -3.5142050682e+01    9.9485629884e-01    9.9570200573e-01
       135   -3.5168603598e+01    7.4031303331e-01    2.1008861987e+03    2.1000000000e+03    5.0000000000e-01   -3.5141563165e+01    9.9563892345e-01    9.9571428571e-01
       136   -3.5164192756e+01    7.2401081938e-01    2.1038316801e+03    2.1030000000e+03    5.0000000000e-01   -3.5144961595e+01    9.9534980710e-01    9.9429386591e-01
       137   -3.5159592097e+01    7.2796065005e-01    2.1016069296e+03    2.1010000000e+03    5.0000000000e-01   -3.5146744911e+01    9.9461435078e-01    9.9286054260e-01
       138   -3.5178730690e+01    7.1633110362e-01    2.0969681720e+03    2.0960000000e+03    5.0000000000e-01   -3.5146023687e+01    9.9452271643e-01    9.8998091603e-01
       139   -3.5171842981e+01    7.3232255341e-01    2.0873011185e+03    2.0860000000e+03    1.2500000000e+00   -3.5144305984e+01    9.9487425929e-01    9.9137104506e-01
       140   -3.5170993215e+01    7.0054734098e-01    2.0823672394e+03    2.0810000000e+03    1.0000000000e+00   -3.5140111693e+01    9.9460766594e-01    9.9567515617e-01
       141   -3.5154292505e+01    7.5316837064e-01    2.0869941334e+03    2.0860000000e+03    5.0000000000e-01   -3.5138157447e+01    9.9458763301e-01    9.9376797699e-01
       142   -3.5159723323e+01    7.2464847501e-01    2.0846614944e+03    2.0840000000e+03    5.0000000000e-01   -3.5140645583e+01    9.9488053104e-01    9.9328214971e-01
       143   -3.5142407012e+01    6.9788379281e-01    2.0875214310e+03    2.0870000000e+03    5.0000000000e-01   -3.5139835701e+01    9.9540006092e-01    9.9472927647e-01
       144   -3.5155849610e+01    7.2265515736e-01    2.0812158758e+03    2.0810000000e+03    5.0000000000e-01   -3.5141370479e+01    9.9523491053e-01    9.9279192696e-01
       145   -3.5159015551e+01    6.9791436798e-01    2.0818040130e+03    2.0810000000e+03    5.0000000000e-01   -3.5138614056e+01    9.9473154083e-01    9.9519461797e-01
       146   -3.5159753949e+01    7.5268316708e-01    2.0868242245e+03    2.0860000000e+03    5.0000000000e-01   -3.5139186213e+01    9.9473580357e-01    9.9616490892e-01
       147   -3.5171501549e+01    7.3180155277e-01    2.0908805358e+03    2.0900000000e+03    7.5000000000e-01   -3.5141885639e+01    9.9509209585e-01    9.9425837321e-01
       148   -3.5200122603e+01    7.1553802595e-01    2.0856375563e+03    2.0840000000e+03    7.5000000000e-01   -3.5144205615e+01    9.9439025726e-01    9.9328214971e-01
       149   -3.5189844406e+01    7.0536415218e-01    2.0852167147e+03    2.0830000000e+03    1.0000000000e+00   -3.5142289018e+01    9.9483592402e-01    9.9423907825e-01
       150   -3.5179558360e+01    7.1296436352e-01    2.0847485636e+03    2.0830000000e+03    2.5000000000e-01   -3.5142593111e+01    9.9550813991e-01    9.9135861738e-01
       151   -3.5198741530e+01    6.9608288357e-01    2.0789485353e+03    2.0770000000e+03    7.5000000000e-01   -3.5142788227e+01    9.9474773493e-01    9.9277804526e-01
       152   -3.5200466610e+01    6.9574674871e-01    2.0835335816e+03    2.0810000000e+03    1.0000000000e+00   -3.5140560847e+01    9.9495453900e-01    9.9519461797e-01
       153   -3.5176163035e+01    6.8814330651e-01    2.0797905855e+03    2.0780000000e+03    7.5000000000e-01   -3.5143327072e+01    9.9440844428e-01    9.9615014437e-01
       154   -3.5181501059e+01    7.2843100042e-01    2.0885630008e+03    2.0870000000e+03    7.5000000000e-01   -3.5141902406e+01    9.9533320414e-01    9.9568758984e-01
       155   -3.5174805785e+01    7.2062824474e-01    2.0913188226e+03    2.0900000000e+03    7.5000000000e-01   -3.5146518891e+01    9.9579528937e-01    9.9234449761e-01
       156   -3.5180114611e+01    7.4521256355e-01    2.0902845487e+03    2.0890000000e+03    7.5000000000e-01   -3.5148189705e+01    9.9595908814e-01    9.9760651029e-01
       157   -3.5179299702e+01    7.5477195598e-01    2.0951879293e+03    2.0940000000e+03    2.5000000000e-01   -3.5148080838e+01    9.9536655905e-01    9.9761222541e-01
       158   -3.5166002629e+01    7.0094136832e-01    2.0977741366e+03    2.0970000000e+03    2.5000000000e-01   -3.5150798201e+01    9.9570133172e-01    9.9284692418e-01
       159   -3.5165660029e+01    6.9935845218e-01    2.0925889390e+03    2.0920000000e+03    2.5000000000e-01   -3.5152305061e+01    9.9563250282e-01    9.9378585086e-01
       160   -3.5162785533e+01    7.0001369625e-01    2.0976122738e+03    2.0970000000e+03    5.0000000000e-01   -3.5150097155e+01    9.9469745680e-01    9.9380066762e-01
       161   -3.5174999262e+01    7.2904110213e-01    2.0945945628e+03    2.0940000000e+03    5.0000000000e-01   -3.5152737557e+01    9.9533635595e-01    9.9570200573e-01
       162   -3.5165387393e+01    7.5527268567e-01    2.1058201056e+03    2.1050000000e+03    7.5000000000e-01   -3.5151623216e+01    9.9532137355e-01    9.9097387173e-01
       163   -3.5148017928e+01    7.2360641261e-01    2.0990494000e+03    2.0990000000e+03    5.0000000000e-01   -3.5157221767e+01    9.9497931547e-01    9.9523582658e-01
       164   -3.5179808954e+01    7.4095350411e-01    2.0983513709e+03    2.0980000000e+03    7.5000000000e-01   -3.5154130779e+01    9.9498995555e-01    9.8665395615e-01
       165   -3.5193546287e+01    7.2599307949e-01    2.0875870319e+03    2.0860000000e+03    7.5000000000e-01   -3.5154145068e+01    9.9514233881e-01    9.9520613615e-01
       166   -3.5170983342e+01    7.4691038823e-01    2.0903882133e+03    2.0890000000e+03    7.5000000000e-01   -3.5149438192e+01    9.9489921386e-01    9.9473432264e-01
       167   -3.5183022861e+01    7.5293976754e-01    2.0940545690e+03    2.0930000000e+03    7.5000000000e-01   -3.5151055924e+01    9.9531060934e-01    9.9283325370e-01
       168   -3.5186491794e+01    7.2008311974e-01    2.0923239199e+03    2.0910000000e+03    7.5000000000e-01   -3.5153162712e+01    9.9566823217e-01    9.9282639885e-01
       169   -3.5192352227e+01    7.5133607361e-01    2.0874588898e+03    2.0860000000e+03    5.0000000000e-01   -3.5152708848e+01    9.9574429951e-01    9.9232981783e-01
       170   -3.5205285966e+01    7.2408696292e-01    2.0890261698e+03    2.0870000000e+03    7.5000000000e-01   -3.5150787994e+01    9.9530621737e-01    9.9568758984e-01
       171   -3.5185840991e+01    7.1627922421e-01    2.0897263723e+03    2.0880000000e+03    7.5000000000e-01   -3.5152025816e+01    9.9512418686e-01    9.9233716475e-01
       172   -3.5200759914e+01    6.6729092084e-01    2.0907726701e+03    2.0890000000e+03    7.5000000000e-01   -3.5152713899e+01    9.9570279574e-01    9.9377692676e-01
       173   -3.5195584015e+01    7.0101441204e-01    2.1009300070e+03    2.0990000000e+03    5.0000000000e-01   -3.5153660312e+01    9.9452235417e-01    9.9475940924e-01
       174   -3.5181128718e+01    7.3307455037e-01    2.1062367683e+03    2.1050000000e+03    5.0000000000e-01   -3.5158913176e+01    9.9474713580e-01    9.9429928741e-01
       175   -3.5164294852e+01    7.4341062190e-01    2.1044667483e+03    2.1040000000e+03    7.5000000000e-01   -3.5161743850e+01    9.9545028274e-01    9.9429657795e-01
       176   -3.5189622452e+01    7.3131820781e-01    2.1035973635e+03    2.1030000000e+03    2.5000000000e-01   -3.5161099216e+01    9.9491942685e-01    9.9429386591e-01
       177   -3.5174523135e+01    7.4633215312e-01    2.1129513327e+03    2.1120000000e+03    7.5000000000e-01   -3.5161040932e+01    9.9465198499e-01    9.9573863636e-01
       178   -3.5184183452e+01    7.1680400465e-01    2.1155085613e+03    2.1150000000e+03    5.0000000000e-01   -3.5165732585e+01    9.9460132762e-01    9.9479905437e-01
       179   -3.5167900518e+01    7.1820037502e-01    2.1152833456e+03    2.1150000000e+03    5.0000000000e-01   -3.5167254525e+01    9.9526752949e-01    9.9196217494e-01
       180   -3.5180762398e+01    6.9733079403e-01    2.1042422671e+03    2.1040000000e+03    2.5000000000e-01   -3.5167354795e+01    9.9475964659e-01    9.9096958175e-01
       181   -3.5171311402e+01    7.1076946356e-01    2.0975814469e+03    2.0970000000e+03    1.0000000000e+00   -3.5162405510e+01    9.9442313020e-01    9.9666189795e-01
       182   -3.5164014128e+01    7.0829371942e-01    2.1002509308e+03    2.1000000000e+03    5.0000000000e-01   -3.5159457272e+01    9.9485743492e-01    9.9571428571e-01
       183   -3.5164526337e+01    6.9998848424e-01    2.1020939335e+03    2.1020000000e+03    1.0000000000e+00   -3.5160903824e+01    9.9566451991e-01    9.9571836346e-01
       184   -3.5186615951e+01    7.1392326925e-01    2.1125867816e+03    2.1120000000e+03    5.0000000000e-01   -3.5161956660e+01    9.9545677079e-01    9.9337121212e-01
       185   -3.5160413122e+01    7.0850509043e-01    2.1072185308e+03    2.1070000000e+03    5.0000000000e-01   -3.5167243312e+01    9.9548459817e-01    9.9383009018e-01
       186   -3.5160641418e+01    7.3607782255e-01    2.1068040442e+03    2.1070000000e+03    1.0000000000e+00   -3.5164844898e+01    9.9485801453e-01    9.9572852397e-01
       187   -3.5184240630e+01    7.1158045381e-01    2.1143100272e+03    2.1140000000e+03    5.0000000000e-01   -3.5164793699e+01    9.9483314394e-01    9.9621570482e-01
       188   -3.5187263208e+01    6.8033538876e-01    2.1176459737e+03    2.1170000000e+03    5.0000000000e-01   -3.5168634360e+01    9.9548149934e-01    9.9102503543e-01
       189   -3.5184225957e+01    6.8134496350e-01    2.1117607662e+03    2.1110000000e+03    7.5000000000e-01   -3.5170509690e+01    9.9438091240e-01    9.9573661772e-01
       190   -3.5187948850e+01    6.8429266781e-01    2.1207815099e+03    2.1200000000e+03    5.0000000000e-01   -3.5168004091e+01    9.9502477055e-01    9.9292452830e-01
       191   -3.5194429170e+01    6.7715547377e-01    2.1168016018e+03    2.1160000000e+03    7.5000000000e-01   -3.5172562588e+01    9.9453081289e-01    9.9432892250e-01
       192   -3.5183698291e+01    6.9590425985e-01    2.1147423713e+03    2.1140000000e+03    5.0000000000e-01   -3.5171014361e+01    9.9508984553e-01    9.9290444655e-01
       193   -3.5199154689e+01    6.8014103259e-01    2.1139366991e+03    2.1130000000e+03    0.0000000000e+00   -3.5170305400e+01    9.9561892821e-01    9.9290108850e-01
       194   -3.5191672283e+01    6.8697659714e-01    2.1150883499e+03    2.1140000000e+03    7.5000000000e-01   -3.5170274456e+01    9.9560929081e-01    9.9290444655e-01
       195   -3.5174883699e+01    6.8072533549e-01    2.1084694305e+03    2.1080000000e+03    5.0000000000e-01   -3.5171122446e+01    9.9486302655e-01    9.9193548387e-01
       196   -3.5187883232e+01    6.9780347027e-01    2.1035420975e+03    2.1030000000e+03    7.5000000000e-01   -3.5168192669e+01    9.9564983983e-01    9.9714693295e-01
       197   -3.5195679674e+01    7.1940846431e-01    2.1089547369e+03    2.1080000000e+03    1.0000000000e+00   -3.5166128655e+01    9.9527908466e-01    9.9288425047e-01
       198   -3.5188833382e+01    7.1927579227e-01    2.1069303428e+03    2.1060000000e+03    5.0000000000e-01   -3.5169014806e+01    9.9528466675e-01    9.9335232669e-01
       199   -3.5191459305e+01    7.1598236875e-01    2.0988884651e+03    2.0980000000e+03    5.0000000000e-01   -3.5168329006e+01    9.9528311129e-01    9.9285033365e-01
