#  Band    State   TwistIndex BandIndex Energy      Kx      Ky      Kz      K1      K2      K3    KmK 
       0        0       17        0    -0.281760  0.0568  0.0328  0.0327  0.0750  0.0000  0.0750      1
       1        1       17        1    -0.258699  0.0568  0.0328  0.0327  0.0750  0.0000  0.0750      1
       2        2       17        2    -0.211026  0.0568  0.0328  0.0327  0.0750  0.0000  0.0750      1
       3        3       17        3    -0.131598  0.0568  0.0328  0.0327  0.0750  0.0000  0.0750      1
       4        4       17        4    -0.107538  0.0568  0.0328  0.0327  0.0750  0.0000  0.0750      1
       5        5       17        5     0.111164  0.0568  0.0328  0.0327  0.0750  0.0000  0.0750      1
       6        6       17        6     0.115925  0.0568  0.0328  0.0327  0.0750  0.0000  0.0750      1
       7        7       17        7     0.134729  0.0568  0.0328  0.0327  0.0750  0.0000  0.0750      1
       8        8       17        8     0.154639  0.0568  0.0328  0.0327  0.0750  0.0000  0.0750      1
       9        9       17        9     0.155064  0.0568  0.0328  0.0327  0.0750  0.0000  0.0750      1
      10       10       17       10     0.159513  0.0568  0.0328  0.0327  0.0750  0.0000  0.0750      1
      11       11       17       11     0.163905  0.0568  0.0328  0.0327  0.0750  0.0000  0.0750      1
      12       12       17       12     0.170705  0.0568  0.0328  0.0327  0.0750  0.0000  0.0750      1
      13       13       17       13     0.190193  0.0568  0.0328  0.0327  0.0750  0.0000  0.0750      1
      14       14       17       14     0.240873  0.0568  0.0328  0.0327  0.0750  0.0000  0.0750      1
      15       15       17       15     0.251073  0.0568  0.0328  0.0327  0.0750  0.0000  0.0750      1
      16       16       17       16     0.257578  0.0568  0.0328  0.0327  0.0750  0.0000  0.0750      1
      17       17       17       17     0.281796  0.0568  0.0328  0.0327  0.0750  0.0000  0.0750      1
      18       18       17       18     0.285320  0.0568  0.0328  0.0327  0.0750  0.0000  0.0750      1
      19       19       17       19     0.290215  0.0568  0.0328  0.0327  0.0750  0.0000  0.0750      1
      20       20       17       20     0.400742  0.0568  0.0328  0.0327  0.0750  0.0000  0.0750      1
      21       21       17       21     0.415196  0.0568  0.0328  0.0327  0.0750  0.0000  0.0750      1
      22       22       17       22     0.442606  0.0568  0.0328  0.0327  0.0750  0.0000  0.0750      1
      23       23       17       23     0.453784  0.0568  0.0328  0.0327  0.0750  0.0000  0.0750      1
      24       24       17       24     0.463405  0.0568  0.0328  0.0327  0.0750  0.0000  0.0750      1
      25       25       17       25     0.464228  0.0568  0.0328  0.0327  0.0750  0.0000  0.0750      1
      26       26       17       26     0.483599  0.0568  0.0328  0.0327  0.0750  0.0000  0.0750      1
      27       27       17       27     0.504719  0.0568  0.0328  0.0327  0.0750  0.0000  0.0750      1
      28       28       17       28     0.516085  0.0568  0.0328  0.0327  0.0750  0.0000  0.0750      1
      29       29       17       29     0.516694  0.0568  0.0328  0.0327  0.0750  0.0000  0.0750      1
      30       30       17       30     0.530347  0.0568  0.0328  0.0327  0.0750  0.0000  0.0750      1
      31       31       17       31     0.556519  0.0568  0.0328  0.0327  0.0750  0.0000  0.0750      1
      32       32       17       32     0.568226  0.0568  0.0328  0.0327  0.0750  0.0000  0.0750      1
      33       33       17       33     0.584860  0.0568  0.0328  0.0327  0.0750  0.0000  0.0750      1
      34       34       17       34     0.592154  0.0568  0.0328  0.0327  0.0750  0.0000  0.0750      1
      35       35       17       35     0.609924  0.0568  0.0328  0.0327  0.0750  0.0000  0.0750      1
      36       36       17       36     0.623309  0.0568  0.0328  0.0327  0.0750  0.0000  0.0750      1
      37       37       17       37     0.643085  0.0568  0.0328  0.0327  0.0750  0.0000  0.0750      1
      38       38       17       38     0.650715  0.0568  0.0328  0.0327  0.0750  0.0000  0.0750      1
      39       39       17       39     0.686278  0.0568  0.0328  0.0327  0.0750  0.0000  0.0750      1
      40       40       17       40     0.722462  0.0568  0.0328  0.0327  0.0750  0.0000  0.0750      1
      41       41       17       41     0.736422  0.0568  0.0328  0.0327  0.0750  0.0000  0.0750      1
      42       42       17       42     0.754640  0.0568  0.0328  0.0327  0.0750  0.0000  0.0750      1
      43       43       17       43     0.792340  0.0568  0.0328  0.0327  0.0750  0.0000  0.0750      1
      44       44       17       44     0.807398  0.0568  0.0328  0.0327  0.0750  0.0000  0.0750      1
      45       45       17       45     0.859441  0.0568  0.0328  0.0327  0.0750  0.0000  0.0750      1
      46       46       17       46     0.861436  0.0568  0.0328  0.0327  0.0750  0.0000  0.0750      1
      47       47       17       47     0.865400  0.0568  0.0328  0.0327  0.0750  0.0000  0.0750      1
      48       48       17       48     0.903835  0.0568  0.0328  0.0327  0.0750  0.0000  0.0750      1
      49       49       17       49     0.924055  0.0568  0.0328  0.0327  0.0750  0.0000  0.0750      1
      50       50       17       50     0.941969  0.0568  0.0328  0.0327  0.0750  0.0000  0.0750      1
      51       51       17       51     0.943241  0.0568  0.0328  0.0327  0.0750  0.0000  0.0750      1
      52       52       17       52     0.947796  0.0568  0.0328  0.0327  0.0750  0.0000  0.0750      1
      53       53       17       53     0.961631  0.0568  0.0328  0.0327  0.0750  0.0000  0.0750      1
      54       54       17       54     0.971089  0.0568  0.0328  0.0327  0.0750  0.0000  0.0750      1
      55       55       17       55     0.998580  0.0568  0.0328  0.0327  0.0750  0.0000  0.0750      1
      56       56       17       56     0.998606  0.0568  0.0328  0.0327  0.0750  0.0000  0.0750      1
      57       57       17       57     1.009554  0.0568  0.0328  0.0327  0.0750  0.0000  0.0750      1
      58       58       17       58     1.016550  0.0568  0.0328  0.0327  0.0750  0.0000  0.0750      1
      59       59       17       59     1.027881  0.0568  0.0328  0.0327  0.0750  0.0000  0.0750      1
      60       60       17       60     1.040108  0.0568  0.0328  0.0327  0.0750  0.0000  0.0750      1
      61       61       17       61     1.044506  0.0568  0.0328  0.0327  0.0750  0.0000  0.0750      1
      62       62       17       62     1.049797  0.0568  0.0328  0.0327  0.0750  0.0000  0.0750      1
      63       63       17       63     1.060422  0.0568  0.0328  0.0327  0.0750  0.0000  0.0750      1
      64       64       17       64     1.107829  0.0568  0.0328  0.0327  0.0750  0.0000  0.0750      1
      65       65       17       65     1.108020  0.0568  0.0328  0.0327  0.0750  0.0000  0.0750      1
      66       66       17       66     1.117011  0.0568  0.0328  0.0327  0.0750  0.0000  0.0750      1
      67       67       17       67     1.124665  0.0568  0.0328  0.0327  0.0750  0.0000  0.0750      1
      68       68       17       68     1.131209  0.0568  0.0328  0.0327  0.0750  0.0000  0.0750      1
      69       69       17       69     1.150158  0.0568  0.0328  0.0327  0.0750  0.0000  0.0750      1
      70       70       17       70     1.151185  0.0568  0.0328  0.0327  0.0750  0.0000  0.0750      1
      71       71       17       71     1.159467  0.0568  0.0328  0.0327  0.0750  0.0000  0.0750      1
      72       72       17       72     1.169776  0.0568  0.0328  0.0327  0.0750  0.0000  0.0750      1
      73       73       17       73     1.178496  0.0568  0.0328  0.0327  0.0750  0.0000  0.0750      1
      74       74       17       74     1.184695  0.0568  0.0328  0.0327  0.0750  0.0000  0.0750      1
      75       75       17       75     1.189186  0.0568  0.0328  0.0327  0.0750  0.0000  0.0750      1
      76       76       17       76     1.201918  0.0568  0.0328  0.0327  0.0750  0.0000  0.0750      1
      77       77       17       77     1.212001  0.0568  0.0328  0.0327  0.0750  0.0000  0.0750      1
      78       78       17       78     1.217318  0.0568  0.0328  0.0327  0.0750  0.0000  0.0750      1
      79       79       17       79     1.222989  0.0568  0.0328  0.0327  0.0750  0.0000  0.0750      1
      80       80       17       80     1.227915  0.0568  0.0328  0.0327  0.0750  0.0000  0.0750      1
      81       81       17       81     1.231234  0.0568  0.0328  0.0327  0.0750  0.0000  0.0750      1
      82       82       17       82     1.246204  0.0568  0.0328  0.0327  0.0750  0.0000  0.0750      1
      83       83       17       83     1.255498  0.0568  0.0328  0.0327  0.0750  0.0000  0.0750      1
      84       84       17       84     1.266451  0.0568  0.0328  0.0327  0.0750  0.0000  0.0750      1
      85       85       17       85     1.272871  0.0568  0.0328  0.0327  0.0750  0.0000  0.0750      1
      86       86       17       86     1.281792  0.0568  0.0328  0.0327  0.0750  0.0000  0.0750      1
      87       87       17       87     1.298579  0.0568  0.0328  0.0327  0.0750  0.0000  0.0750      1
      88       88       17       88     1.303846  0.0568  0.0328  0.0327  0.0750  0.0000  0.0750      1
      89       89       17       89     1.308576  0.0568  0.0328  0.0327  0.0750  0.0000  0.0750      1
      90       90       17       90     1.317170  0.0568  0.0328  0.0327  0.0750  0.0000  0.0750      1
      91       91       17       91     1.325310  0.0568  0.0328  0.0327  0.0750  0.0000  0.0750      1
      92       92       17       92     1.329659  0.0568  0.0328  0.0327  0.0750  0.0000  0.0750      1
      93       93       17       93     1.337460  0.0568  0.0328  0.0327  0.0750  0.0000  0.0750      1
      94       94       17       94     1.339222  0.0568  0.0328  0.0327  0.0750  0.0000  0.0750      1
      95       95       17       95     1.352063  0.0568  0.0328  0.0327  0.0750  0.0000  0.0750      1
      96       96       17       96     1.359308  0.0568  0.0328  0.0327  0.0750  0.0000  0.0750      1
      97       97       17       97     1.370741  0.0568  0.0328  0.0327  0.0750  0.0000  0.0750      1
      98       98       17       98     1.385677  0.0568  0.0328  0.0327  0.0750  0.0000  0.0750      1
      99       99       17       99     1.396529  0.0568  0.0328  0.0327  0.0750  0.0000  0.0750      1
