#   index    LocalEnergy         LocalEnergy_sq      LocalPotential      Kinetic             LocalECP            NonLocalECP         ElecElec            IonIon              BlockWeight         BlockCPU            AcceptRatio         
         0   -3.5225084779e+01    1.2415585538e+03   -4.8441068759e+01    1.3215983980e+01   -9.7165528435e+00    3.9220818068e+00   -6.2284982482e+00   -3.6418099474e+01    2.0468339209e+04    5.3112385900e-01    9.9899430806e-01
         1   -3.5222284360e+01    1.2413171420e+03   -4.8230630605e+01    1.3008346244e+01   -9.7241599156e+00    4.1184927670e+00   -6.2068639818e+00   -3.6418099474e+01    2.0483128983e+04    5.4340803500e-01    9.9892266176e-01
         2   -3.5227278293e+01    1.2416364810e+03   -4.8253044660e+01    1.3025766368e+01   -9.7217503407e+00    4.0957687662e+00   -6.2089636118e+00   -3.6418099474e+01    2.0451637501e+04    5.6803135000e-01    9.9886144561e-01
         3   -3.5210597356e+01    1.2404573745e+03   -4.8266363296e+01    1.3055765940e+01   -9.5916086631e+00    3.9826637454e+00   -6.2393189039e+00   -3.6418099474e+01    2.0501469071e+04    5.5146922700e-01    9.9890962042e-01
         4   -3.5215470096e+01    1.2408391893e+03   -4.8278797172e+01    1.3063327077e+01   -9.5794271007e+00    3.9625009059e+00   -6.2437715034e+00   -3.6418099474e+01    2.0599017601e+04    5.6310074600e-01    9.9894422601e-01
         5   -3.5237591286e+01    1.2423958136e+03   -4.8344795989e+01    1.3107204704e+01   -9.5978411985e+00    3.8961279751e+00   -6.2249832917e+00   -3.6418099474e+01    2.0514072132e+04    5.3506145900e-01    9.9889606274e-01
         6   -3.5230249973e+01    1.2418745770e+03   -4.8343407101e+01    1.3113157129e+01   -9.6166755141e+00    3.8839864223e+00   -6.1926185355e+00   -3.6418099474e+01    2.0552608254e+04    5.2992593700e-01    9.9894170884e-01
         7   -3.5246558521e+01    1.2430300805e+03   -4.8421208689e+01    1.3174650168e+01   -9.6379449151e+00    3.8458318000e+00   -6.2109960995e+00   -3.6418099474e+01    2.0664533973e+04    5.9313422600e-01    9.9894388595e-01
         8   -3.5248159517e+01    1.2432106200e+03   -4.8371746162e+01    1.3123586646e+01   -9.6422542845e+00    3.9015410286e+00   -6.2129334323e+00   -3.6418099474e+01    2.0935369025e+04    5.6864555400e-01    9.9890653147e-01
         9   -3.5265894990e+01    1.2444197476e+03   -4.8482591822e+01    1.3216696831e+01   -9.5837894919e+00    3.7374540296e+00   -6.2181568853e+00   -3.6418099474e+01    2.0861142231e+04    5.7268887900e-01    9.9894867334e-01
        10   -3.5241615968e+01    1.2426815507e+03   -4.8477923665e+01    1.3236307696e+01   -9.6300889933e+00    3.7668842479e+00   -6.1966194452e+00   -3.6418099474e+01    2.0827793598e+04    5.8050653900e-01    9.9888725053e-01
        11   -3.5253837629e+01    1.2435291714e+03   -4.8440271875e+01    1.3186434246e+01   -9.7073325333e+00    3.8522687147e+00   -6.1671085823e+00   -3.6418099474e+01    2.0761374351e+04    5.8388884900e-01    9.9902289320e-01
        12   -3.5253290658e+01    1.2435233050e+03   -4.8360126879e+01    1.3106836221e+01   -9.7731742906e+00    3.9951617634e+00   -6.1640148774e+00   -3.6418099474e+01    2.0642586469e+04    5.5036368900e-01    9.9885456823e-01
        13   -3.5232959307e+01    1.2421150324e+03   -4.8288430326e+01    1.3055471019e+01   -9.7780346098e+00    4.0764052831e+00   -6.1687015250e+00   -3.6418099474e+01    2.0606626412e+04    5.7141114100e-01    9.9891864165e-01
        14   -3.5241071093e+01    1.2427475928e+03   -4.8360819974e+01    1.3119748881e+01   -9.7244928458e+00    3.9648083792e+00   -6.1830360328e+00   -3.6418099474e+01    2.0625791683e+04    5.6082767900e-01    9.9900615698e-01
        15   -3.5234466208e+01    1.2422207112e+03   -4.8276251144e+01    1.3041784936e+01   -9.7582811179e+00    4.0892901792e+00   -6.1891607311e+00   -3.6418099474e+01    2.0557050130e+04    5.4632820400e-01    9.9890385163e-01
        16   -3.5257743153e+01    1.2438269191e+03   -4.8241416077e+01    1.2983672923e+01   -9.7499319540e+00    4.1224131198e+00   -6.1957977681e+00   -3.6418099474e+01    2.0433007197e+04    5.3640018300e-01    9.9891435844e-01
        17   -3.5265135111e+01    1.2444162067e+03   -4.8361350440e+01    1.3096215329e+01   -9.6782690783e+00    3.9264530899e+00   -6.1914349770e+00   -3.6418099474e+01    2.0416616050e+04    5.2385851300e-01    9.9889065420e-01
        18   -3.5239916490e+01    1.2426599841e+03   -4.8430451937e+01    1.3190535447e+01   -9.6002633570e+00    3.7779434801e+00   -6.1900325859e+00   -3.6418099474e+01    2.0363989512e+04    5.3348007600e-01    9.9889680864e-01
        19   -3.5228444875e+01    1.2417847136e+03   -4.8375844847e+01    1.3147399971e+01   -9.5951014262e+00    3.8300532111e+00   -6.1926971576e+00   -3.6418099474e+01    2.0239525597e+04    5.1641626100e-01    9.9892186618e-01
        20   -3.5217223224e+01    1.2409847114e+03   -4.8370197978e+01    1.3152974754e+01   -9.5512514410e+00    3.7977930050e+00   -6.1986400678e+00   -3.6418099474e+01    2.0243707666e+04    5.3616634400e-01    9.9895570201e-01
        21   -3.5240897666e+01    1.2426858929e+03   -4.8398766259e+01    1.3157868593e+01   -9.5451252015e+00    3.7754452116e+00   -6.2109867946e+00   -3.6418099474e+01    2.0285978526e+04    5.3460502900e-01    9.9899991549e-01
        22   -3.5270239780e+01    1.2447328646e+03   -4.8426723534e+01    1.3156483754e+01   -9.4921280416e+00    3.7207487391e+00   -6.2372447575e+00   -3.6418099474e+01    2.0289827998e+04    5.3322860500e-01    9.9899101244e-01
        23   -3.5245631679e+01    1.2430076571e+03   -4.8326549505e+01    1.3080917826e+01   -9.5240181772e+00    3.8286211334e+00   -6.2130529869e+00   -3.6418099474e+01    2.0343293482e+04    5.4856028400e-01    9.9895882349e-01
        24   -3.5240863187e+01    1.2426275004e+03   -4.8184479528e+01    1.2943616341e+01   -9.5165509005e+00    3.9381553168e+00   -6.1879844700e+00   -3.6418099474e+01    2.0232519751e+04    5.1415020700e-01    9.9888249417e-01
        25   -3.5237942487e+01    1.2424356762e+03   -4.8216647664e+01    1.2978705176e+01   -9.4813231205e+00    3.8596282246e+00   -6.1768532935e+00   -3.6418099474e+01    2.0254533689e+04    5.1617790300e-01    9.9893490206e-01
        26   -3.5242338161e+01    1.2427473160e+03   -4.8381368250e+01    1.3139030089e+01   -9.4083051515e+00    3.6850933328e+00   -6.2400569571e+00   -3.6418099474e+01    2.0288121924e+04    5.2438960400e-01    9.9897888762e-01
        27   -3.5243675110e+01    1.2428240810e+03   -4.8305432097e+01    1.3061756987e+01   -9.4471570254e+00    3.7846712928e+00   -6.2248468901e+00   -3.6418099474e+01    2.0284847556e+04    5.1725887300e-01    9.9896283827e-01
        28   -3.5249891282e+01    1.2432757472e+03   -4.8211334747e+01    1.2961443465e+01   -9.4527085611e+00    3.9189767696e+00   -6.2595034818e+00   -3.6418099474e+01    2.0207140575e+04    5.1550580900e-01    9.9883680641e-01
        29   -3.5239193052e+01    1.2425302758e+03   -4.8275979970e+01    1.3036786918e+01   -9.3884624406e+00    3.8010296026e+00   -6.2704476577e+00   -3.6418099474e+01    2.0205249495e+04    5.7548072600e-01    9.9898176367e-01
        30   -3.5243167315e+01    1.2428275513e+03   -4.8210775282e+01    1.2967607967e+01   -9.4143932189e+00    3.8983175656e+00   -6.2766001542e+00   -3.6418099474e+01    2.0314199982e+04    5.3618444500e-01    9.9892744613e-01
        31   -3.5227327866e+01    1.2416477166e+03   -4.8237858152e+01    1.3010530286e+01   -9.4597624000e+00    3.8949897901e+00   -6.2549860680e+00   -3.6418099474e+01    2.0454427121e+04    5.1684452000e-01    9.9898218563e-01
        32   -3.5245338231e+01    1.2429666365e+03   -4.8229787120e+01    1.2984448889e+01   -9.5035570337e+00    3.9258680603e+00   -6.2339986724e+00   -3.6418099474e+01    2.0348968035e+04    5.5051082100e-01    9.9889769640e-01
        33   -3.5245879654e+01    1.2429389689e+03   -4.8320333743e+01    1.3074454089e+01   -9.4186021343e+00    3.7414029353e+00   -6.2250350701e+00   -3.6418099474e+01    2.0360307808e+04    5.6100523700e-01    9.9896320155e-01
        34   -3.5237872108e+01    1.2423633236e+03   -4.8262997285e+01    1.3025125177e+01   -9.3931149478e+00    3.7849022441e+00   -6.2366851070e+00   -3.6418099474e+01    2.0426036938e+04    5.2667863400e-01    9.9905232827e-01
        35   -3.5229972281e+01    1.2418394508e+03   -4.8149391846e+01    1.2919419565e+01   -9.4558417994e+00    3.9398233796e+00   -6.2152739523e+00   -3.6418099474e+01    2.0343201643e+04    5.3808245000e-01    9.9893264423e-01
        36   -3.5271103219e+01    1.2447684120e+03   -4.8207331929e+01    1.2936228709e+01   -9.4896935593e+00    3.9105527332e+00   -6.2100916283e+00   -3.6418099474e+01    2.0320921331e+04    5.1693275700e-01    9.9895743963e-01
        37   -3.5296076493e+01    1.2466511855e+03   -4.8276793390e+01    1.2980716897e+01   -9.5268136648e+00    3.8905953047e+00   -6.2224755553e+00   -3.6418099474e+01    2.0318049278e+04    5.1468230700e-01    9.9886035076e-01
        38   -3.5280986977e+01    1.2455585315e+03   -4.8320950080e+01    1.3039963103e+01   -9.5121255394e+00    3.8553276416e+00   -6.2460527077e+00   -3.6418099474e+01    2.0490854955e+04    5.2365660300e-01    9.9892768219e-01
        39   -3.5272437659e+01    1.2449791840e+03   -4.8368115995e+01    1.3095678336e+01   -9.5071279036e+00    3.7759651853e+00   -6.2188538022e+00   -3.6418099474e+01    2.0409032436e+04    5.5279739200e-01    9.9892878147e-01
        40   -3.5272052081e+01    1.2449099691e+03   -4.8386029861e+01    1.3113977780e+01   -9.4318432007e+00    3.6967736538e+00   -6.2328608395e+00   -3.6418099474e+01    2.0493219406e+04    5.1938991700e-01    9.9896978022e-01
        41   -3.5268390675e+01    1.2446303770e+03   -4.8397836976e+01    1.3129446301e+01   -9.4650072822e+00    3.7125661300e+00   -6.2272963497e+00   -3.6418099474e+01    2.0619899572e+04    5.6126347400e-01    9.9894504535e-01
        42   -3.5275460440e+01    1.2451662717e+03   -4.8357512846e+01    1.3082052406e+01   -9.5480284619e+00    3.8622113996e+00   -6.2535963092e+00   -3.6418099474e+01    2.0795606901e+04    5.8145236200e-01    9.9894023401e-01
        43   -3.5262794654e+01    1.2442025620e+03   -4.8302160319e+01    1.3039365665e+01   -9.6007099890e+00    3.9630523687e+00   -6.2464032247e+00   -3.6418099474e+01    2.0575156955e+04    5.2846746200e-01    9.9887682191e-01
        44   -3.5257781120e+01    1.2438431724e+03   -4.8325741096e+01    1.3067959976e+01   -9.6101543117e+00    3.9850690542e+00   -6.2825563644e+00   -3.6418099474e+01    2.0543896990e+04    5.4724792300e-01    9.9896901122e-01
        45   -3.5247605094e+01    1.2431264507e+03   -4.8372000342e+01    1.3124395248e+01   -9.6220780759e+00    3.9483617997e+00   -6.2801845914e+00   -3.6418099474e+01    2.0589911075e+04    5.4305926200e-01    9.9899054372e-01
        46   -3.5241135183e+01    1.2426564343e+03   -4.8297631122e+01    1.3056495938e+01   -9.6987227868e+00    4.0867548037e+00   -6.2675636644e+00   -3.6418099474e+01    2.0593430793e+04    5.5394282900e-01    9.9898211858e-01
        47   -3.5247846283e+01    1.2430952362e+03   -4.8386633007e+01    1.3138786724e+01   -9.6392561750e+00    3.9230533935e+00   -6.2523307516e+00   -3.6418099474e+01    2.0585012631e+04    5.3427582300e-01    9.9894866136e-01
        48   -3.5258724429e+01    1.2438964020e+03   -4.8392803027e+01    1.3134078598e+01   -9.6363447634e+00    3.9169179003e+00   -6.2552766902e+00   -3.6418099474e+01    2.0804117124e+04    5.8259869300e-01    9.9888076355e-01
        49   -3.5263469399e+01    1.2442456377e+03   -4.8338360554e+01    1.3074891156e+01   -9.5676340253e+00    3.9276423078e+00   -6.2802693625e+00   -3.6418099474e+01    2.0687748777e+04    5.9285923800e-01    9.9898314331e-01
        50   -3.5259089968e+01    1.2439106028e+03   -4.8304169254e+01    1.3045079286e+01   -9.5605265589e+00    3.9636533028e+00   -6.2891965239e+00   -3.6418099474e+01    2.0617307408e+04    5.6454776500e-01    9.9897097954e-01
        51   -3.5258176853e+01    1.2438345132e+03   -4.8291164957e+01    1.3032988104e+01   -9.6746400170e+00    4.0757653105e+00   -6.2741907762e+00   -3.6418099474e+01    2.0702603550e+04    5.8098546200e-01    9.9890285052e-01
        52   -3.5260526609e+01    1.2440525268e+03   -4.8315848956e+01    1.3055322347e+01   -9.6751437146e+00    4.0166550148e+00   -6.2392607824e+00   -3.6418099474e+01    2.0720580083e+04    5.8596193300e-01    9.9891753999e-01
        53   -3.5236940395e+01    1.2423980503e+03   -4.8261524168e+01    1.3024583772e+01   -9.7075698370e+00    4.0668110760e+00   -6.2026659328e+00   -3.6418099474e+01    2.0841073383e+04    5.8507850600e-01    9.9895154493e-01
        54   -3.5225599486e+01    1.2415934307e+03   -4.8307643232e+01    1.3082043746e+01   -9.6632924520e+00    3.9586710144e+00   -6.1849223207e+00   -3.6418099474e+01    2.0828567318e+04    5.6945697400e-01    9.9901274519e-01
        55   -3.5225887297e+01    1.2416396806e+03   -4.8305561474e+01    1.3079674177e+01   -9.6722790087e+00    3.9894690915e+00   -6.2046520826e+00   -3.6418099474e+01    2.0667218504e+04    5.5103361800e-01    9.9892722398e-01
        56   -3.5240116287e+01    1.2426186147e+03   -4.8221047992e+01    1.2980931705e+01   -9.6426230688e+00    4.0259000139e+00   -6.1862254631e+00   -3.6418099474e+01    2.0614255212e+04    5.5448828300e-01    9.9896410036e-01
        57   -3.5247679428e+01    1.2431266272e+03   -4.8331863959e+01    1.3084184531e+01   -9.5877786142e+00    3.8909666752e+00   -6.2169525464e+00   -3.6418099474e+01    2.0503629235e+04    5.4284421600e-01    9.9895316593e-01
        58   -3.5234420023e+01    1.2422127781e+03   -4.8410458601e+01    1.3176038578e+01   -9.5437637200e+00    3.7776910580e+00   -6.2262864648e+00   -3.6418099474e+01    2.0346659668e+04    5.2200229100e-01    9.9886089191e-01
        59   -3.5237479228e+01    1.2424105891e+03   -4.8355409173e+01    1.3117929945e+01   -9.5957511951e+00    3.8474101177e+00   -6.1889686212e+00   -3.6418099474e+01    2.0291680613e+04    5.4383976600e-01    9.9894750922e-01
        60   -3.5222429527e+01    1.2413423193e+03   -4.8394013728e+01    1.3171584201e+01   -9.6370027842e+00    3.8311278953e+00   -6.1700393652e+00   -3.6418099474e+01    2.0170180095e+04    5.3889420100e-01    9.9887219909e-01
        61   -3.5242294301e+01    1.2427315524e+03   -4.8409378462e+01    1.3167084161e+01   -9.6238067294e+00    3.8222551313e+00   -6.1897273898e+00   -3.6418099474e+01    2.0018179901e+04    5.1760774700e-01    9.9889725563e-01
        62   -3.5263742654e+01    1.2442277813e+03   -4.8316407212e+01    1.3052664558e+01   -9.6178125811e+00    3.9215523534e+00   -6.2020475100e+00   -3.6418099474e+01    1.9992299780e+04    5.1087377800e-01    9.9890626787e-01
        63   -3.5234361310e+01    1.2421648475e+03   -4.8307290500e+01    1.3072929190e+01   -9.6240542959e+00    3.9425087730e+00   -6.2076455034e+00   -3.6418099474e+01    2.0044130433e+04    5.2638201600e-01    9.9893259869e-01
        64   -3.5230061058e+01    1.2418615537e+03   -4.8370690683e+01    1.3140629625e+01   -9.6180075560e+00    3.8565297533e+00   -6.1911134061e+00   -3.6418099474e+01    2.0008131959e+04    5.2580510500e-01    9.9889502960e-01
        65   -3.5251111465e+01    1.2433224438e+03   -4.8383317036e+01    1.3132205571e+01   -9.6254827034e+00    3.8788895722e+00   -6.2186244309e+00   -3.6418099474e+01    1.9920014329e+04    5.1309331900e-01    9.9890062985e-01
        66   -3.5289341726e+01    1.2460656934e+03   -4.8326555201e+01    1.3037213475e+01   -9.6768083493e+00    3.9741887378e+00   -6.2058361150e+00   -3.6418099474e+01    2.0006052822e+04    5.5667044800e-01    9.9895677773e-01
        67   -3.5277347626e+01    1.2452155737e+03   -4.8259141019e+01    1.2981793393e+01   -9.7196404758e+00    4.0672944678e+00   -6.1886955369e+00   -3.6418099474e+01    2.0110791944e+04    5.1782311700e-01    9.9891441080e-01
        68   -3.5285820031e+01    1.2458013561e+03   -4.8285679455e+01    1.2999859424e+01   -9.6712627007e+00    4.0080541704e+00   -6.2043714507e+00   -3.6418099474e+01    2.0221281718e+04    5.1901971300e-01    9.9892738749e-01
        69   -3.5298202567e+01    1.2467474849e+03   -4.8250142985e+01    1.2951940418e+01   -9.7208393376e+00    4.0652756266e+00   -6.1764797997e+00   -3.6418099474e+01    2.0317553599e+04    5.5032936100e-01    9.9893944084e-01
        70   -3.5278000941e+01    1.2452537856e+03   -4.8340679620e+01    1.3062678678e+01   -9.6049981243e+00    3.8902780831e+00   -6.2078601042e+00   -3.6418099474e+01    2.0484281883e+04    5.2235662500e-01    9.9898322939e-01
        71   -3.5262352566e+01    1.2441362560e+03   -4.8252829947e+01    1.2990477381e+01   -9.6111094798e+00    3.9761377006e+00   -6.1997586935e+00   -3.6418099474e+01    2.0634477305e+04    5.5140642600e-01    9.9902375529e-01
        72   -3.5241729824e+01    1.2426784359e+03   -4.8381262094e+01    1.3139532270e+01   -9.6309073977e+00    3.8944359322e+00   -6.2266911546e+00   -3.6418099474e+01    2.0618850560e+04    5.5737586000e-01    9.9899552489e-01
        73   -3.5252029592e+01    1.2433985777e+03   -4.8411347009e+01    1.3159317417e+01   -9.6440000440e+00    3.8537511415e+00   -6.2029986327e+00   -3.6418099474e+01    2.0532739262e+04    5.2495080500e-01    9.9886767642e-01
        74   -3.5249893307e+01    1.2432465915e+03   -4.8325783102e+01    1.3075889795e+01   -9.6951015915e+00    3.9704181043e+00   -6.1830001408e+00   -3.6418099474e+01    2.0513906813e+04    5.2183029000e-01    9.9892930264e-01
        75   -3.5269061920e+01    1.2446321784e+03   -4.8351846358e+01    1.3082784437e+01   -9.6802563157e+00    3.9289989084e+00   -6.1824894760e+00   -3.6418099474e+01    2.0641175067e+04    5.6346390800e-01    9.9890810048e-01
        76   -3.5271259957e+01    1.2447914092e+03   -4.8367514030e+01    1.3096254072e+01   -9.5893016131e+00    3.8405227277e+00   -6.2006356702e+00   -3.6418099474e+01    2.0700285378e+04    5.7401599300e-01    9.9898886021e-01
        77   -3.5259021633e+01    1.2439543646e+03   -4.8288571477e+01    1.3029549843e+01   -9.6197823480e+00    3.9377731757e+00   -6.1884628302e+00   -3.6418099474e+01    2.0709705311e+04    5.9493121600e-01    9.9893943575e-01
        78   -3.5242618491e+01    1.2428141563e+03   -4.8320844192e+01    1.3078225701e+01   -9.6222337606e+00    3.9096193825e+00   -6.1901303397e+00   -3.6418099474e+01    2.0823286145e+04    5.9149633600e-01    9.9888371423e-01
        79   -3.5247565795e+01    1.2430988997e+03   -4.8258892284e+01    1.3011326489e+01   -9.6060551946e+00    3.9454127510e+00   -6.1801503666e+00   -3.6418099474e+01    2.0758348498e+04    5.7595073400e-01    9.9886124376e-01
        80   -3.5249898427e+01    1.2432833292e+03   -4.8176020359e+01    1.2926121932e+01   -9.6719824151e+00    4.1208199597e+00   -6.2067584298e+00   -3.6418099474e+01    2.0710525702e+04    5.7567940300e-01    9.9889475899e-01
        81   -3.5248227018e+01    1.2431685421e+03   -4.8229099584e+01    1.2980872566e+01   -9.7188429862e+00    4.1208593389e+00   -6.2130164625e+00   -3.6418099474e+01    2.0472501959e+04    5.6368945300e-01    9.9896553649e-01
        82   -3.5246341666e+01    1.2430061158e+03   -4.8355807963e+01    1.3109466297e+01   -9.6541261403e+00    3.9020323573e+00   -6.1856147055e+00   -3.6418099474e+01    2.0258295176e+04    5.1755673100e-01    9.9897918885e-01
        83   -3.5247911247e+01    1.2430862693e+03   -4.8437406815e+01    1.3189495568e+01   -9.6128395832e+00    3.7962910493e+00   -6.2027588071e+00   -3.6418099474e+01    2.0311442215e+04    5.5214038700e-01    9.9892734051e-01
        84   -3.5246635233e+01    1.2430087737e+03   -4.8332324810e+01    1.3085689577e+01   -9.6525754491e+00    3.9641006930e+00   -6.2257505800e+00   -3.6418099474e+01    2.0274269700e+04    5.6764243200e-01    9.9895356949e-01
        85   -3.5257909586e+01    1.2438145909e+03   -4.8283487055e+01    1.3025577469e+01   -9.6093901723e+00    3.9604770172e+00   -6.2164744259e+00   -3.6418099474e+01    2.0272285352e+04    5.1916693300e-01    9.9893398082e-01
        86   -3.5262674919e+01    1.2441841981e+03   -4.8356828669e+01    1.3094153750e+01   -9.5626849200e+00    3.8745586175e+00   -6.2506028921e+00   -3.6418099474e+01    2.0348068255e+04    5.2175601800e-01    9.9895546599e-01
        87   -3.5281270007e+01    1.2455059073e+03   -4.8413605952e+01    1.3132335945e+01   -9.5072294995e+00    3.7605439707e+00   -6.2488209492e+00   -3.6418099474e+01    2.0454792122e+04    5.5462750000e-01    9.9900793651e-01
        88   -3.5252697615e+01    1.2434633922e+03   -4.8350070505e+01    1.3097372890e+01   -9.5417486510e+00    3.8687599498e+00   -6.2589823298e+00   -3.6418099474e+01    2.0431145192e+04    5.2791855100e-01    9.9894587791e-01
        89   -3.5274125243e+01    1.2449770491e+03   -4.8298860911e+01    1.3024735668e+01   -9.5786422822e+00    3.9654244653e+00   -6.2675436203e+00   -3.6418099474e+01    2.0398395673e+04    5.4403363600e-01    9.9890543674e-01
        90   -3.5258243723e+01    1.2438776239e+03   -4.8288543363e+01    1.3030299639e+01   -9.5472823188e+00    3.9693134767e+00   -6.2924750467e+00   -3.6418099474e+01    2.0562864000e+04    5.2765885900e-01    9.9898564620e-01
        91   -3.5271422690e+01    1.2448270116e+03   -4.8345977642e+01    1.3074554952e+01   -9.5226486574e+00    3.8971340778e+00   -6.3023635881e+00   -3.6418099474e+01    2.0502913537e+04    5.6802888600e-01    9.9896336407e-01
        92   -3.5261019645e+01    1.2440541915e+03   -4.8390434488e+01    1.3129414843e+01   -9.5369148746e+00    3.8368533894e+00   -6.2722735282e+00   -3.6418099474e+01    2.0647330393e+04    5.6453987300e-01    9.9886354988e-01
        93   -3.5250969152e+01    1.2433141695e+03   -4.8347542730e+01    1.3096573578e+01   -9.5632655029e+00    3.9279251703e+00   -6.2941029233e+00   -3.6418099474e+01    2.0762719970e+04    5.9723463900e-01    9.9890612638e-01
        94   -3.5249499731e+01    1.2432259197e+03   -4.8341707800e+01    1.3092208069e+01   -9.5080298102e+00    3.8988512121e+00   -6.3144297282e+00   -3.6418099474e+01    2.0958795570e+04    5.7733037500e-01    9.9900509717e-01
        95   -3.5258582735e+01    1.2438679758e+03   -4.8357423603e+01    1.3098840867e+01   -9.4887309718e+00    3.8404699329e+00   -6.2910630896e+00   -3.6418099474e+01    2.1102399851e+04    5.8030895200e-01    9.9896615206e-01
        96   -3.5262672384e+01    1.2441367388e+03   -4.8499916980e+01    1.3237244596e+01   -9.4410141666e+00    3.6231551837e+00   -6.2639585234e+00   -3.6418099474e+01    2.1178473542e+04    5.7485477600e-01    9.9892771157e-01
        97   -3.5244254295e+01    1.2428085363e+03   -4.8457970674e+01    1.3213716379e+01   -9.5059443978e+00    3.7374742334e+00   -6.2714010352e+00   -3.6418099474e+01    2.1165678579e+04    5.9252287100e-01    9.9893568932e-01
        98   -3.5272805491e+01    1.2448228799e+03   -4.8434164661e+01    1.3161359170e+01   -9.5557008844e+00    3.8251778244e+00   -6.2855421266e+00   -3.6418099474e+01    2.1254456081e+04    5.7204309700e-01    9.9897853581e-01
        99   -3.5269253265e+01    1.2446184263e+03   -4.8536473037e+01    1.3267219772e+01   -9.5840363374e+00    3.7427537115e+00   -6.2770909367e+00   -3.6418099474e+01    2.1353992749e+04    5.7090485600e-01    9.9894825199e-01
       100   -3.5263455227e+01    1.2442131758e+03   -4.8401621430e+01    1.3138166203e+01   -9.6061603070e+00    3.8686506934e+00   -6.2460123426e+00   -3.6418099474e+01    2.1508163966e+04    5.8383850700e-01    9.9895924628e-01
       101   -3.5268790229e+01    1.2445936066e+03   -4.8348002720e+01    1.3079212491e+01   -9.6263104683e+00    3.9132662855e+00   -6.2168590630e+00   -3.6418099474e+01    2.1396274793e+04    5.7800095200e-01    9.9900042720e-01
       102   -3.5263154687e+01    1.2441452945e+03   -4.8387841673e+01    1.3124686987e+01   -9.6154677907e+00    3.8661356009e+00   -6.2204100091e+00   -3.6418099474e+01    2.1170407529e+04    5.9043632100e-01    9.9903356384e-01
       103   -3.5244521964e+01    1.2428799190e+03   -4.8467458360e+01    1.3222936396e+01   -9.6484063958e+00    3.8388211286e+00   -6.2397736189e+00   -3.6418099474e+01    2.1143492932e+04    5.7693838300e-01    9.9893627080e-01
       104   -3.5269129225e+01    1.2447566463e+03   -4.8492671887e+01    1.3223542662e+01   -9.6995179163e+00    3.8577179384e+00   -6.2327724351e+00   -3.6418099474e+01    2.0977551396e+04    5.9274893400e-01    9.9900755822e-01
       105   -3.5267198644e+01    1.2445017583e+03   -4.8550844935e+01    1.3283646292e+01   -9.6679213776e+00    3.7603976934e+00   -6.2252217769e+00   -3.6418099474e+01    2.0886971435e+04    5.7140089400e-01    9.9893137550e-01
       106   -3.5255218919e+01    1.2436049342e+03   -4.8458849173e+01    1.3203630254e+01   -9.6697112028e+00    3.8742051927e+00   -6.2452436887e+00   -3.6418099474e+01    2.0959948866e+04    5.7821881000e-01    9.9894547115e-01
       107   -3.5265327554e+01    1.2443441383e+03   -4.8383419430e+01    1.3118091876e+01   -9.6715528754e+00    3.9132127464e+00   -6.2069798264e+00   -3.6418099474e+01    2.0900233969e+04    5.7523896100e-01    9.9895601241e-01
       108   -3.5263747176e+01    1.2442458509e+03   -4.8317248505e+01    1.3053501329e+01   -9.7014563810e+00    4.0025376530e+00   -6.2002303030e+00   -3.6418099474e+01    2.0762417165e+04    5.7714056600e-01    9.9895074342e-01
       109   -3.5268078738e+01    1.2445229613e+03   -4.8347238263e+01    1.3079159525e+01   -9.6230378744e+00    3.8813972492e+00   -6.1874981639e+00   -3.6418099474e+01    2.0660384357e+04    5.8005592200e-01    9.9892471631e-01
       110   -3.5244882913e+01    1.2428859584e+03   -4.8385241015e+01    1.3140358101e+01   -9.5408960595e+00    3.7784353137e+00   -6.2046807948e+00   -3.6418099474e+01    2.0752958406e+04    5.7940649600e-01    9.9898141075e-01
       111   -3.5255060030e+01    1.2436436294e+03   -4.8437576791e+01    1.3182516761e+01   -9.5475780180e+00    3.7364886394e+00   -6.2083879380e+00   -3.6418099474e+01    2.0841795479e+04    6.0183393400e-01    9.9896686427e-01
       112   -3.5262370206e+01    1.2441071762e+03   -4.8429719216e+01    1.3167349010e+01   -9.6162338351e+00    3.8313782764e+00   -6.2267641833e+00   -3.6418099474e+01    2.0761118001e+04    6.0718264400e-01    9.9895929376e-01
       113   -3.5272668002e+01    1.2448628783e+03   -4.8420507521e+01    1.3147839518e+01   -9.6697107392e+00    3.9100565231e+00   -6.2427538306e+00   -3.6418099474e+01    2.0711902996e+04    5.8551066300e-01    9.9901876250e-01
       114   -3.5267892272e+01    1.2445266285e+03   -4.8374845556e+01    1.3106953284e+01   -9.6935233966e+00    3.9770212981e+00   -6.2402439834e+00   -3.6418099474e+01    2.0752438570e+04    5.7916806800e-01    9.9895707126e-01
       115   -3.5249814675e+01    1.2432540276e+03   -4.8458094923e+01    1.3208280248e+01   -9.6570016986e+00    3.8291554907e+00   -6.2121492414e+00   -3.6418099474e+01    2.0731626140e+04    5.9868668200e-01    9.9898721968e-01
       116   -3.5253742262e+01    1.2435237851e+03   -4.8418352705e+01    1.3164610443e+01   -9.6316042619e+00    3.8350305580e+00   -6.2036795265e+00   -3.6418099474e+01    2.0615708730e+04    5.6329442600e-01    9.9882725074e-01
       117   -3.5249628871e+01    1.2432254417e+03   -4.8434911997e+01    1.3185283126e+01   -9.6518085287e+00    3.8447835182e+00   -6.2097875123e+00   -3.6418099474e+01    2.0617874400e+04    5.5065702600e-01    9.9892614660e-01
       118   -3.5244098567e+01    1.2428155295e+03   -4.8542267128e+01    1.3298168562e+01   -9.6176929395e+00    3.7087019738e+00   -6.2151766886e+00   -3.6418099474e+01    2.0720215302e+04    5.7816280500e-01    9.9896600215e-01
       119   -3.5245919050e+01    1.2429911219e+03   -4.8477849246e+01    1.3231930196e+01   -9.6174117451e+00    3.7754606956e+00   -6.2177987227e+00   -3.6418099474e+01    2.0776487268e+04    5.8276266000e-01    9.9896196388e-01
       120   -3.5247799055e+01    1.2431236647e+03   -4.8406186420e+01    1.3158387364e+01   -9.5959840128e+00    3.8371063426e+00   -6.2292092753e+00   -3.6418099474e+01    2.0884963354e+04    5.7589565100e-01    9.9892292963e-01
       121   -3.5265030842e+01    1.2443188150e+03   -4.8416700188e+01    1.3151669346e+01   -9.6200054792e+00    3.8379216823e+00   -6.2165169168e+00   -3.6418099474e+01    2.0996313433e+04    6.2690177500e-01    9.9898124400e-01
       122   -3.5249454882e+01    1.2432433954e+03   -4.8416241613e+01    1.3166786731e+01   -9.6293128123e+00    3.8211195527e+00   -6.1899488788e+00   -3.6418099474e+01    2.1074437393e+04    5.9672656200e-01    9.9889202871e-01
       123   -3.5234187677e+01    1.2421602916e+03   -4.8367302657e+01    1.3133114981e+01   -9.5553278053e+00    3.8087924039e+00   -6.2026677817e+00   -3.6418099474e+01    2.1099205170e+04    5.9386870800e-01    9.9895102292e-01
       124   -3.5242234661e+01    1.2427129315e+03   -4.8408363673e+01    1.3166129011e+01   -9.4785004765e+00    3.7290148668e+00   -6.2407785888e+00   -3.6418099474e+01    2.0874345621e+04    5.9141565900e-01    9.9894641061e-01
       125   -3.5246752437e+01    1.2429978426e+03   -4.8348940522e+01    1.3102188085e+01   -9.5205103151e+00    3.8077516734e+00   -6.2180824061e+00   -3.6418099474e+01    2.0892708672e+04    5.7033312300e-01    9.9900879100e-01
       126   -3.5223915710e+01    1.2414433782e+03   -4.8207188122e+01    1.2983272412e+01   -9.6384026199e+00    4.0369639525e+00   -6.1876499799e+00   -3.6418099474e+01    2.0948597850e+04    5.6814347100e-01    9.9891965947e-01
       127   -3.5230516382e+01    1.2419064501e+03   -4.8304658786e+01    1.3074142404e+01   -9.6739763337e+00    3.9981576640e+00   -6.2107406421e+00   -3.6418099474e+01    2.0791995053e+04    5.6876788200e-01    9.9893887363e-01
       128   -3.5259306043e+01    1.2439232120e+03   -4.8359874086e+01    1.3100568043e+01   -9.6342344797e+00    3.9188947509e+00   -6.2264348831e+00   -3.6418099474e+01    2.0764596113e+04    6.0077020900e-01    9.9898701174e-01
       129   -3.5259506054e+01    1.2439146982e+03   -4.8405404627e+01    1.3145898572e+01   -9.6625712126e+00    3.9122515471e+00   -6.2369854871e+00   -3.6418099474e+01    2.0516661853e+04    5.4649527700e-01    9.9899207587e-01
       130   -3.5262337018e+01    1.2441285538e+03   -4.8476964575e+01    1.3214627557e+01   -9.6877318320e+00    3.8775550542e+00   -6.2486883230e+00   -3.6418099474e+01    2.0294657663e+04    5.3983514700e-01    9.9898617966e-01
       131   -3.5252748508e+01    1.2434319102e+03   -4.8340544819e+01    1.3087796311e+01   -9.6350225994e+00    3.9628539382e+00   -6.2502766835e+00   -3.6418099474e+01    2.0346741668e+04    5.3320668500e-01    9.9902749008e-01
       132   -3.5275645878e+01    1.2450973197e+03   -4.8271658604e+01    1.2996012726e+01   -9.6390456884e+00    4.0015751083e+00   -6.2160885496e+00   -3.6418099474e+01    2.0497479150e+04    5.5512010600e-01    9.9891774892e-01
       133   -3.5264416507e+01    1.2442805292e+03   -4.8235370030e+01    1.2970953522e+01   -9.6814006250e+00    4.0801895332e+00   -6.2160594638e+00   -3.6418099474e+01    2.0699717516e+04    5.6707658700e-01    9.9892506884e-01
       134   -3.5245059446e+01    1.2428991408e+03   -4.8272531502e+01    1.3027472056e+01   -9.6155480467e+00    3.9951111664e+00   -6.2339951472e+00   -3.6418099474e+01    2.0703214323e+04    5.6385352500e-01    9.9894618107e-01
       135   -3.5229297317e+01    1.2417758548e+03   -4.8380434160e+01    1.3151136842e+01   -9.5955497417e+00    3.8658203858e+00   -6.2326053296e+00   -3.6418099474e+01    2.0550499934e+04    5.2921840800e-01    9.9887241820e-01
       136   -3.5227521992e+01    1.2417050967e+03   -4.8428105253e+01    1.3200583261e+01   -9.5893873095e+00    3.7823376502e+00   -6.2029561191e+00   -3.6418099474e+01    2.0560180802e+04    5.5432634900e-01    9.9897021436e-01
       137   -3.5231904406e+01    1.2420126736e+03   -4.8345121305e+01    1.3113216899e+01   -9.6218456708e+00    3.8516526785e+00   -6.1568288384e+00   -3.6418099474e+01    2.0574439138e+04    5.5621213500e-01    9.9896744412e-01
       138   -3.5243646277e+01    1.2428475621e+03   -4.8288514167e+01    1.3044867889e+01   -9.6361660986e+00    3.9494420635e+00   -6.1836906575e+00   -3.6418099474e+01    2.0581134275e+04    5.5397697200e-01    9.9883925101e-01
       139   -3.5247183060e+01    1.2430766424e+03   -4.8317514606e+01    1.3070331546e+01   -9.5876089706e+00    3.8824584019e+00   -6.1942645629e+00   -3.6418099474e+01    2.0693110328e+04    6.2050143100e-01    9.9895942625e-01
       140   -3.5249036962e+01    1.2432532861e+03   -4.8308826602e+01    1.3059789640e+01   -9.5604300004e+00    3.8470652872e+00   -6.1773624144e+00   -3.6418099474e+01    2.0788472775e+04    5.9376058600e-01    9.9897968999e-01
       141   -3.5250430973e+01    1.2433627913e+03   -4.8220760115e+01    1.2970329142e+01   -9.6053651973e+00    3.9786754812e+00   -6.1759709248e+00   -3.6418099474e+01    2.0852715546e+04    5.7713406300e-01    9.9902225358e-01
       142   -3.5259686330e+01    1.2440116712e+03   -4.8285670412e+01    1.3025984081e+01   -9.5242923733e+00    3.8736681914e+00   -6.2169467555e+00   -3.6418099474e+01    2.0900365480e+04    5.7793480800e-01    9.9898510808e-01
       143   -3.5255144106e+01    1.2436430465e+03   -4.8335742442e+01    1.3080598335e+01   -9.4674655714e+00    3.7844052817e+00   -6.2345826777e+00   -3.6418099474e+01    2.0898622230e+04    5.8128970400e-01    9.9898505953e-01
       144   -3.5262446333e+01    1.2441716904e+03   -4.8285168702e+01    1.3022722370e+01   -9.4745586871e+00    3.8415946002e+00   -6.2341051413e+00   -3.6418099474e+01    2.0817431038e+04    5.7248843500e-01    9.9897586682e-01
       145   -3.5259444970e+01    1.2439820988e+03   -4.8269565937e+01    1.3010120966e+01   -9.4948768112e+00    3.8697520600e+00   -6.2263417113e+00   -3.6418099474e+01    2.0815394295e+04    5.8163609400e-01    9.9893630892e-01
       146   -3.5269695911e+01    1.2446995928e+03   -4.8237631138e+01    1.2967935227e+01   -9.5332043540e+00    3.9396734975e+00   -6.2260008076e+00   -3.6418099474e+01    2.0902267313e+04    5.7601333000e-01    9.9896289665e-01
       147   -3.5275470786e+01    1.2450776741e+03   -4.8230549784e+01    1.2955078999e+01   -9.5828303704e+00    4.0142629426e+00   -6.2438828822e+00   -3.6418099474e+01    2.1019507342e+04    6.3981914000e-01    9.9893468805e-01
       148   -3.5264846036e+01    1.2443374945e+03   -4.8278803475e+01    1.3013957439e+01   -9.5196786438e+00    3.9071437165e+00   -6.2481690737e+00   -3.6418099474e+01    2.0934990837e+04    6.2728140500e-01    9.9889976051e-01
       149   -3.5264916827e+01    1.2443163855e+03   -4.8248139497e+01    1.2983222670e+01   -9.5941839969e+00    3.9990312740e+00   -6.2348873001e+00   -3.6418099474e+01    2.0821000690e+04    5.7569528800e-01    9.9892112738e-01
       150   -3.5247636025e+01    1.2430940305e+03   -4.8264916133e+01    1.3017280108e+01   -9.5891442995e+00    3.9542065808e+00   -6.2118789397e+00   -3.6418099474e+01    2.0817497473e+04    5.7845593000e-01    9.9891083607e-01
       151   -3.5250002683e+01    1.2433008981e+03   -4.8299564334e+01    1.3049561651e+01   -9.6797890903e+00    3.9977540354e+00   -6.1994298051e+00   -3.6418099474e+01    2.0839167084e+04    5.9166573800e-01    9.9890679296e-01
       152   -3.5250416657e+01    1.2432899253e+03   -4.8319055451e+01    1.3068638795e+01   -9.7057959792e+00    4.0308511759e+00   -6.2260111740e+00   -3.6418099474e+01    2.0850764760e+04    5.8309661600e-01    9.9899647224e-01
       153   -3.5257644468e+01    1.2437932835e+03   -4.8249724922e+01    1.2992080454e+01   -9.7208757080e+00    4.1044377034e+00   -6.2151874433e+00   -3.6418099474e+01    2.0926524999e+04    5.8307684000e-01    9.9888403522e-01
       154   -3.5257436173e+01    1.2438044419e+03   -4.8255412124e+01    1.2997975951e+01   -9.6296685205e+00    4.0175711279e+00   -6.2252152570e+00   -3.6418099474e+01    2.0896013675e+04    5.8117671500e-01    9.9895073585e-01
       155   -3.5255971259e+01    1.2436728973e+03   -4.8238838014e+01    1.2982866755e+01   -9.5610773755e+00    3.9918524263e+00   -6.2515135907e+00   -3.6418099474e+01    2.0876525775e+04    5.7683613600e-01    9.9890701970e-01
       156   -3.5265008307e+01    1.2443262325e+03   -4.8270825835e+01    1.3005817527e+01   -9.5856881142e+00    3.9789849026e+00   -6.2460231488e+00   -3.6418099474e+01    2.0821791204e+04    6.1441446400e-01    9.9885085860e-01
       157   -3.5275060298e+01    1.2450713716e+03   -4.8361208401e+01    1.3086148103e+01   -9.5651840240e+00    3.8746326199e+00   -6.2525575223e+00   -3.6418099474e+01    2.0748817034e+04    5.7199607400e-01    9.9891894869e-01
       158   -3.5278555856e+01    1.2452782882e+03   -4.8288798447e+01    1.3010242591e+01   -9.5395073076e+00    3.9510094936e+00   -6.2822011589e+00   -3.6418099474e+01    2.0889389124e+04    5.6798332300e-01    9.9893650490e-01
       159   -3.5268153061e+01    1.2445461991e+03   -4.8286942652e+01    1.3018789591e+01   -9.5941338410e+00    3.9972682741e+00   -6.2719776109e+00   -3.6418099474e+01    2.1031575911e+04    5.6796904500e-01    9.9887427159e-01
       160   -3.5255069595e+01    1.2436307815e+03   -4.8394900666e+01    1.3139831071e+01   -9.5908678408e+00    3.8762530837e+00   -6.2621864347e+00   -3.6418099474e+01    2.0998184189e+04    5.8780270700e-01    9.9893892709e-01
       161   -3.5267672664e+01    1.2445559310e+03   -4.8321706116e+01    1.3054033452e+01   -9.6271736039e+00    3.9147616139e+00   -6.1911946514e+00   -3.6418099474e+01    2.1098518707e+04    5.6990731400e-01    9.9896082971e-01
       162   -3.5277973497e+01    1.2453064148e+03   -4.8433224374e+01    1.3155250878e+01   -9.6163811537e+00    3.7981060518e+00   -6.1968497984e+00   -3.6418099474e+01    2.1054322122e+04    5.7360190600e-01    9.9889574923e-01
       163   -3.5261583140e+01    1.2441810792e+03   -4.8389230773e+01    1.3127647633e+01   -9.6510133907e+00    3.9128539878e+00   -6.2329718961e+00   -3.6418099474e+01    2.0961799204e+04    5.6865139300e-01    9.9893530033e-01
       164   -3.5257977336e+01    1.2439004249e+03   -4.8296512005e+01    1.3038534669e+01   -9.6836907354e+00    4.0782980223e+00   -6.2730198176e+00   -3.6418099474e+01    2.0970942410e+04    5.7351344100e-01    9.9894261876e-01
       165   -3.5255604857e+01    1.2437200773e+03   -4.8198379226e+01    1.2942774369e+01   -9.6773141326e+00    4.1433221409e+00   -6.2462877597e+00   -3.6418099474e+01    2.0928866763e+04    5.7505898900e-01    9.9892343600e-01
       166   -3.5250389902e+01    1.2433812585e+03   -4.8353929807e+01    1.3103539906e+01   -9.6047667903e+00    3.9259039619e+00   -6.2569675048e+00   -3.6418099474e+01    2.0846449990e+04    5.7371939800e-01    9.9890036107e-01
       167   -3.5264715033e+01    1.2444158299e+03   -4.8345300780e+01    1.3080585747e+01   -9.6564205326e+00    3.9690915431e+00   -6.2398723164e+00   -3.6418099474e+01    2.0854781175e+04    5.8800984800e-01    9.9896574634e-01
       168   -3.5248137726e+01    1.2431780281e+03   -4.8276160573e+01    1.3028022846e+01   -9.6610035575e+00    4.0479510509e+00   -6.2450085918e+00   -3.6418099474e+01    2.0756937075e+04    5.7783726100e-01    9.9895752338e-01
       169   -3.5252485128e+01    1.2434669903e+03   -4.8233817065e+01    1.2981331938e+01   -9.5908562653e+00    4.0098106364e+00   -6.2346719624e+00   -3.6418099474e+01    2.0624244080e+04    5.4957451400e-01    9.9892992201e-01
       170   -3.5253169662e+01    1.2435252673e+03   -4.8273918472e+01    1.3020748810e+01   -9.5381284752e+00    3.9314129357e+00   -6.2491034580e+00   -3.6418099474e+01    2.0598596676e+04    5.3543786300e-01    9.9897191401e-01
       171   -3.5252017078e+01    1.2434422185e+03   -4.8244198736e+01    1.2992181658e+01   -9.5364661997e+00    3.9389104372e+00   -6.2285434995e+00   -3.6418099474e+01    2.0569915698e+04    5.8042108800e-01    9.9893226942e-01
       172   -3.5269491786e+01    1.2446483138e+03   -4.8342815041e+01    1.3073323255e+01   -9.5345461906e+00    3.8264191192e+00   -6.2165884953e+00   -3.6418099474e+01    2.0779441776e+04    5.7281438100e-01    9.9897217658e-01
       173   -3.5242630622e+01    1.2427454648e+03   -4.8396664484e+01    1.3154033861e+01   -9.5356459149e+00    3.7835036615e+00   -6.2264227560e+00   -3.6418099474e+01    2.0918665885e+04    6.0019878100e-01    9.9898446834e-01
       174   -3.5225683598e+01    1.2415536466e+03   -4.8306455180e+01    1.3080771582e+01   -9.5304860056e+00    3.8410222267e+00   -6.1988919272e+00   -3.6418099474e+01    2.0925661654e+04    5.8617645200e-01    9.9898670779e-01
       175   -3.5243920563e+01    1.2428040700e+03   -4.8320080021e+01    1.3076159459e+01   -9.4722545130e+00    3.7780157527e+00   -6.2077417866e+00   -3.6418099474e+01    2.0976796645e+04    6.1818999000e-01    9.9891413866e-01
       176   -3.5244920910e+01    1.2429179360e+03   -4.8381077848e+01    1.3136156939e+01   -9.5292745379e+00    3.7987078027e+00   -6.2324116389e+00   -3.6418099474e+01    2.0993185434e+04    5.9694223400e-01    9.9896938776e-01
       177   -3.5246859158e+01    1.2430726801e+03   -4.8339522507e+01    1.3092663349e+01   -9.5798985182e+00    3.8771093093e+00   -6.2186338235e+00   -3.6418099474e+01    2.1028263854e+04    5.7167592200e-01    9.9902203810e-01
       178   -3.5258935600e+01    1.2439159239e+03   -4.8283931484e+01    1.3024995883e+01   -9.6248298134e+00    3.9714355765e+00   -6.2124377727e+00   -3.6418099474e+01    2.0960978890e+04    5.6853617900e-01    9.9896426016e-01
       179   -3.5269587540e+01    1.2446879336e+03   -4.8304944077e+01    1.3035356538e+01   -9.6227314737e+00    3.9402392624e+00   -6.2043523919e+00   -3.6418099474e+01    2.0983505737e+04    5.6927413500e-01    9.9901970795e-01
       180   -3.5252574252e+01    1.2434195837e+03   -4.8393421730e+01    1.3140847478e+01   -9.5771297563e+00    3.8327310302e+00   -6.2309235297e+00   -3.6418099474e+01    2.0880489840e+04    5.7073127000e-01    9.9896542289e-01
       181   -3.5251352297e+01    1.2433688352e+03   -4.8391604426e+01    1.3140252129e+01   -9.6795719286e+00    3.9307502965e+00   -6.2246833199e+00   -3.6418099474e+01    2.0903551740e+04    6.0048052800e-01    9.9895802017e-01
       182   -3.5253761163e+01    1.2435466490e+03   -4.8409057973e+01    1.3155296810e+01   -9.6768150331e+00    3.9039178773e+00   -6.2180613427e+00   -3.6418099474e+01    2.0860125948e+04    5.7500166800e-01    9.9895753451e-01
       183   -3.5262074929e+01    1.2441034100e+03   -4.8299800126e+01    1.3037725197e+01   -9.6390883925e+00    3.9524412024e+00   -6.1950534613e+00   -3.6418099474e+01    2.0824233404e+04    5.7688536900e-01    9.9893162393e-01
       184   -3.5259712182e+01    1.2439334264e+03   -4.8342771524e+01    1.3083059341e+01   -9.5785602259e+00    3.8756811544e+00   -6.2217929780e+00   -3.6418099474e+01    2.0802223121e+04    5.7308836300e-01    9.9899229544e-01
       185   -3.5258297284e+01    1.2438607487e+03   -4.8410163620e+01    1.3151866337e+01   -9.5955965807e+00    3.8341884127e+00   -6.2306559781e+00   -3.6418099474e+01    2.0855354340e+04    5.7329480100e-01    9.9892127721e-01
       186   -3.5252181862e+01    1.2434061464e+03   -4.8459413997e+01    1.3207232135e+01   -9.6190168037e+00    3.7906511050e+00   -6.2129488242e+00   -3.6418099474e+01    2.0787575946e+04    5.7068484800e-01    9.9897620536e-01
       187   -3.5266508401e+01    1.2444329153e+03   -4.8469826454e+01    1.3203318053e+01   -9.5707103318e+00    3.7443152831e+00   -6.2253319308e+00   -3.6418099474e+01    2.0771714425e+04    5.6449095200e-01    9.9899246238e-01
       188   -3.5269971173e+01    1.2446505589e+03   -4.8372111864e+01    1.3102140692e+01   -9.6361836074e+00    3.9254814100e+00   -6.2433101928e+00   -3.6418099474e+01    2.0680354540e+04    5.9610068300e-01    9.9893093753e-01
       189   -3.5248991408e+01    1.2432184773e+03   -4.8403091762e+01    1.3154100354e+01   -9.6750046397e+00    3.9362362273e+00   -6.2462238752e+00   -3.6418099474e+01    2.0511633792e+04    5.2454888500e-01    9.9886134925e-01
       190   -3.5259490118e+01    1.2439383668e+03   -4.8444470321e+01    1.3184980202e+01   -9.6189383017e+00    3.8304654317e+00   -6.2378979763e+00   -3.6418099474e+01    2.0413907196e+04    5.2218547700e-01    9.9893445032e-01
       191   -3.5260855877e+01    1.2440434330e+03   -4.8518248905e+01    1.3257393028e+01   -9.6049228894e+00    3.7365237830e+00   -6.2317503241e+00   -3.6418099474e+01    2.0324014833e+04    5.4287185600e-01    9.9892616364e-01
       192   -3.5259113908e+01    1.2439174811e+03   -4.8472114773e+01    1.3213000865e+01   -9.6316258613e+00    3.8011441716e+00   -6.2235336090e+00   -3.6418099474e+01    2.0374160838e+04    5.3438149900e-01    9.9895514852e-01
       193   -3.5258398460e+01    1.2438780300e+03   -4.8403052248e+01    1.3144653788e+01   -9.6371565936e+00    3.8615161258e+00   -6.2093123058e+00   -3.6418099474e+01    2.0411787428e+04    5.4480916800e-01    9.9897634213e-01
       194   -3.5255357082e+01    1.2436423832e+03   -4.8413275475e+01    1.3157918394e+01   -9.6774850445e+00    3.8976645506e+00   -6.2153555072e+00   -3.6418099474e+01    2.0390173998e+04    5.3568144700e-01    9.9891923516e-01
       195   -3.5267552825e+01    1.2445141462e+03   -4.8516734725e+01    1.3249181900e+01   -9.5934861231e+00    3.7024826041e+00   -6.2076317319e+00   -3.6418099474e+01    2.0428387223e+04    5.1839345200e-01    9.9885469488e-01
       196   -3.5271776585e+01    1.2448389751e+03   -4.8437555288e+01    1.3165778703e+01   -9.5737729322e+00    3.7500043537e+00   -6.1956872356e+00   -3.6418099474e+01    2.0335694696e+04    5.4169037600e-01    9.9891263869e-01
       197   -3.5284282173e+01    1.2457125453e+03   -4.8390712277e+01    1.3106430104e+01   -9.5900431198e+00    3.8150096099e+00   -6.1975792931e+00   -3.6418099474e+01    2.0482759487e+04    5.3314595200e-01    9.9895347864e-01
       198   -3.5281666782e+01    1.2455462511e+03   -4.8372308022e+01    1.3090641240e+01   -9.6436134352e+00    3.8687995214e+00   -6.1793946339e+00   -3.6418099474e+01    2.0710427868e+04    5.6840721000e-01    9.9897205224e-01
       199   -3.5288662667e+01    1.2460707825e+03   -4.8376900475e+01    1.3088237808e+01   -9.6706146705e+00    3.9065812959e+00   -6.1947676262e+00   -3.6418099474e+01    2.0887313928e+04    5.8298464600e-01    9.9901496703e-01
