#  Band    State   TwistIndex BandIndex Energy      Kx      Ky      Kz      K1      K2      K3    KmK 
       0        0        5        0    -0.278411  0.0997  0.0575  0.0143  0.1316  0.0000 -0.0000      1
       1        1        5        1    -0.254726  0.0997  0.0575  0.0143  0.1316  0.0000 -0.0000      1
       2        2        5        2    -0.209981  0.0997  0.0575  0.0143  0.1316  0.0000 -0.0000      1
       3        3        5        3    -0.131227  0.0997  0.0575  0.0143  0.1316  0.0000 -0.0000      1
       4        4        5        4    -0.114129  0.0997  0.0575  0.0143  0.1316  0.0000 -0.0000      1
       5        5        5        5     0.097744  0.0997  0.0575  0.0143  0.1316  0.0000 -0.0000      1
       6        6        5        6     0.101684  0.0997  0.0575  0.0143  0.1316  0.0000 -0.0000      1
       7        7        5        7     0.125890  0.0997  0.0575  0.0143  0.1316  0.0000 -0.0000      1
       8        8        5        8     0.129548  0.0997  0.0575  0.0143  0.1316  0.0000 -0.0000      1
       9        9        5        9     0.150408  0.0997  0.0575  0.0143  0.1316  0.0000 -0.0000      1
      10       10        5       10     0.162116  0.0997  0.0575  0.0143  0.1316  0.0000 -0.0000      1
      11       11        5       11     0.169907  0.0997  0.0575  0.0143  0.1316  0.0000 -0.0000      1
      12       12        5       12     0.174684  0.0997  0.0575  0.0143  0.1316  0.0000 -0.0000      1
      13       13        5       13     0.183520  0.0997  0.0575  0.0143  0.1316  0.0000 -0.0000      1
      14       14        5       14     0.255248  0.0997  0.0575  0.0143  0.1316  0.0000 -0.0000      1
      15       15        5       15     0.261526  0.0997  0.0575  0.0143  0.1316  0.0000 -0.0000      1
      16       16        5       16     0.262899  0.0997  0.0575  0.0143  0.1316  0.0000 -0.0000      1
      17       17        5       17     0.280831  0.0997  0.0575  0.0143  0.1316  0.0000 -0.0000      1
      18       18        5       18     0.286958  0.0997  0.0575  0.0143  0.1316  0.0000 -0.0000      1
      19       19        5       19     0.304508  0.0997  0.0575  0.0143  0.1316  0.0000 -0.0000      1
      20       20        5       20     0.388581  0.0997  0.0575  0.0143  0.1316  0.0000 -0.0000      1
      21       21        5       21     0.409510  0.0997  0.0575  0.0143  0.1316  0.0000 -0.0000      1
      22       22        5       22     0.452210  0.0997  0.0575  0.0143  0.1316  0.0000 -0.0000      1
      23       23        5       23     0.453167  0.0997  0.0575  0.0143  0.1316  0.0000 -0.0000      1
      24       24        5       24     0.471083  0.0997  0.0575  0.0143  0.1316  0.0000 -0.0000      1
      25       25        5       25     0.481600  0.0997  0.0575  0.0143  0.1316  0.0000 -0.0000      1
      26       26        5       26     0.491319  0.0997  0.0575  0.0143  0.1316  0.0000 -0.0000      1
      27       27        5       27     0.494394  0.0997  0.0575  0.0143  0.1316  0.0000 -0.0000      1
      28       28        5       28     0.527873  0.0997  0.0575  0.0143  0.1316  0.0000 -0.0000      1
      29       29        5       29     0.539698  0.0997  0.0575  0.0143  0.1316  0.0000 -0.0000      1
      30       30        5       30     0.551422  0.0997  0.0575  0.0143  0.1316  0.0000 -0.0000      1
      31       31        5       31     0.560926  0.0997  0.0575  0.0143  0.1316  0.0000 -0.0000      1
      32       32        5       32     0.572400  0.0997  0.0575  0.0143  0.1316  0.0000 -0.0000      1
      33       33        5       33     0.577519  0.0997  0.0575  0.0143  0.1316  0.0000 -0.0000      1
      34       34        5       34     0.585362  0.0997  0.0575  0.0143  0.1316  0.0000 -0.0000      1
      35       35        5       35     0.618260  0.0997  0.0575  0.0143  0.1316  0.0000 -0.0000      1
      36       36        5       36     0.621930  0.0997  0.0575  0.0143  0.1316  0.0000 -0.0000      1
      37       37        5       37     0.646546  0.0997  0.0575  0.0143  0.1316  0.0000 -0.0000      1
      38       38        5       38     0.656690  0.0997  0.0575  0.0143  0.1316  0.0000 -0.0000      1
      39       39        5       39     0.706318  0.0997  0.0575  0.0143  0.1316  0.0000 -0.0000      1
      40       40        5       40     0.744123  0.0997  0.0575  0.0143  0.1316  0.0000 -0.0000      1
      41       41        5       41     0.761560  0.0997  0.0575  0.0143  0.1316  0.0000 -0.0000      1
      42       42        5       42     0.776576  0.0997  0.0575  0.0143  0.1316  0.0000 -0.0000      1
      43       43        5       43     0.789675  0.0997  0.0575  0.0143  0.1316  0.0000 -0.0000      1
      44       44        5       44     0.819941  0.0997  0.0575  0.0143  0.1316  0.0000 -0.0000      1
      45       45        5       45     0.850101  0.0997  0.0575  0.0143  0.1316  0.0000 -0.0000      1
      46       46        5       46     0.852478  0.0997  0.0575  0.0143  0.1316  0.0000 -0.0000      1
      47       47        5       47     0.857187  0.0997  0.0575  0.0143  0.1316  0.0000 -0.0000      1
      48       48        5       48     0.896966  0.0997  0.0575  0.0143  0.1316  0.0000 -0.0000      1
      49       49        5       49     0.902674  0.0997  0.0575  0.0143  0.1316  0.0000 -0.0000      1
      50       50        5       50     0.915889  0.0997  0.0575  0.0143  0.1316  0.0000 -0.0000      1
      51       51        5       51     0.920587  0.0997  0.0575  0.0143  0.1316  0.0000 -0.0000      1
      52       52        5       52     0.937970  0.0997  0.0575  0.0143  0.1316  0.0000 -0.0000      1
      53       53        5       53     0.952797  0.0997  0.0575  0.0143  0.1316  0.0000 -0.0000      1
      54       54        5       54     0.955750  0.0997  0.0575  0.0143  0.1316  0.0000 -0.0000      1
      55       55        5       55     0.965406  0.0997  0.0575  0.0143  0.1316  0.0000 -0.0000      1
      56       56        5       56     0.974801  0.0997  0.0575  0.0143  0.1316  0.0000 -0.0000      1
      57       57        5       57     0.985115  0.0997  0.0575  0.0143  0.1316  0.0000 -0.0000      1
      58       58        5       58     0.993086  0.0997  0.0575  0.0143  0.1316  0.0000 -0.0000      1
      59       59        5       59     1.002667  0.0997  0.0575  0.0143  0.1316  0.0000 -0.0000      1
      60       60        5       60     1.015667  0.0997  0.0575  0.0143  0.1316  0.0000 -0.0000      1
      61       61        5       61     1.036059  0.0997  0.0575  0.0143  0.1316  0.0000 -0.0000      1
      62       62        5       62     1.051812  0.0997  0.0575  0.0143  0.1316  0.0000 -0.0000      1
      63       63        5       63     1.081516  0.0997  0.0575  0.0143  0.1316  0.0000 -0.0000      1
      64       64        5       64     1.104586  0.0997  0.0575  0.0143  0.1316  0.0000 -0.0000      1
      65       65        5       65     1.104942  0.0997  0.0575  0.0143  0.1316  0.0000 -0.0000      1
      66       66        5       66     1.109886  0.0997  0.0575  0.0143  0.1316  0.0000 -0.0000      1
      67       67        5       67     1.112637  0.0997  0.0575  0.0143  0.1316  0.0000 -0.0000      1
      68       68        5       68     1.128081  0.0997  0.0575  0.0143  0.1316  0.0000 -0.0000      1
      69       69        5       69     1.137115  0.0997  0.0575  0.0143  0.1316  0.0000 -0.0000      1
      70       70        5       70     1.141214  0.0997  0.0575  0.0143  0.1316  0.0000 -0.0000      1
      71       71        5       71     1.148348  0.0997  0.0575  0.0143  0.1316  0.0000 -0.0000      1
      72       72        5       72     1.163267  0.0997  0.0575  0.0143  0.1316  0.0000 -0.0000      1
      73       73        5       73     1.197616  0.0997  0.0575  0.0143  0.1316  0.0000 -0.0000      1
      74       74        5       74     1.198063  0.0997  0.0575  0.0143  0.1316  0.0000 -0.0000      1
      75       75        5       75     1.205663  0.0997  0.0575  0.0143  0.1316  0.0000 -0.0000      1
      76       76        5       76     1.208985  0.0997  0.0575  0.0143  0.1316  0.0000 -0.0000      1
      77       77        5       77     1.225458  0.0997  0.0575  0.0143  0.1316  0.0000 -0.0000      1
      78       78        5       78     1.226679  0.0997  0.0575  0.0143  0.1316  0.0000 -0.0000      1
      79       79        5       79     1.230596  0.0997  0.0575  0.0143  0.1316  0.0000 -0.0000      1
      80       80        5       80     1.242741  0.0997  0.0575  0.0143  0.1316  0.0000 -0.0000      1
      81       81        5       81     1.248876  0.0997  0.0575  0.0143  0.1316  0.0000 -0.0000      1
      82       82        5       82     1.258865  0.0997  0.0575  0.0143  0.1316  0.0000 -0.0000      1
      83       83        5       83     1.265778  0.0997  0.0575  0.0143  0.1316  0.0000 -0.0000      1
      84       84        5       84     1.268008  0.0997  0.0575  0.0143  0.1316  0.0000 -0.0000      1
      85       85        5       85     1.274699  0.0997  0.0575  0.0143  0.1316  0.0000 -0.0000      1
      86       86        5       86     1.288553  0.0997  0.0575  0.0143  0.1316  0.0000 -0.0000      1
      87       87        5       87     1.293622  0.0997  0.0575  0.0143  0.1316  0.0000 -0.0000      1
      88       88        5       88     1.300756  0.0997  0.0575  0.0143  0.1316  0.0000 -0.0000      1
      89       89        5       89     1.306274  0.0997  0.0575  0.0143  0.1316  0.0000 -0.0000      1
      90       90        5       90     1.310646  0.0997  0.0575  0.0143  0.1316  0.0000 -0.0000      1
      91       91        5       91     1.326554  0.0997  0.0575  0.0143  0.1316  0.0000 -0.0000      1
      92       92        5       92     1.327842  0.0997  0.0575  0.0143  0.1316  0.0000 -0.0000      1
      93       93        5       93     1.330596  0.0997  0.0575  0.0143  0.1316  0.0000 -0.0000      1
      94       94        5       94     1.333304  0.0997  0.0575  0.0143  0.1316  0.0000 -0.0000      1
      95       95        5       95     1.338890  0.0997  0.0575  0.0143  0.1316  0.0000 -0.0000      1
      96       96        5       96     1.344746  0.0997  0.0575  0.0143  0.1316  0.0000 -0.0000      1
      97       97        5       97     1.354949  0.0997  0.0575  0.0143  0.1316  0.0000 -0.0000      1
      98       98        5       98     1.374618  0.0997  0.0575  0.0143  0.1316  0.0000 -0.0000      1
      99       99        5       99     1.383538  0.0997  0.0575  0.0143  0.1316  0.0000 -0.0000      1
