#   index    LocalEnergy         LocalEnergy_sq      LocalPotential      Kinetic             LocalECP            NonLocalECP         ElecElec            IonIon              BlockWeight         BlockCPU            AcceptRatio         
         0   -3.5388438832e+01    1.2530188485e+03   -4.8189627265e+01    1.2801188433e+01   -9.2948691982e+00    3.8065716350e+00   -6.2832302278e+00   -3.6418099474e+01    2.0478788069e+04    2.0716878340e+00    9.9899897456e-01
         1   -3.5381121237e+01    1.2525107316e+03   -4.8124990226e+01    1.2743868989e+01   -9.2800083993e+00    3.8609935190e+00   -6.2878758720e+00   -3.6418099474e+01    2.0496724946e+04    2.0835987770e+00    9.9896735231e-01
         2   -3.5378950632e+01    1.2523737992e+03   -4.8211177895e+01    1.2832227263e+01   -9.2576042286e+00    3.7508284590e+00   -6.2863026508e+00   -3.6418099474e+01    2.0471540238e+04    2.0655164960e+00    9.9897779762e-01
         3   -3.5397512030e+01    1.2537114847e+03   -4.8218658316e+01    1.2821146286e+01   -9.3466819337e+00    3.8451590015e+00   -6.2990359094e+00   -3.6418099474e+01    2.0495664313e+04    2.0791952280e+00    9.9895434678e-01
         4   -3.5382354751e+01    1.2526355654e+03   -4.8169273543e+01    1.2786918792e+01   -9.3448580009e+00    3.9075932511e+00   -6.3139093189e+00   -3.6418099474e+01    2.0525606283e+04    2.1044049950e+00    9.9897869705e-01
         5   -3.5378958728e+01    1.2523632507e+03   -4.8266131919e+01    1.2887173190e+01   -9.2549960421e+00    3.7132757404e+00   -6.3063121427e+00   -3.6418099474e+01    2.0531851955e+04    2.1004573070e+00    9.9905035551e-01
         6   -3.5375093090e+01    1.2520669735e+03   -4.8253636446e+01    1.2878543356e+01   -9.2715216839e+00    3.7409828393e+00   -6.3049981273e+00   -3.6418099474e+01    2.0351414159e+04    2.0792295660e+00    9.9897693452e-01
         7   -3.5362092021e+01    1.2511211318e+03   -4.8259834960e+01    1.2897742939e+01   -9.2566592671e+00    3.7075167004e+00   -6.2925929190e+00   -3.6418099474e+01    2.0281158915e+04    2.0460156320e+00    9.9898577979e-01
         8   -3.5371420671e+01    1.2517956799e+03   -4.8159370130e+01    1.2787949459e+01   -9.3257088762e+00    3.8936010225e+00   -6.3091628023e+00   -3.6418099474e+01    2.0243711352e+04    2.0474691170e+00    9.9897848286e-01
         9   -3.5362969981e+01    1.2512197293e+03   -4.8176569428e+01    1.2813599446e+01   -9.3736229439e+00    3.9238902539e+00   -6.3087372634e+00   -3.6418099474e+01    2.0301829669e+04    2.0387563840e+00    9.9890938004e-01
        10   -3.5370431645e+01    1.2517637391e+03   -4.8142491595e+01    1.2772059950e+01   -9.3908327130e+00    3.9470063032e+00   -6.2805657108e+00   -3.6418099474e+01    2.0357236901e+04    2.0433913790e+00    9.9895437863e-01
        11   -3.5361854740e+01    1.2511310912e+03   -4.8214060598e+01    1.2852205858e+01   -9.3776214385e+00    3.8800442496e+00   -6.2983839353e+00   -3.6418099474e+01    2.0396433812e+04    2.0504400880e+00    9.9897398905e-01
        12   -3.5362357515e+01    1.2511533990e+03   -4.8171037007e+01    1.2808679492e+01   -9.3619855726e+00    3.8862080526e+00   -6.2771600126e+00   -3.6418099474e+01    2.0388537584e+04    2.0406208600e+00    9.9904540041e-01
        13   -3.5352114892e+01    1.2504554051e+03   -4.8259121893e+01    1.2907007000e+01   -9.3279828560e+00    3.7597154760e+00   -6.2727550383e+00   -3.6418099474e+01    2.0411680480e+04    2.0511254270e+00    9.9898708933e-01
        14   -3.5366877140e+01    1.2515246283e+03   -4.8157156148e+01    1.2790279007e+01   -9.3101241918e+00    3.8439438139e+00   -6.2728762957e+00   -3.6418099474e+01    2.0437272415e+04    2.0369405300e+00    9.9898997665e-01
        15   -3.5388323873e+01    1.2530614341e+03   -4.8144270236e+01    1.2755946363e+01   -9.3521042948e+00    3.8940807559e+00   -6.2681472228e+00   -3.6418099474e+01    2.0482200372e+04    2.0713118540e+00    9.9886469066e-01
        16   -3.5402849128e+01    1.2540810524e+03   -4.8159305699e+01    1.2756456571e+01   -9.3314786615e+00    3.8833819619e+00   -6.2931095255e+00   -3.6418099474e+01    2.0473230937e+04    2.0585747610e+00    9.9897221311e-01
        17   -3.5394464691e+01    1.2534877968e+03   -4.8254041051e+01    1.2859576360e+01   -9.3139491757e+00    3.7822449636e+00   -6.3042373644e+00   -3.6418099474e+01    2.0617843079e+04    2.0815116780e+00    9.9889816708e-01
        18   -3.5394264683e+01    1.2534441471e+03   -4.8241692097e+01    1.2847427414e+01   -9.3173796378e+00    3.7828150666e+00   -6.2890280519e+00   -3.6418099474e+01    2.0701359847e+04    2.0949803890e+00    9.9898550725e-01
        19   -3.5383170196e+01    1.2526892528e+03   -4.8214942926e+01    1.2831772730e+01   -9.3313506981e+00    3.8249379945e+00   -6.2904307485e+00   -3.6418099474e+01    2.0621824188e+04    2.0838454150e+00    9.9898686562e-01
        20   -3.5394336120e+01    1.2534652192e+03   -4.8235759197e+01    1.2841423077e+01   -9.2864166669e+00    3.7482892285e+00   -6.2795322846e+00   -3.6418099474e+01    2.0592267510e+04    2.0899650750e+00    9.9901130923e-01
        21   -3.5401567148e+01    1.2539793079e+03   -4.8244570990e+01    1.2843003841e+01   -9.3950143985e+00    3.8300917342e+00   -6.2615488512e+00   -3.6418099474e+01    2.0620435631e+04    2.0862819790e+00    9.9901260402e-01
        22   -3.5407987002e+01    1.2545084599e+03   -4.8250565589e+01    1.2842578587e+01   -9.3726310149e+00    3.8136025154e+00   -6.2734376150e+00   -3.6418099474e+01    2.0549740146e+04    2.0973855210e+00    9.9892222647e-01
        23   -3.5409510471e+01    1.2545289081e+03   -4.8171537996e+01    1.2762027525e+01   -9.3247662260e+00    3.8509087834e+00   -6.2795810794e+00   -3.6418099474e+01    2.0649790088e+04    2.0817794290e+00    9.9901913296e-01
        24   -3.5395877014e+01    1.2535771681e+03   -4.8169748335e+01    1.2773871321e+01   -9.3367789868e+00    3.8893750170e+00   -6.3042448911e+00   -3.6418099474e+01    2.0785965934e+04    2.0861433910e+00    9.9891754065e-01
        25   -3.5375069288e+01    1.2520664864e+03   -4.8227299935e+01    1.2852230646e+01   -9.3107345161e+00    3.7984775110e+00   -6.2969434554e+00   -3.6418099474e+01    2.0750664288e+04    2.0864411030e+00    9.9890732009e-01
        26   -3.5367107076e+01    1.2515512553e+03   -4.8208450900e+01    1.2841343824e+01   -9.4282652472e+00    3.8831680622e+00   -6.2452542407e+00   -3.6418099474e+01    2.0751020149e+04    2.0885564370e+00    9.9902786667e-01
        27   -3.5381658956e+01    1.2525703300e+03   -4.8260997516e+01    1.2879338559e+01   -9.3963235897e+00    3.7803714973e+00   -6.2269459492e+00   -3.6418099474e+01    2.0618535702e+04    2.1001396000e+00    9.9890709436e-01
        28   -3.5369719124e+01    1.2517433591e+03   -4.8284569536e+01    1.2914850412e+01   -9.3680089780e+00    3.7375073005e+00   -6.2359683839e+00   -3.6418099474e+01    2.0422937428e+04    2.0478351540e+00    9.9900507082e-01
        29   -3.5389848116e+01    1.2531691299e+03   -4.8295902707e+01    1.2906054591e+01   -9.3802360190e+00    3.7302618940e+00   -6.2278291080e+00   -3.6418099474e+01    2.0297555700e+04    2.0323347830e+00    9.9900920751e-01
        30   -3.5389057634e+01    1.2531508670e+03   -4.8251264758e+01    1.2862207123e+01   -9.3961699348e+00    3.7703857006e+00   -6.2073810491e+00   -3.6418099474e+01    2.0536121790e+04    2.0775273790e+00    9.9896518140e-01
        31   -3.5383137210e+01    1.2527088252e+03   -4.8256580722e+01    1.2873443512e+01   -9.4452245747e+00    3.8355699759e+00   -6.2288266486e+00   -3.6418099474e+01    2.0574702160e+04    2.0952569280e+00    9.9897066482e-01
        32   -3.5350550006e+01    1.2504023076e+03   -4.8273977276e+01    1.2923427269e+01   -9.4425216454e+00    3.8536141814e+00   -6.2669703374e+00   -3.6418099474e+01    2.0685590877e+04    2.0995860370e+00    9.9892653495e-01
        33   -3.5380304382e+01    1.2524865401e+03   -4.8259303432e+01    1.2878999050e+01   -9.4616002752e+00    3.8832707147e+00   -6.2628743974e+00   -3.6418099474e+01    2.0878181986e+04    2.1057117190e+00    9.9890712439e-01
        34   -3.5395196316e+01    1.2535353131e+03   -4.8159576677e+01    1.2764380360e+01   -9.4462313086e+00    3.9901348907e+00   -6.2853807845e+00   -3.6418099474e+01    2.0977617296e+04    2.1099705750e+00    9.9898372600e-01
        35   -3.5397659365e+01    1.2537173519e+03   -4.8098041957e+01    1.2700382592e+01   -9.3565209273e+00    3.9509217028e+00   -6.2743432580e+00   -3.6418099474e+01    2.0836629870e+04    2.1115907610e+00    9.9894761379e-01
        36   -3.5404828226e+01    1.2542505740e+03   -4.8178942450e+01    1.2774114224e+01   -9.3487659157e+00    3.8701409786e+00   -6.2822180386e+00   -3.6418099474e+01    2.0866740207e+04    2.1126445860e+00    9.9893880681e-01
        37   -3.5404168149e+01    1.2541532534e+03   -4.8231971454e+01    1.2827803305e+01   -9.2970311203e+00    3.7857884621e+00   -6.3026293215e+00   -3.6418099474e+01    2.0870797059e+04    2.1064775740e+00    9.9891847491e-01
        38   -3.5408331932e+01    1.2544852721e+03   -4.8328886663e+01    1.2920554731e+01   -9.2908479020e+00    3.6923565861e+00   -6.3122958732e+00   -3.6418099474e+01    2.0988067886e+04    2.1080602410e+00    9.9900112990e-01
        39   -3.5415315058e+01    1.2549481259e+03   -4.8380759899e+01    1.2965444842e+01   -9.2749832791e+00    3.6080326112e+00   -6.2957097574e+00   -3.6418099474e+01    2.1077665200e+04    2.1154603350e+00    9.9905279282e-01
        40   -3.5410966738e+01    1.2546574340e+03   -4.8232122252e+01    1.2821155514e+01   -9.2773090001e+00    3.7434219756e+00   -6.2801357537e+00   -3.6418099474e+01    2.0994101490e+04    2.1054491290e+00    9.9896398971e-01
        41   -3.5379890989e+01    1.2524337826e+03   -4.8200648079e+01    1.2820757089e+01   -9.3149740979e+00    3.8230484945e+00   -6.2906230011e+00   -3.6418099474e+01    2.0985084049e+04    2.1077194800e+00    9.9894682755e-01
        42   -3.5366877537e+01    1.2515083431e+03   -4.8162106345e+01    1.2795228808e+01   -9.4218547991e+00    3.9893414987e+00   -6.3114935706e+00   -3.6418099474e+01    2.0863307980e+04    2.0958437850e+00    9.9898526322e-01
        43   -3.5364207874e+01    1.2513151581e+03   -4.8251009182e+01    1.2886801308e+01   -9.4515398296e+00    3.9168417256e+00   -6.2982116034e+00   -3.6418099474e+01    2.0792559121e+04    2.1066860540e+00    9.9896462912e-01
        44   -3.5384695872e+01    1.2527692853e+03   -4.8325634174e+01    1.2940938301e+01   -9.4622904978e+00    3.8334773079e+00   -6.2787215095e+00   -3.6418099474e+01    2.0866317370e+04    2.0939462800e+00    9.9907077829e-01
        45   -3.5371407904e+01    1.2518347722e+03   -4.8340670324e+01    1.2969262420e+01   -9.3842428454e+00    3.7236189659e+00   -6.2619469701e+00   -3.6418099474e+01    2.0784282277e+04    2.1145947200e+00    9.9898989899e-01
        46   -3.5390537039e+01    1.2531750615e+03   -4.8330762799e+01    1.2940225760e+01   -9.4016398562e+00    3.7506929415e+00   -6.2617164100e+00   -3.6418099474e+01    2.0770528271e+04    2.0855668650e+00    9.9896151413e-01
        47   -3.5377801551e+01    1.2522748476e+03   -4.8335668441e+01    1.2957866890e+01   -9.3322622989e+00    3.6910688614e+00   -6.2763755297e+00   -3.6418099474e+01    2.0726249258e+04    2.0835538670e+00    9.9903176900e-01
        48   -3.5363203933e+01    1.2512579062e+03   -4.8221969825e+01    1.2858765892e+01   -9.2866428484e+00    3.7546818345e+00   -6.2719093371e+00   -3.6418099474e+01    2.0702673285e+04    2.0859747740e+00    9.9887040141e-01
        49   -3.5378858568e+01    1.2523512752e+03   -4.8224891925e+01    1.2846033357e+01   -9.2296322706e+00    3.6710686871e+00   -6.2482288670e+00   -3.6418099474e+01    2.0686980345e+04    2.0856343540e+00    9.9891942277e-01
        50   -3.5366225432e+01    1.2514951216e+03   -4.8275613267e+01    1.2909387836e+01   -9.1374367359e+00    3.5407702535e+00   -6.2608473109e+00   -3.6418099474e+01    2.0763676207e+04    2.0896624370e+00    9.9902159708e-01
        51   -3.5363423596e+01    1.2512629464e+03   -4.8201834431e+01    1.2838410835e+01   -9.2530581909e+00    3.7452022742e+00   -6.2758790397e+00   -3.6418099474e+01    2.0597674951e+04    2.0876591700e+00    9.9901193307e-01
        52   -3.5407857438e+01    1.2544264384e+03   -4.8189496103e+01    1.2781638665e+01   -9.2650649069e+00    3.8078572859e+00   -6.3141890081e+00   -3.6418099474e+01    2.0634443198e+04    2.0895439310e+00    9.9895614782e-01
        53   -3.5416363985e+01    1.2550300710e+03   -4.8243566534e+01    1.2827202549e+01   -9.2818615954e+00    3.7928770959e+00   -6.3364825598e+00   -3.6418099474e+01    2.0749525453e+04    2.0868085720e+00    9.9897909996e-01
        54   -3.5393233164e+01    1.2533884933e+03   -4.8276047696e+01    1.2882814532e+01   -9.2394467549e+00    3.6945894061e+00   -6.3130908730e+00   -3.6418099474e+01    2.0809936779e+04    2.0927521630e+00    9.9897204088e-01
        55   -3.5406835635e+01    1.2543405132e+03   -4.8328796510e+01    1.2921960875e+01   -9.2150454815e+00    3.6268430609e+00   -6.3224946155e+00   -3.6418099474e+01    2.0750629969e+04    2.0941323510e+00    9.9904470439e-01
        56   -3.5415348074e+01    1.2549717157e+03   -4.8304156709e+01    1.2888808635e+01   -9.2234787664e+00    3.6393997505e+00   -6.3019782190e+00   -3.6418099474e+01    2.0691326274e+04    2.0928619340e+00    9.9906255827e-01
        57   -3.5406418154e+01    1.2542897614e+03   -4.8251626900e+01    1.2845208746e+01   -9.3690519543e+00    3.8549875672e+00   -6.3194630387e+00   -3.6418099474e+01    2.0644512002e+04    2.0922629750e+00    9.9886846513e-01
        58   -3.5393174515e+01    1.2533413640e+03   -4.8292911542e+01    1.2899737027e+01   -9.3837824250e+00    3.8216091980e+00   -6.3126388410e+00   -3.6418099474e+01    2.0545276757e+04    2.0819028440e+00    9.9899518803e-01
        59   -3.5389400555e+01    1.2531168475e+03   -4.8248988805e+01    1.2859588250e+01   -9.4640028553e+00    3.9161510230e+00   -6.2830374984e+00   -3.6418099474e+01    2.0484694276e+04    2.0639483670e+00    9.9892076045e-01
        60   -3.5400104724e+01    1.2539640526e+03   -4.8252634396e+01    1.2852529672e+01   -9.4655266789e+00    3.8908374106e+00   -6.2598456530e+00   -3.6418099474e+01    2.0526447664e+04    2.0811402840e+00    9.9898202801e-01
        61   -3.5420093625e+01    1.2554224757e+03   -4.8306902627e+01    1.2886809002e+01   -9.5095035815e+00    3.8619087541e+00   -6.2412083253e+00   -3.6418099474e+01    2.0652205994e+04    2.0896347830e+00    9.9899328163e-01
        62   -3.5419375366e+01    1.2552622189e+03   -4.8274099825e+01    1.2854724459e+01   -9.5292963844e+00    3.9230559908e+00   -6.2497599574e+00   -3.6418099474e+01    2.0689136044e+04    2.0890248720e+00    9.9900889576e-01
        63   -3.5390645593e+01    1.2531879597e+03   -4.8377041266e+01    1.2986395673e+01   -9.5015346343e+00    3.7776293089e+00   -6.2350364662e+00   -3.6418099474e+01    2.0658024925e+04    2.0966050230e+00    9.9898349388e-01
        64   -3.5380064397e+01    1.2524406617e+03   -4.8359542246e+01    1.2979477849e+01   -9.4473343320e+00    3.7427326033e+00   -6.2368410433e+00   -3.6418099474e+01    2.0699312100e+04    2.0813936560e+00    9.9899772980e-01
        65   -3.5387466534e+01    1.2530148212e+03   -4.8328139090e+01    1.2940672556e+01   -9.4032463924e+00    3.7339427273e+00   -6.2407359512e+00   -3.6418099474e+01    2.0729718779e+04    2.0886073970e+00    9.9891644387e-01
        66   -3.5392330575e+01    1.2533426373e+03   -4.8319325795e+01    1.2926995220e+01   -9.4164490269e+00    3.7638610111e+00   -6.2486383047e+00   -3.6418099474e+01    2.0754158715e+04    2.0971959110e+00    9.9894866889e-01
        67   -3.5387526887e+01    1.2529560621e+03   -4.8326921882e+01    1.2939394994e+01   -9.4401537710e+00    3.7701720065e+00   -6.2388406429e+00   -3.6418099474e+01    2.0939754575e+04    2.1040754000e+00    9.9899903143e-01
        68   -3.5381412590e+01    1.2525811681e+03   -4.8236542063e+01    1.2855129473e+01   -9.4250115446e+00    3.8499486001e+00   -6.2433796442e+00   -3.6418099474e+01    2.1003822049e+04    2.1189496050e+00    9.9900387571e-01
        69   -3.5367528957e+01    1.2515912877e+03   -4.8311254251e+01    1.2943725293e+01   -9.4048485360e+00    3.7793195683e+00   -6.2676258086e+00   -3.6418099474e+01    2.1055851545e+04    2.1259579420e+00    9.9900143766e-01
        70   -3.5373251141e+01    1.2519958182e+03   -4.8283921498e+01    1.2910670358e+01   -9.4551581737e+00    3.8576894239e+00   -6.2683532742e+00   -3.6418099474e+01    2.1002817663e+04    2.1164184070e+00    9.9895802879e-01
        71   -3.5382850756e+01    1.2527447733e+03   -4.8302443025e+01    1.2919592269e+01   -9.4770903526e+00    3.8440033361e+00   -6.2512565344e+00   -3.6418099474e+01    2.1111198533e+04    2.1434550260e+00    9.9900056144e-01
        72   -3.5367097285e+01    1.2515687933e+03   -4.8317250997e+01    1.2950153711e+01   -9.5398304927e+00    3.9062414443e+00   -6.2655624741e+00   -3.6418099474e+01    2.1158198907e+04    2.1564321510e+00    9.9902148020e-01
        73   -3.5384311869e+01    1.2528052819e+03   -4.8294283412e+01    1.2909971543e+01   -9.5933799208e+00    3.9922256862e+00   -6.2750297034e+00   -3.6418099474e+01    2.1111602150e+04    2.1383551350e+00    9.9899210596e-01
        74   -3.5374110834e+01    1.2520863690e+03   -4.8293174040e+01    1.2919063207e+01   -9.5787599909e+00    3.9836797188e+00   -6.2799942941e+00   -3.6418099474e+01    2.1162458456e+04    2.1546033050e+00    9.9896426547e-01
        75   -3.5381936313e+01    1.2525848411e+03   -4.8295782723e+01    1.2913846410e+01   -9.5058170365e+00    3.9271051169e+00   -6.2989713297e+00   -3.6418099474e+01    2.1093807342e+04    2.1348051590e+00    9.9891169681e-01
        76   -3.5378875153e+01    1.2523948145e+03   -4.8296803062e+01    1.2917927909e+01   -9.4112406424e+00    3.8458489436e+00   -6.3133118889e+00   -3.6418099474e+01    2.0856415293e+04    2.1031198580e+00    9.9899509703e-01
        77   -3.5408117186e+01    1.2544687791e+03   -4.8312009002e+01    1.2903891817e+01   -9.4292616874e+00    3.8315052373e+00   -6.2961530782e+00   -3.6418099474e+01    2.0637843755e+04    2.0834538700e+00    9.9892000415e-01
        78   -3.5398561723e+01    1.2537741277e+03   -4.8360579365e+01    1.2962017642e+01   -9.4225142606e+00    3.8140566171e+00   -6.3340222473e+00   -3.6418099474e+01    2.0646249528e+04    2.0961767920e+00    9.9899837387e-01
        79   -3.5395380949e+01    1.2535242003e+03   -4.8316411214e+01    1.2921030265e+01   -9.4456790509e+00    3.8639544008e+00   -6.3165870897e+00   -3.6418099474e+01    2.0448000236e+04    2.0594351380e+00    9.9897290424e-01
        80   -3.5408451278e+01    1.2544830158e+03   -4.8354179638e+01    1.2945728360e+01   -9.4146132459e+00    3.7781931839e+00   -6.2996601019e+00   -3.6418099474e+01    2.0289964932e+04    2.0550815070e+00    9.9894885483e-01
        81   -3.5429023138e+01    1.2559087836e+03   -4.8423650974e+01    1.2994627836e+01   -9.3834740279e+00    3.6978331363e+00   -6.3199106080e+00   -3.6418099474e+01    2.0269642856e+04    2.0314329730e+00    9.9900573290e-01
        82   -3.5441093911e+01    1.2567612253e+03   -4.8480194395e+01    1.3039100484e+01   -9.3632389193e+00    3.6390442635e+00   -6.3379002654e+00   -3.6418099474e+01    2.0362301650e+04    2.0453060210e+00    9.9899964900e-01
        83   -3.5432922457e+01    1.2562425635e+03   -4.8431475497e+01    1.2998553040e+01   -9.4307169298e+00    3.7449451219e+00   -6.3276042146e+00   -3.6418099474e+01    2.0656970682e+04    2.0952222150e+00    9.9891554762e-01
        84   -3.5421481275e+01    1.2554739478e+03   -4.8361113245e+01    1.2939631970e+01   -9.3866181654e+00    3.7529165130e+00   -6.3093121180e+00   -3.6418099474e+01    2.0710297792e+04    2.0902162990e+00    9.9901167363e-01
        85   -3.5429760570e+01    1.2561753001e+03   -4.8344593476e+01    1.2914832907e+01   -9.3915729254e+00    3.7745811013e+00   -6.3095021779e+00   -3.6418099474e+01    2.0743436047e+04    2.0910765910e+00    9.9896675002e-01
        86   -3.5421001844e+01    1.2554155957e+03   -4.8292269641e+01    1.2871267797e+01   -9.3837674450e+00    3.8160455237e+00   -6.3064482454e+00   -3.6418099474e+01    2.0787106560e+04    2.0954164460e+00    9.9889509788e-01
        87   -3.5411891021e+01    1.2547162775e+03   -4.8310476221e+01    1.2898585200e+01   -9.4443670156e+00    3.8758299093e+00   -6.3238396400e+00   -3.6418099474e+01    2.0878885738e+04    2.0960402580e+00    9.9897533973e-01
        88   -3.5373730025e+01    1.2520750417e+03   -4.8313121160e+01    1.2939391135e+01   -9.4480318686e+00    3.8471396918e+00   -6.2941295089e+00   -3.6418099474e+01    2.0834097689e+04    2.1101242800e+00    9.9893239288e-01
        89   -3.5386727858e+01    1.2529469957e+03   -4.8305931793e+01    1.2919203935e+01   -9.4982207619e+00    3.8864238393e+00   -6.2760353962e+00   -3.6418099474e+01    2.0754217677e+04    2.0866959880e+00    9.9894877018e-01
        90   -3.5399991357e+01    1.2538863524e+03   -4.8384342625e+01    1.2984351268e+01   -9.4579101653e+00    3.7654777436e+00   -6.2738107286e+00   -3.6418099474e+01    2.0628365254e+04    2.0908532160e+00    9.9894560791e-01
        91   -3.5387741717e+01    1.2530210115e+03   -4.8331971416e+01    1.2944229698e+01   -9.4953728710e+00    3.8505730708e+00   -6.2690721412e+00   -3.6418099474e+01    2.0625272878e+04    2.0856695340e+00    9.9895421396e-01
        92   -3.5400423663e+01    1.2539545649e+03   -4.8256676145e+01    1.2856252481e+01   -9.5592167055e+00    3.9696374766e+00   -6.2489974415e+00   -3.6418099474e+01    2.0643622586e+04    2.2303012780e+00    9.9896886527e-01
        93   -3.5382122754e+01    1.2526149503e+03   -4.8300309321e+01    1.2918186567e+01   -9.5046133253e+00    3.8770597362e+00   -6.2546562579e+00   -3.6418099474e+01    2.0601165153e+04    2.0908700560e+00    9.9891664587e-01
        94   -3.5384274192e+01    1.2527620014e+03   -4.8305451291e+01    1.2921177099e+01   -9.4537599761e+00    3.8036358655e+00   -6.2372277065e+00   -3.6418099474e+01    2.0700793872e+04    2.0901978450e+00    9.9902020314e-01
        95   -3.5385128636e+01    1.2528222174e+03   -4.8270331788e+01    1.2885203152e+01   -9.4466647342e+00    3.8211820828e+00   -6.2267496621e+00   -3.6418099474e+01    2.0734539771e+04    2.0888079400e+00    9.9893397903e-01
        96   -3.5392720813e+01    1.2533721061e+03   -4.8197224511e+01    1.2804503698e+01   -9.5033431003e+00    3.9654833283e+00   -6.2412652651e+00   -3.6418099474e+01    2.0835217711e+04    2.0894486550e+00    9.9894766429e-01
        97   -3.5390547000e+01    1.2532228729e+03   -4.8265334030e+01    1.2874787030e+01   -9.4637449470e+00    3.8696228406e+00   -6.2531124494e+00   -3.6418099474e+01    2.0886064461e+04    2.0978175270e+00    9.9899131505e-01
        98   -3.5407758197e+01    1.2544192158e+03   -4.8349130211e+01    1.2941372014e+01   -9.4213611177e+00    3.7408667322e+00   -6.2505363516e+00   -3.6418099474e+01    2.0980921748e+04    2.1084858700e+00    9.9893786511e-01
        99   -3.5401275613e+01    1.2539132489e+03   -4.8372928452e+01    1.2971652839e+01   -9.4987614772e+00    3.7962110210e+00   -6.2522785215e+00   -3.6418099474e+01    2.0912897704e+04    2.0969335780e+00    9.9896349168e-01
       100   -3.5389898998e+01    1.2530881465e+03   -4.8416999227e+01    1.3027100229e+01   -9.4545000936e+00    3.7094860224e+00   -6.2538856813e+00   -3.6418099474e+01    2.0913489077e+04    2.0971506430e+00    9.9898583585e-01
       101   -3.5385676066e+01    1.2528166221e+03   -4.8301476128e+01    1.2915800062e+01   -9.4504238519e+00    3.8212585383e+00   -6.2542113405e+00   -3.6418099474e+01    2.1004229197e+04    2.1100464680e+00    9.9902087441e-01
       102   -3.5392727552e+01    1.2533172954e+03   -4.8325585832e+01    1.2932858280e+01   -9.4147818675e+00    3.7447454916e+00   -6.2374499815e+00   -3.6418099474e+01    2.1018843440e+04    2.1026487580e+00    9.9898245543e-01
       103   -3.5376572568e+01    1.2522056348e+03   -4.8270470376e+01    1.2893897808e+01   -9.4327673229e+00    3.8425223333e+00   -6.2621259124e+00   -3.6418099474e+01    2.0773204707e+04    2.0851031060e+00    9.9896702027e-01
       104   -3.5376167748e+01    1.2521556061e+03   -4.8319357981e+01    1.2943190233e+01   -9.4135603048e+00    3.7691002921e+00   -6.2567984945e+00   -3.6418099474e+01    2.0590849728e+04    2.0767052690e+00    9.9902368814e-01
       105   -3.5383121111e+01    1.2526861184e+03   -4.8269298987e+01    1.2886177875e+01   -9.4989404910e+00    3.8836395105e+00   -6.2358985321e+00   -3.6418099474e+01    2.0594209817e+04    2.0760128690e+00    9.9892841537e-01
       106   -3.5403088553e+01    1.2540897454e+03   -4.8343672964e+01    1.2940584411e+01   -9.4574029253e+00    3.7750494832e+00   -6.2432200478e+00   -3.6418099474e+01    2.0587863838e+04    2.0797393730e+00    9.9895213113e-01
       107   -3.5415145765e+01    1.2549526691e+03   -4.8270496371e+01    1.2855350606e+01   -9.4446350020e+00    3.8500188920e+00   -6.2577807872e+00   -3.6418099474e+01    2.0584067142e+04    2.0762292570e+00    9.9912536443e-01
       108   -3.5422732203e+01    1.2555078961e+03   -4.8292443218e+01    1.2869711015e+01   -9.4214437267e+00    3.8071848849e+00   -6.2600849023e+00   -3.6418099474e+01    2.0689889764e+04    2.0816931750e+00    9.9896059947e-01
       109   -3.5405255421e+01    1.2542482103e+03   -4.8306542110e+01    1.2901286690e+01   -9.3965280706e+00    3.7651963516e+00   -6.2571109173e+00   -3.6418099474e+01    2.0766240288e+04    2.0856727810e+00    9.9896809345e-01
       110   -3.5391388153e+01    1.2532224375e+03   -4.8276150592e+01    1.2884762439e+01   -9.4279396107e+00    3.8095096835e+00   -6.2396211906e+00   -3.6418099474e+01    2.0899255200e+04    2.1018244360e+00    9.9902440525e-01
       111   -3.5388108401e+01    1.2530425755e+03   -4.8274795910e+01    1.2886687509e+01   -9.4410724529e+00    3.8346074326e+00   -6.2502314157e+00   -3.6418099474e+01    2.1025243347e+04    2.1242691760e+00    9.9898109593e-01
       112   -3.5388008767e+01    1.2530120411e+03   -4.8140461425e+01    1.2752452657e+01   -9.4871481260e+00    4.0116574560e+00   -6.2468712803e+00   -3.6418099474e+01    2.0916754022e+04    2.0947156730e+00    9.9902870526e-01
       113   -3.5393222413e+01    1.2533605129e+03   -4.8141722253e+01    1.2748499840e+01   -9.4561032450e+00    3.9611290550e+00   -6.2286485888e+00   -3.6418099474e+01    2.0854041243e+04    2.0979739680e+00    9.9902910294e-01
       114   -3.5399818216e+01    1.2538529369e+03   -4.8203638186e+01    1.2803819970e+01   -9.4270369103e+00    3.8553614188e+00   -6.2138632207e+00   -3.6418099474e+01    2.0913066935e+04    2.1272239820e+00    9.9894988116e-01
       115   -3.5424459118e+01    1.2556116908e+03   -4.8137139765e+01    1.2712680647e+01   -9.5059491916e+00    4.0156368624e+00   -6.2287279616e+00   -3.6418099474e+01    2.0871092326e+04    2.0962127680e+00    9.9892350557e-01
       116   -3.5399881943e+01    1.2538531989e+03   -4.8185702391e+01    1.2785820448e+01   -9.4962401039e+00    3.9472579338e+00   -6.2186207469e+00   -3.6418099474e+01    2.0774757376e+04    2.0905729950e+00    9.9897718521e-01
       117   -3.5406155447e+01    1.2543107104e+03   -4.8280017549e+01    1.2873862102e+01   -9.4657035393e+00    3.8467364375e+00   -6.2429509735e+00   -3.6418099474e+01    2.0807960901e+04    2.0894703140e+00    9.9892383424e-01
       118   -3.5393888225e+01    1.2534063124e+03   -4.8351052745e+01    1.2957164521e+01   -9.4826477723e+00    3.7998871448e+00   -6.2501926438e+00   -3.6418099474e+01    2.0833511963e+04    2.0977396860e+00    9.9897327428e-01
       119   -3.5394850552e+01    1.2534924441e+03   -4.8351838537e+01    1.2956987985e+01   -9.4869258799e+00    3.8341954450e+00   -6.2810086276e+00   -3.6418099474e+01    2.0899548871e+04    2.1058390630e+00    9.9893726806e-01
       120   -3.5390499245e+01    1.2532038129e+03   -4.8320810223e+01    1.2930310978e+01   -9.4951782840e+00    3.8700055449e+00   -6.2775380096e+00   -3.6418099474e+01    2.0874553678e+04    2.1107906400e+00    9.9891038843e-01
       121   -3.5398985395e+01    1.2538140045e+03   -4.8233251117e+01    1.2834265721e+01   -9.4803966019e+00    3.9409045652e+00   -6.2756596056e+00   -3.6418099474e+01    2.0886762645e+04    2.1418003550e+00    9.9894339468e-01
       122   -3.5409724020e+01    1.2545596898e+03   -4.8298510901e+01    1.2888786881e+01   -9.4710122190e+00    3.8652471425e+00   -6.2746463501e+00   -3.6418099474e+01    2.0820153069e+04    2.0932826850e+00    9.9897420063e-01
       123   -3.5413808583e+01    1.2548627809e+03   -4.8311792256e+01    1.2897983672e+01   -9.4686348201e+00    3.8727612346e+00   -6.2978191961e+00   -3.6418099474e+01    2.0747985120e+04    2.0912903530e+00    9.9888963105e-01
       124   -3.5407842128e+01    1.2544188517e+03   -4.8237001976e+01    1.2829159848e+01   -9.4275401333e+00    3.9037583864e+00   -6.2951207553e+00   -3.6418099474e+01    2.0596125853e+04    2.0765721000e+00    9.9905485648e-01
       125   -3.5392307347e+01    1.2532958778e+03   -4.8126570523e+01    1.2734263176e+01   -9.4095949156e+00    4.0006244531e+00   -6.2995005863e+00   -3.6418099474e+01    2.0494121690e+04    2.0570480510e+00    9.9893871377e-01
       126   -3.5405849934e+01    1.2542554231e+03   -4.8149366549e+01    1.2743516615e+01   -9.4058353785e+00    3.9856493226e+00   -6.3110810189e+00   -3.6418099474e+01    2.0386495428e+04    2.0407903620e+00    9.9896797752e-01
       127   -3.5401789246e+01    1.2539488066e+03   -4.8241971732e+01    1.2840182486e+01   -9.4225903909e+00    3.9246410175e+00   -6.3259228843e+00   -3.6418099474e+01    2.0309612984e+04    2.0308547990e+00    9.9893944084e-01
       128   -3.5410645420e+01    1.2546372293e+03   -4.8312129958e+01    1.2901484538e+01   -9.4146077277e+00    3.8322055539e+00   -6.3116283103e+00   -3.6418099474e+01    2.0214322624e+04    2.0308789840e+00    9.9899968895e-01
       129   -3.5400804747e+01    1.2539272084e+03   -4.8262527917e+01    1.2861723170e+01   -9.4409071906e+00    3.8914332699e+00   -6.2949545219e+00   -3.6418099474e+01    2.0282984748e+04    2.0384866760e+00    9.9898381859e-01
       130   -3.5395458834e+01    1.2535646445e+03   -4.8167661096e+01    1.2772202262e+01   -9.4528298575e+00    3.9922558401e+00   -6.2889876046e+00   -3.6418099474e+01    2.0344784944e+04    2.0372557530e+00    9.9894663661e-01
       131   -3.5388821031e+01    1.2530827693e+03   -4.8147136696e+01    1.2758315665e+01   -9.3997156907e+00    3.9649513445e+00   -6.2942728755e+00   -3.6418099474e+01    2.0385263806e+04    2.0391620480e+00    9.9897158275e-01
       132   -3.5395996490e+01    1.2535824081e+03   -4.8304511434e+01    1.2908514944e+01   -9.3898674791e+00    3.8194777261e+00   -6.3160222067e+00   -3.6418099474e+01    2.0353961927e+04    2.0331975950e+00    9.9895236691e-01
       133   -3.5385508163e+01    1.2528462496e+03   -4.8274882592e+01    1.2889374429e+01   -9.3982502957e+00    3.8669353079e+00   -6.3254681299e+00   -3.6418099474e+01    2.0400948234e+04    2.0377574230e+00    9.9891636965e-01
       134   -3.5385813980e+01    1.2528719219e+03   -4.8322356469e+01    1.2936542489e+01   -9.2977841286e+00    3.7137157032e+00   -6.3201885692e+00   -3.6418099474e+01    2.0594590850e+04    2.0725330090e+00    9.9899257173e-01
       135   -3.5374606003e+01    1.2520699460e+03   -4.8290961558e+01    1.2916355555e+01   -9.2089762463e+00    3.6934643415e+00   -6.3573501793e+00   -3.6418099474e+01    2.0534856369e+04    2.0665897770e+00    9.9909927455e-01
       136   -3.5394131433e+01    1.2534910845e+03   -4.8436831736e+01    1.3042700303e+01   -9.1316478624e+00    3.4420423037e+00   -6.3291267033e+00   -3.6418099474e+01    2.0550331279e+04    2.0743007720e+00    9.9899205461e-01
       137   -3.5406380210e+01    1.2544020256e+03   -4.8340565364e+01    1.2934185154e+01   -9.2150305939e+00    3.6080499468e+00   -6.3154852428e+00   -3.6418099474e+01    2.0667645409e+04    2.0898756400e+00    9.9899079969e-01
       138   -3.5403895077e+01    1.2541890327e+03   -4.8204569418e+01    1.2800674341e+01   -9.3411926989e+00    3.8805617734e+00   -6.3258390183e+00   -3.6418099474e+01    2.0914276685e+04    2.1073859390e+00    9.9903525667e-01
       139   -3.5401450649e+01    1.2539513391e+03   -4.8284250645e+01    1.2882799996e+01   -9.3515199746e+00    3.8065187986e+00   -6.3211499948e+00   -3.6418099474e+01    2.0927207334e+04    2.0981026940e+00    9.9897276636e-01
       140   -3.5377272938e+01    1.2522610319e+03   -4.8308232293e+01    1.2930959355e+01   -9.2763573100e+00    3.7126769715e+00   -6.3264524801e+00   -3.6418099474e+01    2.0862532261e+04    2.0897053090e+00    9.9902452715e-01
       141   -3.5359746563e+01    1.2509872144e+03   -4.8293309467e+01    1.2933562904e+01   -9.2967557995e+00    3.7654438305e+00   -6.3438980236e+00   -3.6418099474e+01    2.0772223419e+04    2.0844714900e+00    9.9897576199e-01
       142   -3.5367886146e+01    1.2515772298e+03   -4.8303293520e+01    1.2935407375e+01   -9.3047572556e+00    3.7675474355e+00   -6.3479842261e+00   -3.6418099474e+01    2.0567858708e+04    2.0743870980e+00    9.9904005055e-01
       143   -3.5350681890e+01    1.2503433769e+03   -4.8226966757e+01    1.2876284868e+01   -9.3712656716e+00    3.8722244946e+00   -6.3098261063e+00   -3.6418099474e+01    2.0389563771e+04    2.0481898250e+00    9.9898969736e-01
       144   -3.5375524537e+01    1.2521273344e+03   -4.8265617515e+01    1.2890092978e+01   -9.3959485637e+00    3.8285208695e+00   -6.2800903465e+00   -3.6418099474e+01    2.0315335093e+04    2.0604838190e+00    9.9904372833e-01
       145   -3.5368481372e+01    1.2516302925e+03   -4.8252504302e+01    1.2884022931e+01   -9.4034482854e+00    3.8443149271e+00   -6.2752714699e+00   -3.6418099474e+01    2.0229587945e+04    2.0377719420e+00    9.9895674462e-01
       146   -3.5383301016e+01    1.2526810737e+03   -4.8224108724e+01    1.2840807708e+01   -9.3836983023e+00    3.8311787627e+00   -6.2534897102e+00   -3.6418099474e+01    2.0241739306e+04    2.0355341350e+00    9.9893956397e-01
       147   -3.5406922928e+01    1.2543524525e+03   -4.8286377907e+01    1.2879454979e+01   -9.3854467078e+00    3.7756397080e+00   -6.2584714329e+00   -3.6418099474e+01    2.0224382052e+04    2.0342774340e+00    9.9896843846e-01
       148   -3.5406783566e+01    1.2543710024e+03   -4.8232199992e+01    1.2825416426e+01   -9.4613969972e+00    3.9310625784e+00   -6.2837660989e+00   -3.6418099474e+01    2.0259757121e+04    2.0354287540e+00    9.9895611449e-01
       149   -3.5396556630e+01    1.2536137756e+03   -4.8295323888e+01    1.2898767257e+01   -9.4571378302e+00    3.8712933526e+00   -6.2913799359e+00   -3.6418099474e+01    2.0362466403e+04    2.0457350930e+00    9.9892997474e-01
       150   -3.5375683545e+01    1.2521158339e+03   -4.8299438641e+01    1.2923755095e+01   -9.4074305377e+00    3.8510527439e+00   -6.3249613727e+00   -3.6418099474e+01    2.0409659322e+04    2.0606795120e+00    9.9892920131e-01
       151   -3.5391138505e+01    1.2533058849e+03   -4.8149114159e+01    1.2757975654e+01   -9.4096407884e+00    3.9982370864e+00   -6.3196109828e+00   -3.6418099474e+01    2.0382141538e+04    2.0443702360e+00    9.9893288195e-01
       152   -3.5385080125e+01    1.2528159151e+03   -4.8303912778e+01    1.2918832653e+01   -9.3292744875e+00    3.7415348258e+00   -6.2980736422e+00   -3.6418099474e+01    2.0310345463e+04    2.0399008900e+00    9.9903108954e-01
       153   -3.5396749306e+01    1.2536235710e+03   -4.8353359763e+01    1.2956610458e+01   -9.3527456320e+00    3.7299459454e+00   -6.3124606026e+00   -3.6418099474e+01    2.0179983614e+04    2.0405972680e+00    9.9903527529e-01
       154   -3.5391944158e+01    1.2532903690e+03   -4.8314158931e+01    1.2922214773e+01   -9.3895203709e+00    3.7974720504e+00   -6.3040111367e+00   -3.6418099474e+01    2.0266239459e+04    2.0484805300e+00    9.9902712763e-01
       155   -3.5386349382e+01    1.2529017969e+03   -4.8314546780e+01    1.2928197399e+01   -9.4901452060e+00    3.8791704333e+00   -6.2854725335e+00   -3.6418099474e+01    2.0148700656e+04    2.0273995020e+00    9.9896824609e-01
       156   -3.5381933631e+01    1.2525677367e+03   -4.8363406553e+01    1.2981472921e+01   -9.4726388379e+00    3.8192442444e+00   -6.2919124852e+00   -3.6418099474e+01    2.0087955653e+04    2.0292312190e+00    9.9899361318e-01
       157   -3.5392648119e+01    1.2533779218e+03   -4.8429982262e+01    1.3037334143e+01   -9.4679385813e+00    3.7654471016e+00   -6.3093913076e+00   -3.6418099474e+01    2.0108429776e+04    2.0243428600e+00    9.9895903649e-01
       158   -3.5380560541e+01    1.2524383635e+03   -4.8393954738e+01    1.3013394197e+01   -9.5330300413e+00    3.8688784806e+00   -6.3117037029e+00   -3.6418099474e+01    1.9962054630e+04    2.0258936920e+00    9.9890310852e-01
       159   -3.5378278142e+01    1.2522984605e+03   -4.8250497032e+01    1.2872218889e+01   -9.5942420689e+00    4.0645588656e+00   -6.3027143542e+00   -3.6418099474e+01    2.0038943323e+04    2.0263070790e+00    9.9897154550e-01
       160   -3.5382531002e+01    1.2526027917e+03   -4.8287189161e+01    1.2904658160e+01   -9.4862240926e+00    3.9178786565e+00   -6.3007442513e+00   -3.6418099474e+01    2.0054305020e+04    2.0234593700e+00    9.9894025534e-01
       161   -3.5390179507e+01    1.2531679893e+03   -4.8313200185e+01    1.2923020678e+01   -9.4776974243e+00    3.8851600515e+00   -6.3025633377e+00   -3.6418099474e+01    2.0102196169e+04    2.0260079870e+00    9.9896050265e-01
       162   -3.5383383542e+01    1.2526901001e+03   -4.8326826151e+01    1.2943442609e+01   -9.3998891761e+00    3.7798969785e+00   -6.2887344791e+00   -3.6418099474e+01    2.0049513583e+04    2.0240930800e+00    9.9908073171e-01
       163   -3.5368991815e+01    1.2516897826e+03   -4.8228442649e+01    1.2859450834e+01   -9.3818519774e+00    3.8558157111e+00   -6.2843069087e+00   -3.6418099474e+01    1.9868557225e+04    1.9968950180e+00    9.9891061272e-01
       164   -3.5369215325e+01    1.2516664854e+03   -4.8211977513e+01    1.2842762189e+01   -9.3147288774e+00    3.8336721672e+00   -6.3128213288e+00   -3.6418099474e+01    1.9863859424e+04    2.0108493020e+00    9.9891213660e-01
       165   -3.5366636533e+01    1.2514882742e+03   -4.8196811917e+01    1.2830175384e+01   -9.2887380655e+00    3.8388672747e+00   -6.3288416518e+00   -3.6418099474e+01    1.9738585290e+04    1.9726856350e+00    9.9895405061e-01
       166   -3.5378007223e+01    1.2522866280e+03   -4.8197292274e+01    1.2819285051e+01   -9.3690293804e+00    3.8949070724e+00   -6.3050704918e+00   -3.6418099474e+01    1.9910036177e+04    2.0043747400e+00    9.9897918177e-01
       167   -3.5390275312e+01    1.2531625335e+03   -4.8188181435e+01    1.2797906123e+01   -9.4509753436e+00    3.9768870863e+00   -6.2959937039e+00   -3.6418099474e+01    2.0089052129e+04    2.0218055670e+00    9.9897755966e-01
       168   -3.5381073285e+01    1.2525169432e+03   -4.8196626408e+01    1.2815553122e+01   -9.5473389823e+00    4.0417713174e+00   -6.2729592685e+00   -3.6418099474e+01    2.0102748906e+04    2.0373672190e+00    9.9894816889e-01
       169   -3.5386889196e+01    1.2529291473e+03   -4.8255739076e+01    1.2868849880e+01   -9.5079413311e+00    3.9296219398e+00   -6.2593202101e+00   -3.6418099474e+01    2.0142605579e+04    2.0255628980e+00    9.9897857852e-01
       170   -3.5402975704e+01    1.2540889614e+03   -4.8215058349e+01    1.2812082644e+01   -9.4141352245e+00    3.8592125080e+00   -6.2420361581e+00   -3.6418099474e+01    2.0338220864e+04    2.0387258980e+00    9.9900588739e-01
       171   -3.5386490963e+01    1.2529011609e+03   -4.8066976029e+01    1.2680485066e+01   -9.3576388075e+00    3.9814748425e+00   -6.2727125898e+00   -3.6418099474e+01    2.0365565731e+04    2.0431011950e+00    9.9894251342e-01
       172   -3.5376471103e+01    1.2521967043e+03   -4.8055591542e+01    1.2679120439e+01   -9.3520439405e+00    3.9900943864e+00   -6.2755425132e+00   -3.6418099474e+01    2.0314753526e+04    2.0371250370e+00    9.9899621692e-01
       173   -3.5390406259e+01    1.2531968057e+03   -4.8026332205e+01    1.2635925946e+01   -9.3435560156e+00    3.9826655215e+00   -6.2473422366e+00   -3.6418099474e+01    2.0187510969e+04    2.0339532250e+00    9.9893308327e-01
       174   -3.5417883916e+01    1.2551687428e+03   -4.8118551575e+01    1.2700667659e+01   -9.3151880386e+00    3.8794538520e+00   -6.2647179143e+00   -3.6418099474e+01    2.0238013441e+04    2.0322288470e+00    9.9894428360e-01
       175   -3.5379610158e+01    1.2523910274e+03   -4.8036285869e+01    1.2656675711e+01   -9.3662426162e+00    3.9960803351e+00   -6.2480241142e+00   -3.6418099474e+01    2.0261470201e+04    2.0372696620e+00    9.9890183110e-01
       176   -3.5376868391e+01    1.2521900880e+03   -4.8180272665e+01    1.2803404273e+01   -9.3495799989e+00    3.8610575639e+00   -6.2736507554e+00   -3.6418099474e+01    2.0268444769e+04    2.0503989070e+00    9.9907494203e-01
       177   -3.5382363367e+01    1.2525794454e+03   -4.8187585986e+01    1.2805222619e+01   -9.3746168582e+00    3.8718816630e+00   -6.2667513162e+00   -3.6418099474e+01    2.0316907197e+04    2.0450687990e+00    9.9901911840e-01
       178   -3.5381178282e+01    1.2525179658e+03   -4.8135932436e+01    1.2754754154e+01   -9.3724731326e+00    3.9040904946e+00   -6.2494503233e+00   -3.6418099474e+01    2.0288132882e+04    2.0371920720e+00    9.9897546755e-01
       179   -3.5377153429e+01    1.2522470984e+03   -4.8130644998e+01    1.2753491569e+01   -9.3367506405e+00    3.8608748268e+00   -6.2366697097e+00   -3.6418099474e+01    2.0243840485e+04    2.0692286660e+00    9.9892384340e-01
       180   -3.5359114024e+01    1.2509455466e+03   -4.8172391748e+01    1.2813277724e+01   -9.3049949241e+00    3.8263829060e+00   -6.2756802557e+00   -3.6418099474e+01    2.0310704650e+04    2.0294510180e+00    9.9900319961e-01
       181   -3.5369776841e+01    1.2516820461e+03   -4.8135788638e+01    1.2766011798e+01   -9.2708179132e+00    3.8355244329e+00   -6.2823956840e+00   -3.6418099474e+01    2.0298312957e+04    2.0310236860e+00    9.9899019753e-01
       182   -3.5388057115e+01    1.2530221887e+03   -4.8219421721e+01    1.2831364606e+01   -9.2082022615e+00    3.7157196973e+00   -6.3088396824e+00   -3.6418099474e+01    2.0306353290e+04    2.0314402350e+00    9.9897808422e-01
       183   -3.5385731024e+01    1.2528265784e+03   -4.8286495336e+01    1.2900764312e+01   -9.1949130154e+00    3.6197811536e+00   -6.2932640000e+00   -3.6418099474e+01    2.0266207350e+04    2.0339084110e+00    9.9899721547e-01
       184   -3.5399314701e+01    1.2538125474e+03   -4.8221327069e+01    1.2822012368e+01   -9.2205530790e+00    3.7155527771e+00   -6.2982272934e+00   -3.6418099474e+01    2.0199419145e+04    2.0230602370e+00    9.9903264599e-01
       185   -3.5397805337e+01    1.2537449617e+03   -4.8250221786e+01    1.2852416449e+01   -9.2622557814e+00    3.7059763380e+00   -6.2758428681e+00   -3.6418099474e+01    2.0173699687e+04    2.0297055810e+00    9.9890213411e-01
       186   -3.5407953995e+01    1.2544658095e+03   -4.8186029512e+01    1.2778075517e+01   -9.3472586883e+00    3.8601153866e+00   -6.2807867361e+00   -3.6418099474e+01    2.0211795801e+04    2.0360218500e+00    9.9888823687e-01
       187   -3.5429650381e+01    1.2559352652e+03   -4.8221125836e+01    1.2791475455e+01   -9.3059090718e+00    3.7943471803e+00   -6.2914644703e+00   -3.6418099474e+01    2.0262326079e+04    2.0328134710e+00    9.9896659236e-01
       188   -3.5396057803e+01    1.2535790821e+03   -4.8200084053e+01    1.2804026250e+01   -9.3382351826e+00    3.8528643694e+00   -6.2966137659e+00   -3.6418099474e+01    2.0384554885e+04    2.0504872230e+00    9.9896267014e-01
       189   -3.5383465725e+01    1.2527056477e+03   -4.8192846270e+01    1.2809380546e+01   -9.3985383460e+00    3.9159753751e+00   -6.2921838254e+00   -3.6418099474e+01    2.0399469514e+04    2.0548428490e+00    9.9901260504e-01
       190   -3.5390951629e+01    1.2531837462e+03   -4.8249223337e+01    1.2858271708e+01   -9.3769961760e+00    3.8463600265e+00   -6.3004877132e+00   -3.6418099474e+01    2.0441409310e+04    2.0506721060e+00    9.9900235521e-01
       191   -3.5382101646e+01    1.2525887172e+03   -4.8207525315e+01    1.2825423670e+01   -9.4425897607e+00    3.9689454565e+00   -6.3157815371e+00   -3.6418099474e+01    2.0574325358e+04    2.0883350760e+00    9.9885968384e-01
       192   -3.5394447635e+01    1.2535371509e+03   -4.8245409888e+01    1.2850962254e+01   -9.4449094582e+00    3.9095751634e+00   -6.2919761192e+00   -3.6418099474e+01    2.0541349438e+04    2.0988790490e+00    9.9899156391e-01
       193   -3.5415919242e+01    1.2550993638e+03   -4.8296831628e+01    1.2880912386e+01   -9.4719127281e+00    3.8680419615e+00   -6.2748613875e+00   -3.6418099474e+01    2.0551745267e+04    2.0827497860e+00    9.9904226547e-01
       194   -3.5420309488e+01    1.2553600894e+03   -4.8197203363e+01    1.2776893874e+01   -9.5013462152e+00    4.0228314033e+00   -6.3005890765e+00   -3.6418099474e+01    2.0588907630e+04    2.0844402360e+00    9.9896764477e-01
       195   -3.5410355464e+01    1.2546189499e+03   -4.8317038760e+01    1.2906683296e+01   -9.4804032878e+00    3.8951413279e+00   -6.3136773260e+00   -3.6418099474e+01    2.0539584265e+04    2.0866102310e+00    9.9892523234e-01
       196   -3.5420095613e+01    1.2553043797e+03   -4.8386558806e+01    1.2966463193e+01   -9.5033703514e+00    3.8421090183e+00   -6.3071979983e+00   -3.6418099474e+01    2.0478963948e+04    2.0545318730e+00    9.9895158083e-01
       197   -3.5398074603e+01    1.2537292252e+03   -4.8335816859e+01    1.2937742256e+01   -9.5141034295e+00    3.8866189119e+00   -6.2902328673e+00   -3.6418099474e+01    2.0518630928e+04    2.0679897120e+00    9.9893468134e-01
       198   -3.5405766580e+01    1.2543013740e+03   -4.8194169402e+01    1.2788402822e+01   -9.5885912321e+00    4.1010761471e+00   -6.2885548426e+00   -3.6418099474e+01    2.0444887747e+04    2.0502299940e+00    9.9899017429e-01
       199   -3.5406985556e+01    1.2543845028e+03   -4.8237028144e+01    1.2830042588e+01   -9.5780341129e+00    4.0303593935e+00   -6.2712539500e+00   -3.6418099474e+01    2.0446916067e+04    2.0467320320e+00    9.9896576544e-01
