#  Band    State   TwistIndex BandIndex Energy      Kx      Ky      Kz      K1      K2      K3    KmK 
       0        0        0        0    -0.220854  0.3787  0.2187  0.2180  0.5000  0.0000  0.5000      1
       1        1        0        1    -0.220669  0.3787  0.2187  0.2180  0.5000  0.0000  0.5000      1
       2        2        0        2    -0.196980  0.3787  0.2187  0.2180  0.5000  0.0000  0.5000      1
       3        3        0        3    -0.183864  0.3787  0.2187  0.2180  0.5000  0.0000  0.5000      1
       4        4        0        4    -0.155583  0.3787  0.2187  0.2180  0.5000  0.0000  0.5000      1
       5        5        0        5     0.032840  0.3787  0.2187  0.2180  0.5000  0.0000  0.5000      1
       6        6        0        6     0.048674  0.3787  0.2187  0.2180  0.5000  0.0000  0.5000      1
       7        7        0        7     0.067376  0.3787  0.2187  0.2180  0.5000  0.0000  0.5000      1
       8        8        0        8     0.085834  0.3787  0.2187  0.2180  0.5000  0.0000  0.5000      1
       9        9        0        9     0.122030  0.3787  0.2187  0.2180  0.5000  0.0000  0.5000      1
      10       10        0       10     0.138986  0.3787  0.2187  0.2180  0.5000  0.0000  0.5000      1
      11       11        0       11     0.141604  0.3787  0.2187  0.2180  0.5000  0.0000  0.5000      1
      12       12        0       12     0.154941  0.3787  0.2187  0.2180  0.5000  0.0000  0.5000      1
      13       13        0       13     0.176315  0.3787  0.2187  0.2180  0.5000  0.0000  0.5000      1
      14       14        0       14     0.245276  0.3787  0.2187  0.2180  0.5000  0.0000  0.5000      1
      15       15        0       15     0.269982  0.3787  0.2187  0.2180  0.5000  0.0000  0.5000      1
      16       16        0       16     0.289378  0.3787  0.2187  0.2180  0.5000  0.0000  0.5000      1
      17       17        0       17     0.310200  0.3787  0.2187  0.2180  0.5000  0.0000  0.5000      1
      18       18        0       18     0.314430  0.3787  0.2187  0.2180  0.5000  0.0000  0.5000      1
      19       19        0       19     0.339155  0.3787  0.2187  0.2180  0.5000  0.0000  0.5000      1
      20       20        0       20     0.398460  0.3787  0.2187  0.2180  0.5000  0.0000  0.5000      1
      21       21        0       21     0.438510  0.3787  0.2187  0.2180  0.5000  0.0000  0.5000      1
      22       22        0       22     0.443325  0.3787  0.2187  0.2180  0.5000  0.0000  0.5000      1
      23       23        0       23     0.545881  0.3787  0.2187  0.2180  0.5000  0.0000  0.5000      1
      24       24        0       24     0.550468  0.3787  0.2187  0.2180  0.5000  0.0000  0.5000      1
      25       25        0       25     0.571762  0.3787  0.2187  0.2180  0.5000  0.0000  0.5000      1
      26       26        0       26     0.576541  0.3787  0.2187  0.2180  0.5000  0.0000  0.5000      1
      27       27        0       27     0.584543  0.3787  0.2187  0.2180  0.5000  0.0000  0.5000      1
      28       28        0       28     0.588423  0.3787  0.2187  0.2180  0.5000  0.0000  0.5000      1
      29       29        0       29     0.624811  0.3787  0.2187  0.2180  0.5000  0.0000  0.5000      1
      30       30        0       30     0.629298  0.3787  0.2187  0.2180  0.5000  0.0000  0.5000      1
      31       31        0       31     0.631047  0.3787  0.2187  0.2180  0.5000  0.0000  0.5000      1
      32       32        0       32     0.632497  0.3787  0.2187  0.2180  0.5000  0.0000  0.5000      1
      33       33        0       33     0.641691  0.3787  0.2187  0.2180  0.5000  0.0000  0.5000      1
      34       34        0       34     0.653745  0.3787  0.2187  0.2180  0.5000  0.0000  0.5000      1
      35       35        0       35     0.663169  0.3787  0.2187  0.2180  0.5000  0.0000  0.5000      1
      36       36        0       36     0.683796  0.3787  0.2187  0.2180  0.5000  0.0000  0.5000      1
      37       37        0       37     0.717495  0.3787  0.2187  0.2180  0.5000  0.0000  0.5000      1
      38       38        0       38     0.721500  0.3787  0.2187  0.2180  0.5000  0.0000  0.5000      1
      39       39        0       39     0.726508  0.3787  0.2187  0.2180  0.5000  0.0000  0.5000      1
      40       40        0       40     0.728536  0.3787  0.2187  0.2180  0.5000  0.0000  0.5000      1
      41       41        0       41     0.743615  0.3787  0.2187  0.2180  0.5000  0.0000  0.5000      1
      42       42        0       42     0.749620  0.3787  0.2187  0.2180  0.5000  0.0000  0.5000      1
      43       43        0       43     0.754079  0.3787  0.2187  0.2180  0.5000  0.0000  0.5000      1
      44       44        0       44     0.792693  0.3787  0.2187  0.2180  0.5000  0.0000  0.5000      1
      45       45        0       45     0.798254  0.3787  0.2187  0.2180  0.5000  0.0000  0.5000      1
      46       46        0       46     0.805210  0.3787  0.2187  0.2180  0.5000  0.0000  0.5000      1
      47       47        0       47     0.818457  0.3787  0.2187  0.2180  0.5000  0.0000  0.5000      1
      48       48        0       48     0.837374  0.3787  0.2187  0.2180  0.5000  0.0000  0.5000      1
      49       49        0       49     0.840590  0.3787  0.2187  0.2180  0.5000  0.0000  0.5000      1
      50       50        0       50     0.848743  0.3787  0.2187  0.2180  0.5000  0.0000  0.5000      1
      51       51        0       51     0.851385  0.3787  0.2187  0.2180  0.5000  0.0000  0.5000      1
      52       52        0       52     0.873343  0.3787  0.2187  0.2180  0.5000  0.0000  0.5000      1
      53       53        0       53     0.884239  0.3787  0.2187  0.2180  0.5000  0.0000  0.5000      1
      54       54        0       54     0.891891  0.3787  0.2187  0.2180  0.5000  0.0000  0.5000      1
      55       55        0       55     0.907884  0.3787  0.2187  0.2180  0.5000  0.0000  0.5000      1
      56       56        0       56     0.918265  0.3787  0.2187  0.2180  0.5000  0.0000  0.5000      1
      57       57        0       57     0.934149  0.3787  0.2187  0.2180  0.5000  0.0000  0.5000      1
      58       58        0       58     0.964992  0.3787  0.2187  0.2180  0.5000  0.0000  0.5000      1
      59       59        0       59     0.974045  0.3787  0.2187  0.2180  0.5000  0.0000  0.5000      1
      60       60        0       60     0.976805  0.3787  0.2187  0.2180  0.5000  0.0000  0.5000      1
      61       61        0       61     0.989730  0.3787  0.2187  0.2180  0.5000  0.0000  0.5000      1
      62       62        0       62     1.006341  0.3787  0.2187  0.2180  0.5000  0.0000  0.5000      1
      63       63        0       63     1.021105  0.3787  0.2187  0.2180  0.5000  0.0000  0.5000      1
      64       64        0       64     1.031632  0.3787  0.2187  0.2180  0.5000  0.0000  0.5000      1
      65       65        0       65     1.042594  0.3787  0.2187  0.2180  0.5000  0.0000  0.5000      1
      66       66        0       66     1.068668  0.3787  0.2187  0.2180  0.5000  0.0000  0.5000      1
      67       67        0       67     1.082240  0.3787  0.2187  0.2180  0.5000  0.0000  0.5000      1
      68       68        0       68     1.085094  0.3787  0.2187  0.2180  0.5000  0.0000  0.5000      1
      69       69        0       69     1.089268  0.3787  0.2187  0.2180  0.5000  0.0000  0.5000      1
      70       70        0       70     1.090384  0.3787  0.2187  0.2180  0.5000  0.0000  0.5000      1
      71       71        0       71     1.094448  0.3787  0.2187  0.2180  0.5000  0.0000  0.5000      1
      72       72        0       72     1.109068  0.3787  0.2187  0.2180  0.5000  0.0000  0.5000      1
      73       73        0       73     1.117712  0.3787  0.2187  0.2180  0.5000  0.0000  0.5000      1
      74       74        0       74     1.129575  0.3787  0.2187  0.2180  0.5000  0.0000  0.5000      1
      75       75        0       75     1.136217  0.3787  0.2187  0.2180  0.5000  0.0000  0.5000      1
      76       76        0       76     1.154163  0.3787  0.2187  0.2180  0.5000  0.0000  0.5000      1
      77       77        0       77     1.166155  0.3787  0.2187  0.2180  0.5000  0.0000  0.5000      1
      78       78        0       78     1.175977  0.3787  0.2187  0.2180  0.5000  0.0000  0.5000      1
      79       79        0       79     1.185929  0.3787  0.2187  0.2180  0.5000  0.0000  0.5000      1
      80       80        0       80     1.208467  0.3787  0.2187  0.2180  0.5000  0.0000  0.5000      1
      81       81        0       81     1.212822  0.3787  0.2187  0.2180  0.5000  0.0000  0.5000      1
      82       82        0       82     1.213300  0.3787  0.2187  0.2180  0.5000  0.0000  0.5000      1
      83       83        0       83     1.225117  0.3787  0.2187  0.2180  0.5000  0.0000  0.5000      1
      84       84        0       84     1.227792  0.3787  0.2187  0.2180  0.5000  0.0000  0.5000      1
      85       85        0       85     1.247457  0.3787  0.2187  0.2180  0.5000  0.0000  0.5000      1
      86       86        0       86     1.257809  0.3787  0.2187  0.2180  0.5000  0.0000  0.5000      1
      87       87        0       87     1.263814  0.3787  0.2187  0.2180  0.5000  0.0000  0.5000      1
      88       88        0       88     1.276869  0.3787  0.2187  0.2180  0.5000  0.0000  0.5000      1
      89       89        0       89     1.289818  0.3787  0.2187  0.2180  0.5000  0.0000  0.5000      1
      90       90        0       90     1.295032  0.3787  0.2187  0.2180  0.5000  0.0000  0.5000      1
      91       91        0       91     1.300103  0.3787  0.2187  0.2180  0.5000  0.0000  0.5000      1
      92       92        0       92     1.302826  0.3787  0.2187  0.2180  0.5000  0.0000  0.5000      1
      93       93        0       93     1.309376  0.3787  0.2187  0.2180  0.5000  0.0000  0.5000      1
      94       94        0       94     1.320484  0.3787  0.2187  0.2180  0.5000  0.0000  0.5000      1
      95       95        0       95     1.328805  0.3787  0.2187  0.2180  0.5000  0.0000  0.5000      1
      96       96        0       96     1.339420  0.3787  0.2187  0.2180  0.5000  0.0000  0.5000      1
      97       97        0       97     1.354201  0.3787  0.2187  0.2180  0.5000  0.0000  0.5000      1
      98       98        0       98     1.368003  0.3787  0.2187  0.2180  0.5000  0.0000  0.5000      1
      99       99        0       99     1.380469  0.3787  0.2187  0.2180  0.5000  0.0000  0.5000      1
