#  Band    State   TwistIndex BandIndex Energy      Kx      Ky      Kz      K1      K2      K3    KmK 
       0        0        5        0    -0.239171  0.2840  0.1640  0.1635  0.3750 -0.0000  0.3750      1
       1        1        5        1    -0.232499  0.2840  0.1640  0.1635  0.3750 -0.0000  0.3750      1
       2        2        5        2    -0.192577  0.2840  0.1640  0.1635  0.3750 -0.0000  0.3750      1
       3        3        5        3    -0.163684  0.2840  0.1640  0.1635  0.3750 -0.0000  0.3750      1
       4        4        5        4    -0.151579  0.2840  0.1640  0.1635  0.3750 -0.0000  0.3750      1
       5        5        5        5     0.039318  0.2840  0.1640  0.1635  0.3750 -0.0000  0.3750      1
       6        6        5        6     0.056463  0.2840  0.1640  0.1635  0.3750 -0.0000  0.3750      1
       7        7        5        7     0.084124  0.2840  0.1640  0.1635  0.3750 -0.0000  0.3750      1
       8        8        5        8     0.093200  0.2840  0.1640  0.1635  0.3750 -0.0000  0.3750      1
       9        9        5        9     0.115219  0.2840  0.1640  0.1635  0.3750 -0.0000  0.3750      1
      10       10        5       10     0.118622  0.2840  0.1640  0.1635  0.3750 -0.0000  0.3750      1
      11       11        5       11     0.167255  0.2840  0.1640  0.1635  0.3750 -0.0000  0.3750      1
      12       12        5       12     0.170644  0.2840  0.1640  0.1635  0.3750 -0.0000  0.3750      1
      13       13        5       13     0.179440  0.2840  0.1640  0.1635  0.3750 -0.0000  0.3750      1
      14       14        5       14     0.248996  0.2840  0.1640  0.1635  0.3750 -0.0000  0.3750      1
      15       15        5       15     0.259423  0.2840  0.1640  0.1635  0.3750 -0.0000  0.3750      1
      16       16        5       16     0.268326  0.2840  0.1640  0.1635  0.3750 -0.0000  0.3750      1
      17       17        5       17     0.313961  0.2840  0.1640  0.1635  0.3750 -0.0000  0.3750      1
      18       18        5       18     0.329251  0.2840  0.1640  0.1635  0.3750 -0.0000  0.3750      1
      19       19        5       19     0.354847  0.2840  0.1640  0.1635  0.3750 -0.0000  0.3750      1
      20       20        5       20     0.386302  0.2840  0.1640  0.1635  0.3750 -0.0000  0.3750      1
      21       21        5       21     0.401230  0.2840  0.1640  0.1635  0.3750 -0.0000  0.3750      1
      22       22        5       22     0.487949  0.2840  0.1640  0.1635  0.3750 -0.0000  0.3750      1
      23       23        5       23     0.505360  0.2840  0.1640  0.1635  0.3750 -0.0000  0.3750      1
      24       24        5       24     0.521329  0.2840  0.1640  0.1635  0.3750 -0.0000  0.3750      1
      25       25        5       25     0.530822  0.2840  0.1640  0.1635  0.3750 -0.0000  0.3750      1
      26       26        5       26     0.531596  0.2840  0.1640  0.1635  0.3750 -0.0000  0.3750      1
      27       27        5       27     0.539284  0.2840  0.1640  0.1635  0.3750 -0.0000  0.3750      1
      28       28        5       28     0.572685  0.2840  0.1640  0.1635  0.3750 -0.0000  0.3750      1
      29       29        5       29     0.614206  0.2840  0.1640  0.1635  0.3750 -0.0000  0.3750      1
      30       30        5       30     0.622473  0.2840  0.1640  0.1635  0.3750 -0.0000  0.3750      1
      31       31        5       31     0.637214  0.2840  0.1640  0.1635  0.3750 -0.0000  0.3750      1
      32       32        5       32     0.651461  0.2840  0.1640  0.1635  0.3750 -0.0000  0.3750      1
      33       33        5       33     0.653141  0.2840  0.1640  0.1635  0.3750 -0.0000  0.3750      1
      34       34        5       34     0.661460  0.2840  0.1640  0.1635  0.3750 -0.0000  0.3750      1
      35       35        5       35     0.673609  0.2840  0.1640  0.1635  0.3750 -0.0000  0.3750      1
      36       36        5       36     0.705535  0.2840  0.1640  0.1635  0.3750 -0.0000  0.3750      1
      37       37        5       37     0.706616  0.2840  0.1640  0.1635  0.3750 -0.0000  0.3750      1
      38       38        5       38     0.713973  0.2840  0.1640  0.1635  0.3750 -0.0000  0.3750      1
      39       39        5       39     0.728664  0.2840  0.1640  0.1635  0.3750 -0.0000  0.3750      1
      40       40        5       40     0.731916  0.2840  0.1640  0.1635  0.3750 -0.0000  0.3750      1
      41       41        5       41     0.732981  0.2840  0.1640  0.1635  0.3750 -0.0000  0.3750      1
      42       42        5       42     0.749824  0.2840  0.1640  0.1635  0.3750 -0.0000  0.3750      1
      43       43        5       43     0.750969  0.2840  0.1640  0.1635  0.3750 -0.0000  0.3750      1
      44       44        5       44     0.765733  0.2840  0.1640  0.1635  0.3750 -0.0000  0.3750      1
      45       45        5       45     0.776376  0.2840  0.1640  0.1635  0.3750 -0.0000  0.3750      1
      46       46        5       46     0.801435  0.2840  0.1640  0.1635  0.3750 -0.0000  0.3750      1
      47       47        5       47     0.801824  0.2840  0.1640  0.1635  0.3750 -0.0000  0.3750      1
      48       48        5       48     0.846432  0.2840  0.1640  0.1635  0.3750 -0.0000  0.3750      1
      49       49        5       49     0.849520  0.2840  0.1640  0.1635  0.3750 -0.0000  0.3750      1
      50       50        5       50     0.862837  0.2840  0.1640  0.1635  0.3750 -0.0000  0.3750      1
      51       51        5       51     0.867652  0.2840  0.1640  0.1635  0.3750 -0.0000  0.3750      1
      52       52        5       52     0.882933  0.2840  0.1640  0.1635  0.3750 -0.0000  0.3750      1
      53       53        5       53     0.910274  0.2840  0.1640  0.1635  0.3750 -0.0000  0.3750      1
      54       54        5       54     0.911395  0.2840  0.1640  0.1635  0.3750 -0.0000  0.3750      1
      55       55        5       55     0.925515  0.2840  0.1640  0.1635  0.3750 -0.0000  0.3750      1
      56       56        5       56     0.959981  0.2840  0.1640  0.1635  0.3750 -0.0000  0.3750      1
      57       57        5       57     0.969250  0.2840  0.1640  0.1635  0.3750 -0.0000  0.3750      1
      58       58        5       58     0.974738  0.2840  0.1640  0.1635  0.3750 -0.0000  0.3750      1
      59       59        5       59     0.988077  0.2840  0.1640  0.1635  0.3750 -0.0000  0.3750      1
      60       60        5       60     0.993846  0.2840  0.1640  0.1635  0.3750 -0.0000  0.3750      1
      61       61        5       61     0.995748  0.2840  0.1640  0.1635  0.3750 -0.0000  0.3750      1
      62       62        5       62     1.001376  0.2840  0.1640  0.1635  0.3750 -0.0000  0.3750      1
      63       63        5       63     1.025692  0.2840  0.1640  0.1635  0.3750 -0.0000  0.3750      1
      64       64        5       64     1.035210  0.2840  0.1640  0.1635  0.3750 -0.0000  0.3750      1
      65       65        5       65     1.058139  0.2840  0.1640  0.1635  0.3750 -0.0000  0.3750      1
      66       66        5       66     1.062842  0.2840  0.1640  0.1635  0.3750 -0.0000  0.3750      1
      67       67        5       67     1.070750  0.2840  0.1640  0.1635  0.3750 -0.0000  0.3750      1
      68       68        5       68     1.075421  0.2840  0.1640  0.1635  0.3750 -0.0000  0.3750      1
      69       69        5       69     1.080309  0.2840  0.1640  0.1635  0.3750 -0.0000  0.3750      1
      70       70        5       70     1.091035  0.2840  0.1640  0.1635  0.3750 -0.0000  0.3750      1
      71       71        5       71     1.105860  0.2840  0.1640  0.1635  0.3750 -0.0000  0.3750      1
      72       72        5       72     1.120473  0.2840  0.1640  0.1635  0.3750 -0.0000  0.3750      1
      73       73        5       73     1.125539  0.2840  0.1640  0.1635  0.3750 -0.0000  0.3750      1
      74       74        5       74     1.132934  0.2840  0.1640  0.1635  0.3750 -0.0000  0.3750      1
      75       75        5       75     1.135023  0.2840  0.1640  0.1635  0.3750 -0.0000  0.3750      1
      76       76        5       76     1.156499  0.2840  0.1640  0.1635  0.3750 -0.0000  0.3750      1
      77       77        5       77     1.171444  0.2840  0.1640  0.1635  0.3750 -0.0000  0.3750      1
      78       78        5       78     1.187720  0.2840  0.1640  0.1635  0.3750 -0.0000  0.3750      1
      79       79        5       79     1.196603  0.2840  0.1640  0.1635  0.3750 -0.0000  0.3750      1
      80       80        5       80     1.204025  0.2840  0.1640  0.1635  0.3750 -0.0000  0.3750      1
      81       81        5       81     1.213726  0.2840  0.1640  0.1635  0.3750 -0.0000  0.3750      1
      82       82        5       82     1.223676  0.2840  0.1640  0.1635  0.3750 -0.0000  0.3750      1
      83       83        5       83     1.231670  0.2840  0.1640  0.1635  0.3750 -0.0000  0.3750      1
      84       84        5       84     1.248072  0.2840  0.1640  0.1635  0.3750 -0.0000  0.3750      1
      85       85        5       85     1.255978  0.2840  0.1640  0.1635  0.3750 -0.0000  0.3750      1
      86       86        5       86     1.262545  0.2840  0.1640  0.1635  0.3750 -0.0000  0.3750      1
      87       87        5       87     1.281279  0.2840  0.1640  0.1635  0.3750 -0.0000  0.3750      1
      88       88        5       88     1.281590  0.2840  0.1640  0.1635  0.3750 -0.0000  0.3750      1
      89       89        5       89     1.287269  0.2840  0.1640  0.1635  0.3750 -0.0000  0.3750      1
      90       90        5       90     1.306953  0.2840  0.1640  0.1635  0.3750 -0.0000  0.3750      1
      91       91        5       91     1.317634  0.2840  0.1640  0.1635  0.3750 -0.0000  0.3750      1
      92       92        5       92     1.321413  0.2840  0.1640  0.1635  0.3750 -0.0000  0.3750      1
      93       93        5       93     1.335014  0.2840  0.1640  0.1635  0.3750 -0.0000  0.3750      1
      94       94        5       94     1.336944  0.2840  0.1640  0.1635  0.3750 -0.0000  0.3750      1
      95       95        5       95     1.373275  0.2840  0.1640  0.1635  0.3750 -0.0000  0.3750      1
      96       96        5       96     1.375383  0.2840  0.1640  0.1635  0.3750 -0.0000  0.3750      1
      97       97        5       97     1.376799  0.2840  0.1640  0.1635  0.3750 -0.0000  0.3750      1
      98       98        5       98     1.385998  0.2840  0.1640  0.1635  0.3750 -0.0000  0.3750      1
      99       99        5       99     1.399966  0.2840  0.1640  0.1635  0.3750 -0.0000  0.3750      1
