#   index    LocalEnergy         LocalEnergy_sq      LocalPotential      Kinetic             LocalECP            NonLocalECP         ElecElec            IonIon              BlockWeight         BlockCPU            AcceptRatio         
         0   -3.5952819343e+01    1.2932742559e+03   -4.7817386999e+01    1.1864567656e+01   -8.5433194798e+00    3.6592590692e+00   -6.5152271142e+00   -3.6418099474e+01    2.0491107755e+04    5.3420686800e-01    9.9900885585e-01
         1   -3.5965236523e+01    1.2941750332e+03   -4.7776552101e+01    1.1811315579e+01   -8.5856764063e+00    3.7613303839e+00   -6.5341066048e+00   -3.6418099474e+01    2.0488357100e+04    5.2022811400e-01    9.9896116573e-01
         2   -3.5971444486e+01    1.2946423439e+03   -4.7762091819e+01    1.1790647333e+01   -8.5895840941e+00    3.7549144395e+00   -6.5093226899e+00   -3.6418099474e+01    2.0441441394e+04    5.4590019100e-01    9.9903054737e-01
         3   -3.5949049276e+01    1.2930235599e+03   -4.7741094541e+01    1.1792045266e+01   -8.6330549135e+00    3.8409694998e+00   -6.5309096536e+00   -3.6418099474e+01    2.0596895515e+04    5.7010769700e-01    9.9889915191e-01
         4   -3.5982166021e+01    1.2954311776e+03   -4.7839877763e+01    1.1857711742e+01   -8.6310878092e+00    3.7415072776e+00   -6.5321977570e+00   -3.6418099474e+01    2.0738885800e+04    5.8139391400e-01    9.9892536820e-01
         5   -3.5986809794e+01    1.2957911276e+03   -4.7797725242e+01    1.1810915448e+01   -8.6163351696e+00    3.7532653252e+00   -6.5165559231e+00   -3.6418099474e+01    2.0809437087e+04    5.7201949200e-01    9.9897194209e-01
         6   -3.6007260111e+01    1.2972221975e+03   -4.7850672679e+01    1.1843412568e+01   -8.6389308953e+00    3.7525870950e+00   -6.5462294040e+00   -3.6418099474e+01    2.1036112307e+04    6.0272779800e-01    9.9895072838e-01
         7   -3.5986032714e+01    1.2957325632e+03   -4.7725435784e+01    1.1739403070e+01   -8.6114221918e+00    3.8141992486e+00   -6.5101133662e+00   -3.6418099474e+01    2.1003748890e+04    5.6814883100e-01    9.9898678055e-01
         8   -3.6001271644e+01    1.2967855848e+03   -4.7759693483e+01    1.1758421839e+01   -8.6036822458e+00    3.7841771407e+00   -6.5220889034e+00   -3.6418099474e+01    2.0944324900e+04    5.6914040900e-01    9.9894280940e-01
         9   -3.6011540537e+01    1.2975572113e+03   -4.7780406770e+01    1.1768866234e+01   -8.6634552878e+00    3.8262001866e+00   -6.5250521951e+00   -3.6418099474e+01    2.0897187119e+04    5.9280950700e-01    9.9892665719e-01
        10   -3.6012831271e+01    1.2976212247e+03   -4.7865904343e+01    1.1853073073e+01   -8.6456469206e+00    3.7236589399e+00   -6.5258168886e+00   -3.6418099474e+01    2.0729213901e+04    5.7279455500e-01    9.9897649029e-01
        11   -3.6012786871e+01    1.2976190094e+03   -4.7861386029e+01    1.1848599158e+01   -8.6176383306e+00    3.7099049210e+00   -6.5355531452e+00   -3.6418099474e+01    2.0560786153e+04    5.2376302500e-01    9.9888637169e-01
        12   -3.6014308998e+01    1.2977370230e+03   -4.7875882968e+01    1.1861573970e+01   -8.6642354448e+00    3.7352853068e+00   -6.5288333560e+00   -3.6418099474e+01    2.0523449509e+04    5.3164181100e-01    9.9894005848e-01
        13   -3.6021631141e+01    1.2982560150e+03   -4.7905504795e+01    1.1883873655e+01   -8.6313474714e+00    3.7131899436e+00   -6.5692477932e+00   -3.6418099474e+01    2.0434262443e+04    5.1824360700e-01    9.9896325771e-01
        14   -3.5994570030e+01    1.2962783529e+03   -4.7844955122e+01    1.1850385092e+01   -8.5894331741e+00    3.7759037774e+00   -6.6133262513e+00   -3.6418099474e+01    2.0443327462e+04    5.2103402700e-01    9.9898323562e-01
        15   -3.5983980083e+01    1.2955140902e+03   -4.7851265667e+01    1.1867285584e+01   -8.5325917811e+00    3.6761941009e+00   -6.5767685126e+00   -3.6418099474e+01    2.0337452725e+04    5.4959271000e-01    9.9897276871e-01
        16   -3.5985623430e+01    1.2956687424e+03   -4.7739933240e+01    1.1754309810e+01   -8.5233080518e+00    3.7392888322e+00   -6.5378145462e+00   -3.6418099474e+01    2.0308977523e+04    5.1445236600e-01    9.9894135605e-01
        17   -3.5969022363e+01    1.2944642313e+03   -4.7787578750e+01    1.1818556387e+01   -8.5175205348e+00    3.6875884097e+00   -6.5395471506e+00   -3.6418099474e+01    2.0227565852e+04    5.2178125000e-01    9.9895664148e-01
        18   -3.5974562018e+01    1.2948688454e+03   -4.7756231799e+01    1.1781669781e+01   -8.5088529321e+00    3.6929052096e+00   -6.5221846024e+00   -3.6418099474e+01    2.0180174524e+04    5.6821812600e-01    9.9898242335e-01
        19   -3.5958249547e+01    1.2936820574e+03   -4.7838507379e+01    1.1880257831e+01   -8.5301473227e+00    3.6213875312e+00   -6.5116481128e+00   -3.6418099474e+01    2.0161760188e+04    5.2979780400e-01    9.9896567603e-01
        20   -3.5969622566e+01    1.2945545795e+03   -4.7704257962e+01    1.1734635396e+01   -8.5335171566e+00    3.7920651136e+00   -6.5447064444e+00   -3.6418099474e+01    2.0183730049e+04    5.5247988100e-01    9.9901447327e-01
        21   -3.6004604458e+01    1.2971142459e+03   -4.7784157792e+01    1.1779553334e+01   -8.5811696830e+00    3.7788355321e+00   -6.5637241671e+00   -3.6418099474e+01    2.0179577092e+04    5.5024246500e-01    9.9904049059e-01
        22   -3.6033350882e+01    1.2991373815e+03   -4.7789761239e+01    1.1756410357e+01   -8.6392195183e+00    3.8191783163e+00   -6.5516205627e+00   -3.6418099474e+01    2.0316601771e+04    5.1976911900e-01    9.9896758171e-01
        23   -3.6019707950e+01    1.2981046230e+03   -4.7733209238e+01    1.1713501288e+01   -8.6114186292e+00    3.8633670255e+00   -6.5670581603e+00   -3.6418099474e+01    2.0293286252e+04    5.3380040200e-01    9.9902114055e-01
        24   -3.5993008940e+01    1.2961784144e+03   -4.7782964525e+01    1.1789955586e+01   -8.5641085393e+00    3.7883335039e+00   -6.5890900159e+00   -3.6418099474e+01    2.0265443906e+04    5.1578654700e-01    9.9894247784e-01
        25   -3.5968034424e+01    1.2944242924e+03   -4.7700771482e+01    1.1732737059e+01   -8.6269613822e+00    3.9179461528e+00   -6.5736567787e+00   -3.6418099474e+01    2.0270628707e+04    5.1920106900e-01    9.9894305162e-01
        26   -3.5969442723e+01    1.2944765410e+03   -4.7748641022e+01    1.1779198300e+01   -8.5861313390e+00    3.8195190605e+00   -6.5639292698e+00   -3.6418099474e+01    2.0219968209e+04    5.1823691200e-01    9.9898448649e-01
        27   -3.5979781018e+01    1.2952385150e+03   -4.7712127711e+01    1.1732346694e+01   -8.5840552709e+00    3.8220043732e+00   -6.5319773396e+00   -3.6418099474e+01    2.0142970062e+04    5.3900450900e-01    9.9893435182e-01
        28   -3.5973267736e+01    1.2947918619e+03   -4.7680071683e+01    1.1706803947e+01   -8.5594141332e+00    3.8397859930e+00   -6.5423440688e+00   -3.6418099474e+01    2.0271854951e+04    5.5961502000e-01    9.9901522785e-01
        29   -3.6002043000e+01    1.2968766219e+03   -4.7717853448e+01    1.1715810448e+01   -8.6309692478e+00    3.8374010783e+00   -6.5061858042e+00   -3.6418099474e+01    2.0456480632e+04    5.6168888900e-01    9.9894013047e-01
        30   -3.6003283808e+01    1.2969770977e+03   -4.7772895249e+01    1.1769611441e+01   -8.6358856471e+00    3.7996756701e+00   -6.5185857983e+00   -3.6418099474e+01    2.0534925069e+04    5.3290338300e-01    9.9896160188e-01
        31   -3.6005696022e+01    1.2971277341e+03   -4.7818919468e+01    1.1813223446e+01   -8.5552875061e+00    3.6922921617e+00   -6.5378246493e+00   -3.6418099474e+01    2.0697896140e+04    5.5902404400e-01    9.9888009995e-01
        32   -3.6000831080e+01    1.2967434076e+03   -4.7710142909e+01    1.1709311829e+01   -8.5849143119e+00    3.8081924465e+00   -6.5153215691e+00   -3.6418099474e+01    2.0817654595e+04    5.7777642700e-01    9.9895356577e-01
        33   -3.5988952240e+01    1.2959057087e+03   -4.7709571468e+01    1.1720619227e+01   -8.5932761829e+00    3.8183466777e+00   -6.5165424883e+00   -3.6418099474e+01    2.0717931756e+04    5.7016278800e-01    9.9901583625e-01
        34   -3.5999099548e+01    1.2966478698e+03   -4.7692301073e+01    1.1693201525e+01   -8.5732523579e+00    3.8252386470e+00   -6.5261878879e+00   -3.6418099474e+01    2.0767100587e+04    5.7214785800e-01    9.9894583700e-01
        35   -3.5992157000e+01    1.2961602985e+03   -4.7794716414e+01    1.1802559414e+01   -8.5552681976e+00    3.7069191826e+00   -6.5282679247e+00   -3.6418099474e+01    2.0836143821e+04    5.7216446700e-01    9.9896833013e-01
        36   -3.6016590240e+01    1.2979339556e+03   -4.7783888228e+01    1.1767297988e+01   -8.5926612799e+00    3.7487009383e+00   -6.5218284118e+00   -3.6418099474e+01    2.1027390374e+04    6.4766928000e-01    9.9902850621e-01
        37   -3.6008482266e+01    1.2973205402e+03   -4.7783360553e+01    1.1774878287e+01   -8.6386733895e+00    3.7743198154e+00   -6.5009075051e+00   -3.6418099474e+01    2.1066802918e+04    5.6371332200e-01    9.9901683584e-01
        38   -3.5989947793e+01    1.2959878753e+03   -4.7797702585e+01    1.1807754792e+01   -8.6510592081e+00    3.7842030537e+00   -6.5127469566e+00   -3.6418099474e+01    2.0970290679e+04    5.7850849900e-01    9.9894947968e-01
        39   -3.5980907916e+01    1.2953213279e+03   -4.7794435342e+01    1.1813527426e+01   -8.6428784940e+00    3.7856201748e+00   -6.5190775490e+00   -3.6418099474e+01    2.0705116347e+04    5.8714247700e-01    9.9894805822e-01
        40   -3.5979004749e+01    1.2951695609e+03   -4.7723647806e+01    1.1744643057e+01   -8.6528075334e+00    3.8209659576e+00   -6.4737067559e+00   -3.6418099474e+01    2.0690165862e+04    5.7632597300e-01    9.9888171746e-01
        41   -3.5991714655e+01    1.2960910455e+03   -4.7733138836e+01    1.1741424182e+01   -8.6496004973e+00    3.8001842635e+00   -6.4656231282e+00   -3.6418099474e+01    2.0660851495e+04    5.6884895500e-01    9.9899578958e-01
        42   -3.5985601814e+01    1.2956566320e+03   -4.7841702694e+01    1.1856100880e+01   -8.6325518740e+00    3.6986059995e+00   -6.4896573457e+00   -3.6418099474e+01    2.0540140504e+04    5.2513419100e-01    9.9892206907e-01
        43   -3.5978947894e+01    1.2951742366e+03   -4.7808915360e+01    1.1829967465e+01   -8.6308398045e+00    3.7206017341e+00   -6.4805778151e+00   -3.6418099474e+01    2.0725016465e+04    5.6626611200e-01    9.9901798636e-01
        44   -3.5975607539e+01    1.2949274335e+03   -4.7869257439e+01    1.1893649900e+01   -8.6175603631e+00    3.6362747107e+00   -6.4698723128e+00   -3.6418099474e+01    2.0731790029e+04    5.7001732100e-01    9.9893053470e-01
        45   -3.6010490334e+01    1.2974495967e+03   -4.7840458647e+01    1.1829968313e+01   -8.6535491112e+00    3.7024571144e+00   -6.4712671763e+00   -3.6418099474e+01    2.0775738448e+04    5.7880673600e-01    9.9900636067e-01
        46   -3.5986107214e+01    1.2957217987e+03   -4.7817430382e+01    1.1831323168e+01   -8.6518151538e+00    3.7378446891e+00   -6.4853604431e+00   -3.6418099474e+01    2.0917837020e+04    5.7202748100e-01    9.9900144066e-01
        47   -3.5985026450e+01    1.2956427314e+03   -4.7733596991e+01    1.1748570541e+01   -8.7188902681e+00    3.9000310062e+00   -6.4966382549e+00   -3.6418099474e+01    2.0883475922e+04    5.7677100100e-01    9.9899297648e-01
        48   -3.6001081833e+01    1.2968494907e+03   -4.7744169419e+01    1.1743087587e+01   -8.7380912693e+00    3.9189726250e+00   -6.5069513008e+00   -3.6418099474e+01    2.0711249011e+04    5.7097924400e-01    9.9889987861e-01
        49   -3.6007388167e+01    1.2972855690e+03   -4.7802573053e+01    1.1795184886e+01   -8.8065613634e+00    3.9241394823e+00   -6.5020516981e+00   -3.6418099474e+01    2.0744667320e+04    5.6959126500e-01    9.9896355573e-01
        50   -3.6008382046e+01    1.2973658645e+03   -4.7907325272e+01    1.1898943226e+01   -8.7775435294e+00    3.7587769594e+00   -6.4704592279e+00   -3.6418099474e+01    2.0844523908e+04    5.6894828200e-01    9.9903197067e-01
        51   -3.6007960602e+01    1.2973079969e+03   -4.7887868572e+01    1.1879907969e+01   -8.8045440458e+00    3.8118556937e+00   -6.4770807453e+00   -3.6418099474e+01    2.0860514593e+04    5.7669927300e-01    9.9898991282e-01
        52   -3.6014345435e+01    1.2977878579e+03   -4.7849646897e+01    1.1835301462e+01   -8.7309880898e+00    3.8106103795e+00   -6.5111697123e+00   -3.6418099474e+01    2.0744361566e+04    5.7682945500e-01    9.9899277553e-01
        53   -3.6010820158e+01    1.2975173791e+03   -4.7888987715e+01    1.1878167557e+01   -8.7181864047e+00    3.7362403214e+00   -6.4889421574e+00   -3.6418099474e+01    2.0611512960e+04    5.6575808800e-01    9.9900182306e-01
        54   -3.6006535067e+01    1.2972728851e+03   -4.7859919559e+01    1.1853384493e+01   -8.7160250925e+00    3.7448585738e+00   -6.4706535665e+00   -3.6418099474e+01    2.0584219339e+04    5.5611460700e-01    9.9892768651e-01
        55   -3.5988189200e+01    1.2959218141e+03   -4.7839884169e+01    1.1851694969e+01   -8.7748500301e+00    3.8222675101e+00   -6.4692021747e+00   -3.6418099474e+01    2.0453357411e+04    5.2253768000e-01    9.9904489517e-01
        56   -3.5998761070e+01    1.2966180914e+03   -4.7862674566e+01    1.1863913496e+01   -8.6883168478e+00    3.7290232581e+00   -6.4852815023e+00   -3.6418099474e+01    2.0450198936e+04    5.4893347300e-01    9.9897654793e-01
        57   -3.6020574052e+01    1.2982072899e+03   -4.7867651849e+01    1.1847077797e+01   -8.6269287467e+00    3.6805073317e+00   -6.5031309599e+00   -3.6418099474e+01    2.0434550597e+04    5.5473090100e-01    9.9898079061e-01
        58   -3.6011753740e+01    1.2975877392e+03   -4.7824741574e+01    1.1812987834e+01   -8.6393015248e+00    3.7418929919e+00   -6.5092335670e+00   -3.6418099474e+01    2.0385706851e+04    5.4111240800e-01    9.9899240890e-01
        59   -3.5996526002e+01    1.2964288635e+03   -4.7830989184e+01    1.1834463181e+01   -8.6180717550e+00    3.7087107265e+00   -6.5035286809e+00   -3.6418099474e+01    2.0394236710e+04    5.2443459200e-01    9.9894046276e-01
        60   -3.5984261018e+01    1.2955656587e+03   -4.7889655789e+01    1.1905394771e+01   -8.6139624413e+00    3.6371714187e+00   -6.4947652923e+00   -3.6418099474e+01    2.0284922095e+04    5.2998831000e-01    9.9893130040e-01
        61   -3.5988282357e+01    1.2958497398e+03   -4.7887658727e+01    1.1899376370e+01   -8.6373449939e+00    3.6646264632e+00   -6.4968407220e+00   -3.6418099474e+01    2.0173620685e+04    5.1177560900e-01    9.9895895300e-01
        62   -3.5996276934e+01    1.2964450191e+03   -4.7788013666e+01    1.1791736733e+01   -8.6220304964e+00    3.7361431202e+00   -6.4840268162e+00   -3.6418099474e+01    2.0125843616e+04    5.1767748400e-01    9.9894394195e-01
        63   -3.5995876533e+01    1.2963904243e+03   -4.7836509098e+01    1.1840632566e+01   -8.5860596243e+00    3.6455199587e+00   -6.4778699587e+00   -3.6418099474e+01    1.9928671911e+04    5.2700512000e-01    9.9894056403e-01
        64   -3.5984331783e+01    1.2955543394e+03   -4.7878681761e+01    1.1894349978e+01   -8.5520275605e+00    3.5736700638e+00   -6.4822247904e+00   -3.6418099474e+01    1.9948606911e+04    5.0934105600e-01    9.9894352326e-01
        65   -3.5983137442e+01    1.2954569883e+03   -4.7818405718e+01    1.1835268276e+01   -8.5704213732e+00    3.6409740012e+00   -6.4708588714e+00   -3.6418099474e+01    2.0100801402e+04    5.2627379600e-01    9.9903513323e-01
        66   -3.5963373198e+01    1.2940387276e+03   -4.7780414835e+01    1.1817041637e+01   -8.5430868670e+00    3.6766978545e+00   -6.4959263486e+00   -3.6418099474e+01    2.0172665404e+04    5.3949488200e-01    9.9893791775e-01
        67   -3.5967062580e+01    1.2943273877e+03   -4.7798419786e+01    1.1831357206e+01   -8.4475523394e+00    3.5695391245e+00   -6.5023070966e+00   -3.6418099474e+01    2.0014059449e+04    5.1281882900e-01    9.9896863067e-01
        68   -3.5976730955e+01    1.2950204879e+03   -4.7761098138e+01    1.1784367183e+01   -8.4696400301e+00    3.6158763770e+00   -6.4892350111e+00   -3.6418099474e+01    1.9949064409e+04    5.2829576400e-01    9.9894900057e-01
        69   -3.5976290782e+01    1.2950122773e+03   -4.7727895281e+01    1.1751604499e+01   -8.5236701594e+00    3.7193619050e+00   -6.5054875520e+00   -3.6418099474e+01    1.9961625207e+04    5.0881696600e-01    9.9899083882e-01
        70   -3.5993431764e+01    1.2962970085e+03   -4.7839430500e+01    1.1845998736e+01   -8.5282744944e+00    3.6393215158e+00   -6.5323780469e+00   -3.6418099474e+01    2.0055144038e+04    5.1496682300e-01    9.9901679289e-01
        71   -3.6003294398e+01    1.2969433666e+03   -4.7716477421e+01    1.1713183023e+01   -8.5805317120e+00    3.8004000741e+00   -6.5182463091e+00   -3.6418099474e+01    2.0096481668e+04    5.1906730200e-01    9.9890498233e-01
        72   -3.6003253802e+01    1.2969419119e+03   -4.7731719153e+01    1.1728465351e+01   -8.5419220814e+00    3.7358520213e+00   -6.5075496187e+00   -3.6418099474e+01    2.0171444190e+04    5.5069810500e-01    9.9898875051e-01
        73   -3.5995636987e+01    1.2963787217e+03   -4.7699223966e+01    1.1703586979e+01   -8.5554200835e+00    3.7681793277e+00   -6.4938837361e+00   -3.6418099474e+01    2.0195371259e+04    5.1733276500e-01    9.9902188986e-01
        74   -3.5985190416e+01    1.2956160766e+03   -4.7657397448e+01    1.1672207032e+01   -8.5737986226e+00    3.8620531866e+00   -6.5275525378e+00   -3.6418099474e+01    2.0279576921e+04    5.2060267400e-01    9.9899966890e-01
        75   -3.6002132577e+01    1.2968020352e+03   -4.7849838040e+01    1.1847705464e+01   -8.5519333807e+00    3.6477889251e+00   -6.5275941105e+00   -3.6418099474e+01    2.0192440967e+04    5.3599169400e-01    9.9901815789e-01
        76   -3.5998741141e+01    1.2965652880e+03   -4.7831265470e+01    1.1832524329e+01   -8.6795978027e+00    3.7745155124e+00   -6.5080837055e+00   -3.6418099474e+01    2.0086057876e+04    5.1152104300e-01    9.9892577917e-01
        77   -3.5989661551e+01    1.2959026063e+03   -4.7813582002e+01    1.1823920451e+01   -8.6925146784e+00    3.8010849717e+00   -6.5040528209e+00   -3.6418099474e+01    2.0014817911e+04    5.1288336300e-01    9.9908800160e-01
        78   -3.5990402898e+01    1.2959781512e+03   -4.7718793674e+01    1.1728390777e+01   -8.6084551225e+00    3.8059438460e+00   -6.4981829236e+00   -3.6418099474e+01    2.0002421269e+04    5.1556800000e-01    9.9893739374e-01
        79   -3.5968010554e+01    1.2943591097e+03   -4.7804225866e+01    1.1836215312e+01   -8.5882432926e+00    3.7262119893e+00   -6.5240950887e+00   -3.6418099474e+01    2.0000430053e+04    5.0958950800e-01    9.9892148250e-01
        80   -3.5971273309e+01    1.2946235008e+03   -4.7749851621e+01    1.1778578312e+01   -8.6315327408e+00    3.8034961433e+00   -6.5037155497e+00   -3.6418099474e+01    1.9971957505e+04    5.1152491700e-01    9.9898602974e-01
        81   -3.5977330138e+01    1.2950655407e+03   -4.7718213074e+01    1.1740882936e+01   -8.7204313725e+00    3.9294047055e+00   -6.5090869332e+00   -3.6418099474e+01    1.9935232926e+04    5.1090689800e-01    9.9896438784e-01
        82   -3.6003026925e+01    1.2969641047e+03   -4.7773098494e+01    1.1770071569e+01   -8.7046306146e+00    3.8364610886e+00   -6.4868294942e+00   -3.6418099474e+01    1.9986755257e+04    5.2317240300e-01    9.9901508652e-01
        83   -3.5996089866e+01    1.2964166065e+03   -4.7772525619e+01    1.1776435753e+01   -8.6354269063e+00    3.7870073495e+00   -6.5060065876e+00   -3.6418099474e+01    1.9894366594e+04    5.0944654500e-01    9.9890996725e-01
        84   -3.5997268761e+01    1.2964941055e+03   -4.7779308260e+01    1.1782039499e+01   -8.5928553146e+00    3.7278263449e+00   -6.4961798160e+00   -3.6418099474e+01    1.9949315387e+04    5.5528698700e-01    9.9897744285e-01
        85   -3.5981863508e+01    1.2953676271e+03   -4.7728987612e+01    1.1747124104e+01   -8.5691549912e+00    3.7600415867e+00   -6.5017747330e+00   -3.6418099474e+01    2.0048976831e+04    5.1138932100e-01    9.9897205852e-01
        86   -3.5988766313e+01    1.2958851541e+03   -4.7802505971e+01    1.1813739659e+01   -8.5167359574e+00    3.6727458859e+00   -6.5404164257e+00   -3.6418099474e+01    2.0074523912e+04    5.0656020500e-01    9.9905869876e-01
        87   -3.6003684901e+01    1.2969688163e+03   -4.7744794589e+01    1.1741109689e+01   -8.5510234069e+00    3.7357001817e+00   -6.5113718899e+00   -3.6418099474e+01    2.0126972255e+04    5.2012894600e-01    9.9900601362e-01
        88   -3.5998256454e+01    1.2965682902e+03   -4.7798534213e+01    1.1800277759e+01   -8.4939477977e+00    3.6202566208e+00   -6.5067435618e+00   -3.6418099474e+01    2.0282068721e+04    5.1522466400e-01    9.9894859566e-01
        89   -3.5987985172e+01    1.2958110371e+03   -4.7809973526e+01    1.1821988354e+01   -8.5343827012e+00    3.6564982597e+00   -6.5139896101e+00   -3.6418099474e+01    2.0430854760e+04    5.3468650000e-01    9.9895466972e-01
        90   -3.5993273476e+01    1.2961860841e+03   -4.7852030771e+01    1.1858757294e+01   -8.5474203849e+00    3.6303890141e+00   -6.5168999256e+00   -3.6418099474e+01    2.0465555225e+04    5.1881863100e-01    9.9900701546e-01
        91   -3.5977056180e+01    1.2950364546e+03   -4.7915128626e+01    1.1938072446e+01   -8.5836670165e+00    3.5923341400e+00   -6.5056962755e+00   -3.6418099474e+01    2.0481557365e+04    5.4188449300e-01    9.9901321524e-01
        92   -3.5981747450e+01    1.2953374549e+03   -4.7929108210e+01    1.1947360760e+01   -8.5938732247e+00    3.5880816174e+00   -6.5052171284e+00   -3.6418099474e+01    2.0257779627e+04    5.5060088700e-01    9.9893516494e-01
        93   -3.5972572173e+01    1.2946729944e+03   -4.7944282608e+01    1.1971710435e+01   -8.6053527969e+00    3.6033129033e+00   -6.5241432404e+00   -3.6418099474e+01    2.0105078427e+04    5.0841774100e-01    9.9899634064e-01
        94   -3.5974953076e+01    1.2948828005e+03   -4.7841058784e+01    1.1866105708e+01   -8.6279985027e+00    3.7485814821e+00   -6.5435422891e+00   -3.6418099474e+01    2.0055492422e+04    5.3359625200e-01    9.9898137265e-01
        95   -3.5969390082e+01    1.2944492022e+03   -4.7947216741e+01    1.1977826659e+01   -8.5876291775e+00    3.6197122045e+00   -6.5612002936e+00   -3.6418099474e+01    1.9866599290e+04    5.4203740000e-01    9.9901657617e-01
        96   -3.5976233628e+01    1.2949719683e+03   -4.7972372994e+01    1.1996139366e+01   -8.5784927533e+00    3.5673050197e+00   -6.5430857865e+00   -3.6418099474e+01    1.9796532819e+04    5.0659955600e-01    9.9903465150e-01
        97   -3.5972548531e+01    1.2946913530e+03   -4.7948272115e+01    1.1975723583e+01   -8.5975678592e+00    3.6183261580e+00   -6.5509309394e+00   -3.6418099474e+01    1.9774373921e+04    5.0484745200e-01    9.9902273893e-01
        98   -3.5968815645e+01    1.2944208826e+03   -4.7873096329e+01    1.1904280684e+01   -8.5297139014e+00    3.6376320183e+00   -6.5629149718e+00   -3.6418099474e+01    1.9678287342e+04    5.2032438400e-01    9.9894536213e-01
        99   -3.5981260912e+01    1.2953593714e+03   -4.7892886206e+01    1.1911625294e+01   -8.5339538026e+00    3.6167899333e+00   -6.5576228625e+00   -3.6418099474e+01    1.9764324300e+04    5.0366218600e-01    9.9903479789e-01
       100   -3.5977681968e+01    1.2951072328e+03   -4.7774505157e+01    1.1796823189e+01   -8.6024259933e+00    3.7799346029e+00   -6.5339142922e+00   -3.6418099474e+01    1.9768979547e+04    4.9975772600e-01    9.9895739222e-01
       101   -3.5997726042e+01    1.2965959514e+03   -4.7784650228e+01    1.1786924187e+01   -8.5796492861e+00    3.7458382478e+00   -6.5327397159e+00   -3.6418099474e+01    1.9887205026e+04    5.3441210000e-01    9.9899576028e-01
       102   -3.5989686305e+01    1.2959851537e+03   -4.7783594086e+01    1.1793907781e+01   -8.5480501340e+00    3.6928586254e+00   -6.5103031030e+00   -3.6418099474e+01    1.9867832366e+04    5.0772903200e-01    9.9893191593e-01
       103   -3.5986123420e+01    1.2957001658e+03   -4.7758793817e+01    1.1772670397e+01   -8.5329669177e+00    3.6885862788e+00   -6.4963137037e+00   -3.6418099474e+01    1.9745980136e+04    5.2622125800e-01    9.9895245332e-01
       104   -3.5995497259e+01    1.2963617198e+03   -4.7809054294e+01    1.1813557036e+01   -8.6050481132e+00    3.6973974416e+00   -6.4833041486e+00   -3.6418099474e+01    1.9769152484e+04    5.0166464000e-01    9.9891019107e-01
       105   -3.5997693591e+01    1.2965141406e+03   -4.7767179532e+01    1.1769485941e+01   -8.6434799412e+00    3.7821948017e+00   -6.4877949179e+00   -3.6418099474e+01    1.9819747972e+04    5.0933197900e-01    9.9892741773e-01
       106   -3.5992858341e+01    1.2961907544e+03   -4.7866199520e+01    1.1873341179e+01   -8.6733540708e+00    3.7260278094e+00   -6.5007737848e+00   -3.6418099474e+01    1.9911077437e+04    5.3472972700e-01    9.9893960599e-01
       107   -3.5999951328e+01    1.2966892126e+03   -4.7919200683e+01    1.1919249355e+01   -8.6188889803e+00    3.6341537120e+00   -6.5163659404e+00   -3.6418099474e+01    1.9926166298e+04    5.2870824700e-01    9.9896903889e-01
       108   -3.6017047657e+01    1.2978972082e+03   -4.7897518222e+01    1.1880470565e+01   -8.5733966099e+00    3.6179752817e+00   -6.5239974200e+00   -3.6418099474e+01    2.0015939547e+04    5.2562513300e-01    9.9890925579e-01
       109   -3.6019882711e+01    1.2981368950e+03   -4.7912730084e+01    1.1892847372e+01   -8.6173270619e+00    3.6259124151e+00   -6.5032159626e+00   -3.6418099474e+01    2.0114317248e+04    5.1584786500e-01    9.9897857676e-01
       110   -3.6030743929e+01    1.2989206687e+03   -4.7926145668e+01    1.1895401739e+01   -8.6476854792e+00    3.6663626706e+00   -6.5267233851e+00   -3.6418099474e+01    2.0010334212e+04    5.3621633400e-01    9.9904454731e-01
       111   -3.6028457509e+01    1.2987641252e+03   -4.8012091076e+01    1.1983633566e+01   -8.6063846369e+00    3.5174382010e+00   -6.5050451658e+00   -3.6418099474e+01    2.0122937706e+04    5.3633451300e-01    9.9890434993e-01
       112   -3.6040709773e+01    1.2996412374e+03   -4.7880452624e+01    1.1839742851e+01   -8.6134487986e+00    3.6372502183e+00   -6.4861545700e+00   -3.6418099474e+01    2.0216403518e+04    5.1141118000e-01    9.9904368300e-01
       113   -3.6023809869e+01    1.2984460682e+03   -4.7922242394e+01    1.1898432525e+01   -8.6374693405e+00    3.6061565919e+00   -6.4728301709e+00   -3.6418099474e+01    2.0267491678e+04    5.3600692600e-01    9.9898281540e-01
       114   -3.6022693393e+01    1.2983439331e+03   -4.7812301021e+01    1.1789607628e+01   -8.6634812076e+00    3.7357139121e+00   -6.4664342510e+00   -3.6418099474e+01    2.0454510915e+04    5.1598474500e-01    9.9899396378e-01
       115   -3.6010768154e+01    1.2974720623e+03   -4.7701093304e+01    1.1690325150e+01   -8.7214748746e+00    3.9303525369e+00   -6.4918714922e+00   -3.6418099474e+01    2.0635017536e+04    5.4706703600e-01    9.9895451807e-01
       116   -3.6010504079e+01    1.2974335043e+03   -4.7754378843e+01    1.1743874764e+01   -8.6795063961e+00    3.8537749947e+00   -6.5105479675e+00   -3.6418099474e+01    2.0486397287e+04    5.2558391600e-01    9.9901486250e-01
       117   -3.6009958523e+01    1.2973986324e+03   -4.7795841332e+01    1.1785882808e+01   -8.6297648571e+00    3.7399811705e+00   -6.4879581710e+00   -3.6418099474e+01    2.0560831933e+04    5.5062909700e-01    9.9901150751e-01
       118   -3.6015608575e+01    1.2978001285e+03   -4.7825216236e+01    1.1809607661e+01   -8.6789027655e+00    3.7871892234e+00   -6.5154032195e+00   -3.6418099474e+01    2.0588528191e+04    5.3580074600e-01    9.9892952566e-01
       119   -3.6013664647e+01    1.2976720959e+03   -4.7804844525e+01    1.1791179878e+01   -8.7116802778e+00    3.8492686005e+00   -6.5243333738e+00   -3.6418099474e+01    2.0542039871e+04    5.3579120800e-01    9.9903841472e-01
       120   -3.6017187890e+01    1.2979455983e+03   -4.7833068164e+01    1.1815880274e+01   -8.6516409865e+00    3.7698457691e+00   -6.5331734723e+00   -3.6418099474e+01    2.0429445581e+04    5.3337252000e-01    9.9892983045e-01
       121   -3.6016025604e+01    1.2978402723e+03   -4.7844624631e+01    1.1828599027e+01   -8.5918593853e+00    3.7148966933e+00   -6.5495624652e+00   -3.6418099474e+01    2.0510229030e+04    5.2428471700e-01    9.9905602541e-01
       122   -3.5999406064e+01    1.2966538368e+03   -4.7762607545e+01    1.1763201482e+01   -8.5867197499e+00    3.8064649440e+00   -6.5642532654e+00   -3.6418099474e+01    2.0692015623e+04    5.9765730100e-01    9.9891957943e-01
       123   -3.5979371265e+01    1.2951964679e+03   -4.7749612697e+01    1.1770241432e+01   -8.6014629271e+00    3.8104054459e+00   -6.5404557414e+00   -3.6418099474e+01    2.0658265254e+04    5.6482987900e-01    9.9895257914e-01
       124   -3.5975782685e+01    1.2949290849e+03   -4.7821189975e+01    1.1845407290e+01   -8.6127095552e+00    3.7593869836e+00   -6.5497679291e+00   -3.6418099474e+01    2.0645877013e+04    5.5469231100e-01    9.9900904142e-01
       125   -3.5975865542e+01    1.2949733335e+03   -4.7845356722e+01    1.1869491180e+01   -8.6796570119e+00    3.8036703563e+00   -6.5512705925e+00   -3.6418099474e+01    2.0777905919e+04    5.6745530700e-01    9.9900340218e-01
       126   -3.6004808486e+01    1.2970655609e+03   -4.7915850529e+01    1.1911042042e+01   -8.6686824813e+00    3.7176328332e+00   -6.5467014065e+00   -3.6418099474e+01    2.0658208452e+04    5.7070084300e-01    9.9897307166e-01
       127   -3.6003836755e+01    1.2969636801e+03   -4.7907492912e+01    1.1903656157e+01   -8.6696527986e+00    3.7060490249e+00   -6.5257896641e+00   -3.6418099474e+01    2.0476841160e+04    5.2124124700e-01    9.9898656899e-01
       128   -3.5996565331e+01    1.2964075784e+03   -4.7852110429e+01    1.1855545098e+01   -8.6725308037e+00    3.7278854101e+00   -6.4893655613e+00   -3.6418099474e+01    2.0477802160e+04    5.1715310200e-01    9.9897445915e-01
       129   -3.5999029541e+01    1.2966069304e+03   -4.7908127310e+01    1.1909097770e+01   -8.6763385066e+00    3.6791111614e+00   -6.4928004910e+00   -3.6418099474e+01    2.0517613445e+04    5.7898394700e-01    9.9898516213e-01
       130   -3.5991301844e+01    1.2960750856e+03   -4.7820191304e+01    1.1828889460e+01   -8.6389128119e+00    3.7123526845e+00   -6.4755317028e+00   -3.6418099474e+01    2.0574664557e+04    5.3331403900e-01    9.9898807210e-01
       131   -3.5983510653e+01    1.2955475686e+03   -4.7769282215e+01    1.1785771562e+01   -8.7062982998e+00    3.8363214188e+00   -6.4812058598e+00   -3.6418099474e+01    2.0660263813e+04    5.5650298700e-01    9.9897682650e-01
       132   -3.5996116095e+01    1.2964909929e+03   -4.7764540073e+01    1.1768423977e+01   -8.7106250043e+00    3.8472771812e+00   -6.4830927755e+00   -3.6418099474e+01    2.0728925549e+04    5.8651930700e-01    9.9896290579e-01
       133   -3.5981978224e+01    1.2954143001e+03   -4.7864244330e+01    1.1882266106e+01   -8.7017037358e+00    3.7384517799e+00   -6.4828929001e+00   -3.6418099474e+01    2.0731207449e+04    5.7686479000e-01    9.9903377149e-01
       134   -3.5989262781e+01    1.2959561607e+03   -4.7915097766e+01    1.1925834985e+01   -8.6768914503e+00    3.6617044050e+00   -6.4818112464e+00   -3.6418099474e+01    2.0736199699e+04    5.8130993500e-01    9.9896852183e-01
       135   -3.5990093066e+01    1.2960164086e+03   -4.7882641718e+01    1.1892548652e+01   -8.7152329599e+00    3.7135804427e+00   -6.4628897263e+00   -3.6418099474e+01    2.0641036838e+04    5.7214490000e-01    9.9896026518e-01
       136   -3.5996747209e+01    1.2965137994e+03   -4.7855697051e+01    1.1858949842e+01   -8.7752871304e+00    3.7990215684e+00   -6.4613320147e+00   -3.6418099474e+01    2.0535555218e+04    5.2685342600e-01    9.9890430972e-01
       137   -3.5979183341e+01    1.2952056176e+03   -4.7902395381e+01    1.1923212040e+01   -8.7309462842e+00    3.7201833896e+00   -6.4735330120e+00   -3.6418099474e+01    2.0539046066e+04    5.2128679600e-01    9.9901078574e-01
       138   -3.5979387898e+01    1.2952243725e+03   -4.7893541449e+01    1.1914153551e+01   -8.7577993624e+00    3.7444254607e+00   -6.4620680732e+00   -3.6418099474e+01    2.0480016894e+04    5.4048012300e-01    9.9898870841e-01
       139   -3.5993001494e+01    1.2962272172e+03   -4.7853314867e+01    1.1860313372e+01   -8.8241260368e+00    3.8613021852e+00   -6.4723915410e+00   -3.6418099474e+01    2.0470881297e+04    5.5722261800e-01    9.9899683873e-01
       140   -3.5994029023e+01    1.2962865372e+03   -4.7748191759e+01    1.1754162736e+01   -8.8327852759e+00    3.9905533221e+00   -6.4878603313e+00   -3.6418099474e+01    2.0502809789e+04    5.5591444000e-01    9.9896530821e-01
       141   -3.5981061787e+01    1.2953354515e+03   -4.7756740648e+01    1.1775678860e+01   -8.7539394364e+00    3.9236755480e+00   -6.5083772850e+00   -3.6418099474e+01    2.0422312056e+04    5.3907221700e-01    9.9898753567e-01
       142   -3.5981210641e+01    1.2953556812e+03   -4.7835000307e+01    1.1853789666e+01   -8.6549327140e+00    3.7478134463e+00   -6.5097815653e+00   -3.6418099474e+01    2.0359304263e+04    5.1749004900e-01    9.9892651919e-01
       143   -3.5991123480e+01    1.2961223508e+03   -4.7760426073e+01    1.1769302592e+01   -8.6433746123e+00    3.7946473726e+00   -6.4935993587e+00   -3.6418099474e+01    2.0409206827e+04    5.1613287900e-01    9.9897454204e-01
       144   -3.6007120791e+01    1.2972572774e+03   -4.7747787730e+01    1.1740666939e+01   -8.6733449923e+00    3.8291521065e+00   -6.4854953699e+00   -3.6418099474e+01    2.0260690694e+04    5.2526848100e-01    9.9888569172e-01
       145   -3.5992499690e+01    1.2961942420e+03   -4.7795315075e+01    1.1802815384e+01   -8.6704186958e+00    3.7648478112e+00   -6.4716447157e+00   -3.6418099474e+01    2.0258194770e+04    5.1537077400e-01    9.9898442789e-01
       146   -3.5969003500e+01    1.2944720246e+03   -4.7747258766e+01    1.1778255267e+01   -8.7000652807e+00    3.8539488096e+00   -6.4830428212e+00   -3.6418099474e+01    2.0264969094e+04    5.1257088700e-01    9.9901674702e-01
       147   -3.5994198846e+01    1.2963578284e+03   -4.7802049990e+01    1.1807851144e+01   -8.6905644985e+00    3.8288626546e+00   -6.5222486716e+00   -3.6418099474e+01    2.0363532751e+04    5.2931038200e-01    9.9897919093e-01
       148   -3.5983840362e+01    1.2955953999e+03   -4.7787672391e+01    1.1803832029e+01   -8.6794777540e+00    3.8197490625e+00   -6.5098442252e+00   -3.6418099474e+01    2.0272368956e+04    5.5215716700e-01    9.9890600447e-01
       149   -3.5995710037e+01    1.2964030929e+03   -4.7845394176e+01    1.1849684139e+01   -8.6397632101e+00    3.7187989389e+00   -6.5063304306e+00   -3.6418099474e+01    2.0169315864e+04    5.1109549500e-01    9.9893384905e-01
       150   -3.5994279469e+01    1.2963009373e+03   -4.7847796711e+01    1.1853517241e+01   -8.6369458679e+00    3.7059196229e+00   -6.4986709915e+00   -3.6418099474e+01    2.0112941248e+04    5.4363910600e-01    9.9897345183e-01
       151   -3.5985706041e+01    1.2957043988e+03   -4.7838902881e+01    1.1853196840e+01   -8.5978140850e+00    3.6874699162e+00   -6.5104592381e+00   -3.6418099474e+01    2.0060810867e+04    5.0255044700e-01    9.9896733208e-01
       152   -3.6003001231e+01    1.2969297943e+03   -4.7917465920e+01    1.1914464689e+01   -8.5807883869e+00    3.5849225144e+00   -6.5035005737e+00   -3.6418099474e+01    2.0122643668e+04    5.0895491500e-01    9.9900226532e-01
       153   -3.6001999410e+01    1.2968633919e+03   -4.7926893796e+01    1.1924894387e+01   -8.6223446551e+00    3.6389436291e+00   -6.5253932963e+00   -3.6418099474e+01    2.0210180040e+04    5.2836606000e-01    9.9902080005e-01
       154   -3.6021968169e+01    1.2983379843e+03   -4.7906050654e+01    1.1884082484e+01   -8.6654931035e+00    3.6874250199e+00   -6.5098830961e+00   -3.6418099474e+01    2.0254485130e+04    5.2041211000e-01    9.9895398966e-01
       155   -3.5992208697e+01    1.2960967356e+03   -4.7838345789e+01    1.1846137092e+01   -8.6423641299e+00    3.7352126490e+00   -6.5130948341e+00   -3.6418099474e+01    2.0286661014e+04    5.1021453100e-01    9.9897003416e-01
       156   -3.5997153174e+01    1.2964911070e+03   -4.7868120087e+01    1.1870966914e+01   -8.7080682863e+00    3.7486794827e+00   -6.4906318096e+00   -3.6418099474e+01    2.0354981098e+04    5.1936765400e-01    9.9897347530e-01
       157   -3.5994946011e+01    1.2963469925e+03   -4.7846600219e+01    1.1851654208e+01   -8.7791721106e+00    3.8205202570e+00   -6.4698488914e+00   -3.6418099474e+01    2.0418935305e+04    5.3620123500e-01    9.9892601766e-01
       158   -3.6000618598e+01    1.2967626920e+03   -4.7798135698e+01    1.1797517100e+01   -8.8016549777e+00    3.8750467926e+00   -6.4534280390e+00   -3.6418099474e+01    2.0581541248e+04    5.2150695000e-01    9.9899872976e-01
       159   -3.6006841373e+01    1.2972135917e+03   -4.7782131225e+01    1.1775289852e+01   -8.8382736961e+00    3.9159037624e+00   -6.4416618175e+00   -3.6418099474e+01    2.0506321056e+04    5.2749369000e-01    9.9897406778e-01
       160   -3.5994727627e+01    1.2963318748e+03   -4.7792193172e+01    1.1797465545e+01   -8.8214120176e+00    3.8848951419e+00   -6.4375768221e+00   -3.6418099474e+01    2.0460322310e+04    5.2251358200e-01    9.9892124005e-01
       161   -3.6000125853e+01    1.2967738776e+03   -4.7829131101e+01    1.1829005248e+01   -8.8012308716e+00    3.8395938970e+00   -6.4493946522e+00   -3.6418099474e+01    2.0436920636e+04    5.1493836300e-01    9.9896186515e-01
       162   -3.5991189792e+01    1.2960696109e+03   -4.7966868546e+01    1.1975678754e+01   -8.8013004312e+00    3.7428158031e+00   -6.4902844438e+00   -3.6418099474e+01    2.0446301213e+04    5.1779414000e-01    9.9885418049e-01
       163   -3.5979859412e+01    1.2952639405e+03   -4.7862001988e+01    1.1882142576e+01   -8.8895429670e+00    3.9369184758e+00   -6.4912780229e+00   -3.6418099474e+01    2.0413224553e+04    5.1865925700e-01    9.9900983171e-01
       164   -3.5973908005e+01    1.2948833444e+03   -4.7836238171e+01    1.1862330166e+01   -8.9075977889e+00    3.9553122751e+00   -6.4658531834e+00   -3.6418099474e+01    2.0519571002e+04    5.5663730000e-01    9.9893678481e-01
       165   -3.5975088689e+01    1.2949511067e+03   -4.7933640426e+01    1.1958551737e+01   -8.8406575932e+00    3.8114798439e+00   -6.4863632029e+00   -3.6418099474e+01    2.0483075475e+04    5.1841520100e-01    9.9895229728e-01
       166   -3.6000851942e+01    1.2968219319e+03   -4.7974361654e+01    1.1973509712e+01   -8.7796677600e+00    3.6893540080e+00   -6.4659484278e+00   -3.6418099474e+01    2.0316812699e+04    5.2698971900e-01    9.9902073166e-01
       167   -3.5989948993e+01    1.2960073201e+03   -4.8010160298e+01    1.2020211305e+01   -8.7125739801e+00    3.6176014412e+00   -6.4970882851e+00   -3.6418099474e+01    2.0264209542e+04    5.2809770200e-01    9.9900240410e-01
       168   -3.6000717870e+01    1.2968085313e+03   -4.7912438375e+01    1.1911720505e+01   -8.6893171464e+00    3.6801623027e+00   -6.4851840576e+00   -3.6418099474e+01    2.0448336173e+04    5.2096471800e-01    9.9899561214e-01
       169   -3.5980762125e+01    1.2953982982e+03   -4.7876054837e+01    1.1895292713e+01   -8.7252824917e+00    3.7418344344e+00   -6.4745073059e+00   -3.6418099474e+01    2.0453729708e+04    5.4273687200e-01    9.9901361043e-01
       170   -3.6001715907e+01    1.2969428425e+03   -4.7832859245e+01    1.1831143338e+01   -8.7900307631e+00    3.8594621859e+00   -6.4841911939e+00   -3.6418099474e+01    2.0472371571e+04    5.3456495200e-01    9.9891833046e-01
       171   -3.5992364064e+01    1.2961665585e+03   -4.7876877262e+01    1.1884513198e+01   -8.7233508703e+00    3.7407814987e+00   -6.4762084165e+00   -3.6418099474e+01    2.0541317378e+04    5.2659185800e-01    9.9894988664e-01
       172   -3.5989605842e+01    1.2959583889e+03   -4.7719850697e+01    1.1730244856e+01   -8.6991925175e+00    3.8664802532e+00   -6.4690389590e+00   -3.6418099474e+01    2.0392695558e+04    5.1637620600e-01    9.9897724009e-01
       173   -3.6000807316e+01    1.2967802191e+03   -4.7679200843e+01    1.1678393528e+01   -8.6340443201e+00    3.8546224873e+00   -6.4816795365e+00   -3.6418099474e+01    2.0334895598e+04    5.1254720800e-01    9.9899700683e-01
       174   -3.6000166811e+01    1.2967747473e+03   -4.7739911576e+01    1.1739744765e+01   -8.6014556593e+00    3.7786255526e+00   -6.4989819952e+00   -3.6418099474e+01    2.0357789765e+04    5.1475657300e-01    9.9900340387e-01
       175   -3.5998622847e+01    1.2966306808e+03   -4.7737651533e+01    1.1739028686e+01   -8.6339136019e+00    3.8084123614e+00   -6.4940508187e+00   -3.6418099474e+01    2.0464292506e+04    5.1652362700e-01    9.9898248407e-01
       176   -3.5994898078e+01    1.2963435827e+03   -4.7753401670e+01    1.1758503592e+01   -8.6350034128e+00    3.8136940724e+00   -6.5139928554e+00   -3.6418099474e+01    2.0558576971e+04    5.3655559200e-01    9.9892643472e-01
       177   -3.6006389736e+01    1.2972259308e+03   -4.7882699087e+01    1.1876309351e+01   -8.5927381977e+00    3.6083179782e+00   -6.4801793935e+00   -3.6418099474e+01    2.0616127595e+04    5.4018208900e-01    9.9893281591e-01
       178   -3.6017495568e+01    1.2980045006e+03   -4.7952268945e+01    1.1934773377e+01   -8.5515427348e+00    3.4906692062e+00   -6.4732959424e+00   -3.6418099474e+01    2.0684001732e+04    5.8956957200e-01    9.9899320978e-01
       179   -3.6006194094e+01    1.2971662385e+03   -4.7888168038e+01    1.1881973944e+01   -8.6002014222e+00    3.6110265418e+00   -6.4808936830e+00   -3.6418099474e+01    2.0759795163e+04    5.6327936600e-01    9.9897983760e-01
       180   -3.6003912737e+01    1.2969865662e+03   -4.7879884910e+01    1.1875972173e+01   -8.5844305189e+00    3.5898187688e+00   -6.4671736859e+00   -3.6418099474e+01    2.0916723314e+04    5.6489547400e-01    9.9899783519e-01
       181   -3.5998773676e+01    1.2966751586e+03   -4.7882696362e+01    1.1883922686e+01   -8.6115200216e+00    3.6130411759e+00   -6.4661180416e+00   -3.6418099474e+01    2.0699513421e+04    5.7213996600e-01    9.9903731359e-01
       182   -3.6011352941e+01    1.2975383544e+03   -4.7976367640e+01    1.1965014699e+01   -8.5292974246e+00    3.4521965414e+00   -6.4811672823e+00   -3.6418099474e+01    2.0665681394e+04    5.5722432500e-01    9.9897164150e-01
       183   -3.6019454090e+01    1.2981198969e+03   -4.7892113525e+01    1.1872659434e+01   -8.5682741039e+00    3.5901424240e+00   -6.4958823705e+00   -3.6418099474e+01    2.0699041525e+04    5.5290306200e-01    9.9902500138e-01
       184   -3.6033748252e+01    1.2991582861e+03   -4.7743682871e+01    1.1709934620e+01   -8.6297022628e+00    3.8164756329e+00   -6.5123567671e+00   -3.6418099474e+01    2.0595570420e+04    5.4798758000e-01    9.9894534530e-01
       185   -3.6019838510e+01    1.2981293914e+03   -4.7708873291e+01    1.1689034780e+01   -8.6385397637e+00    3.8255164864e+00   -6.4777505391e+00   -3.6418099474e+01    2.0561894015e+04    5.5745727200e-01    9.9886726107e-01
       186   -3.5991871993e+01    1.2961012603e+03   -4.7758765802e+01    1.1766893809e+01   -8.6169150793e+00    3.7386389989e+00   -6.4623902476e+00   -3.6418099474e+01    2.0609921888e+04    5.3366303800e-01    9.9895865099e-01
       187   -3.6010963693e+01    1.2974643549e+03   -4.7792725783e+01    1.1781762090e+01   -8.6636902812e+00    3.7614809536e+00   -6.4724169815e+00   -3.6418099474e+01    2.0603128850e+04    5.3064936100e-01    9.9893729153e-01
       188   -3.5996461067e+01    1.2964773664e+03   -4.7779887987e+01    1.1783426920e+01   -8.7202935251e+00    3.8407892459e+00   -6.4822842332e+00   -3.6418099474e+01    2.0533944943e+04    5.5567297100e-01    9.9898426303e-01
       189   -3.5995957111e+01    1.2964831507e+03   -4.7759616989e+01    1.1763659879e+01   -8.8065331574e+00    3.9680080841e+00   -6.5029924420e+00   -3.6418099474e+01    2.0469129260e+04    5.1906411700e-01    9.9891647997e-01
       190   -3.6001140512e+01    1.2969094155e+03   -4.7821859916e+01    1.1820719404e+01   -8.7611444395e+00    3.8625181822e+00   -6.5051341848e+00   -3.6418099474e+01    2.0508036819e+04    5.2760518600e-01    9.9898989195e-01
       191   -3.6004170629e+01    1.2971080127e+03   -4.7835180067e+01    1.1831009438e+01   -8.7707153726e+00    3.8537485176e+00   -6.5001137377e+00   -3.6418099474e+01    2.0381404627e+04    5.1358169500e-01    9.9902210258e-01
       192   -3.5993646584e+01    1.2962688525e+03   -4.7880251926e+01    1.1886605342e+01   -8.7493869246e+00    3.7908232857e+00   -6.5035888131e+00   -3.6418099474e+01    2.0384136611e+04    5.1676867800e-01    9.9889964326e-01
       193   -3.6000389071e+01    1.2967177808e+03   -4.7866335850e+01    1.1865946779e+01   -8.7850976364e+00    3.8221610547e+00   -6.4852997936e+00   -3.6418099474e+01    2.0498974092e+04    5.2483791600e-01    9.9894240553e-01
       194   -3.5986043372e+01    1.2957025284e+03   -4.7823692119e+01    1.1837648748e+01   -8.7176547745e+00    3.8114255038e+00   -6.4993633746e+00   -3.6418099474e+01    2.0451238339e+04    5.1405997600e-01    9.9897150959e-01
       195   -3.5981432552e+01    1.2953331571e+03   -4.7735631160e+01    1.1754198608e+01   -8.6660196694e+00    3.8363738942e+00   -6.4878859106e+00   -3.6418099474e+01    2.0259460834e+04    5.1769725400e-01    9.9892116768e-01
       196   -3.5979970217e+01    1.2952224503e+03   -4.7877502426e+01    1.1897532209e+01   -8.6191568171e+00    3.6464682525e+00   -6.4867143870e+00   -3.6418099474e+01    2.0104458526e+04    5.1135192300e-01    9.9907978512e-01
       197   -3.5987847019e+01    1.2958118647e+03   -4.7812510286e+01    1.1824663267e+01   -8.6088895926e+00    3.7138043055e+00   -6.4993255245e+00   -3.6418099474e+01    2.0156645299e+04    5.2094797700e-01    9.9892617925e-01
       198   -3.5982329339e+01    1.2954365068e+03   -4.7730871836e+01    1.1748542497e+01   -8.6257851705e+00    3.8239962871e+00   -6.5109834789e+00   -3.6418099474e+01    2.0137029390e+04    5.2677478600e-01    9.9890388217e-01
       199   -3.5980047898e+01    1.2952656340e+03   -4.7834321941e+01    1.1854274043e+01   -8.5689965304e+00    3.6915678522e+00   -6.5387937886e+00   -3.6418099474e+01    2.0122822355e+04    5.1077475600e-01    9.9907173385e-01
