#  Band    State   TwistIndex BandIndex Energy      Kx      Ky      Kz      K1      K2      K3    KmK 
       0        0        0        0    -0.283846  0.0000  0.0000  0.0000  0.0000  0.0000  0.0000      1
       1        1        0        1    -0.259314  0.0000  0.0000  0.0000  0.0000  0.0000  0.0000      1
       2        2        0        2    -0.213507  0.0000  0.0000  0.0000  0.0000  0.0000  0.0000      1
       3        3        0        3    -0.126213  0.0000  0.0000  0.0000  0.0000  0.0000  0.0000      1
       4        4        0        4    -0.109215  0.0000  0.0000  0.0000  0.0000  0.0000  0.0000      1
       5        5        0        5     0.125168  0.0000  0.0000  0.0000  0.0000  0.0000  0.0000      1
       6        6        0        6     0.132440  0.0000  0.0000  0.0000  0.0000  0.0000  0.0000      1
       7        7        0        7     0.145905  0.0000  0.0000  0.0000  0.0000  0.0000  0.0000      1
       8        8        0        8     0.145906  0.0000  0.0000  0.0000  0.0000  0.0000  0.0000      1
       9        9        0        9     0.146380  0.0000  0.0000  0.0000  0.0000  0.0000  0.0000      1
      10       10        0       10     0.146380  0.0000  0.0000  0.0000  0.0000  0.0000  0.0000      1
      11       11        0       11     0.179170  0.0000  0.0000  0.0000  0.0000  0.0000  0.0000      1
      12       12        0       12     0.179172  0.0000  0.0000  0.0000  0.0000  0.0000  0.0000      1
      13       13        0       13     0.211924  0.0000  0.0000  0.0000  0.0000  0.0000  0.0000      1
      14       14        0       14     0.218812  0.0000  0.0000  0.0000  0.0000  0.0000  0.0000      1
      15       15        0       15     0.237005  0.0000  0.0000  0.0000  0.0000  0.0000  0.0000      1
      16       16        0       16     0.237006  0.0000  0.0000  0.0000  0.0000  0.0000  0.0000      1
      17       17        0       17     0.285845  0.0000  0.0000  0.0000  0.0000  0.0000  0.0000      1
      18       18        0       18     0.290792  0.0000  0.0000  0.0000  0.0000  0.0000  0.0000      1
      19       19        0       19     0.290798  0.0000  0.0000  0.0000  0.0000  0.0000  0.0000      1
      20       20        0       20     0.405293  0.0000  0.0000  0.0000  0.0000  0.0000  0.0000      1
      21       21        0       21     0.424005  0.0000  0.0000  0.0000  0.0000  0.0000  0.0000      1
      22       22        0       22     0.450950  0.0000  0.0000  0.0000  0.0000  0.0000  0.0000      1
      23       23        0       23     0.450952  0.0000  0.0000  0.0000  0.0000  0.0000  0.0000      1
      24       24        0       24     0.451333  0.0000  0.0000  0.0000  0.0000  0.0000  0.0000      1
      25       25        0       25     0.462769  0.0000  0.0000  0.0000  0.0000  0.0000  0.0000      1
      26       26        0       26     0.462774  0.0000  0.0000  0.0000  0.0000  0.0000  0.0000      1
      27       27        0       27     0.500982  0.0000  0.0000  0.0000  0.0000  0.0000  0.0000      1
      28       28        0       28     0.500994  0.0000  0.0000  0.0000  0.0000  0.0000  0.0000      1
      29       29        0       29     0.520088  0.0000  0.0000  0.0000  0.0000  0.0000  0.0000      1
      30       30        0       30     0.530982  0.0000  0.0000  0.0000  0.0000  0.0000  0.0000      1
      31       31        0       31     0.533217  0.0000  0.0000  0.0000  0.0000  0.0000  0.0000      1
      32       32        0       32     0.584577  0.0000  0.0000  0.0000  0.0000  0.0000  0.0000      1
      33       33        0       33     0.593591  0.0000  0.0000  0.0000  0.0000  0.0000  0.0000      1
      34       34        0       34     0.593593  0.0000  0.0000  0.0000  0.0000  0.0000  0.0000      1
      35       35        0       35     0.617604  0.0000  0.0000  0.0000  0.0000  0.0000  0.0000      1
      36       36        0       36     0.617605  0.0000  0.0000  0.0000  0.0000  0.0000  0.0000      1
      37       37        0       37     0.654141  0.0000  0.0000  0.0000  0.0000  0.0000  0.0000      1
      38       38        0       38     0.654148  0.0000  0.0000  0.0000  0.0000  0.0000  0.0000      1
      39       39        0       39     0.660874  0.0000  0.0000  0.0000  0.0000  0.0000  0.0000      1
      40       40        0       40     0.704642  0.0000  0.0000  0.0000  0.0000  0.0000  0.0000      1
      41       41        0       41     0.704646  0.0000  0.0000  0.0000  0.0000  0.0000  0.0000      1
      42       42        0       42     0.729714  0.0000  0.0000  0.0000  0.0000  0.0000  0.0000      1
      43       43        0       43     0.817293  0.0000  0.0000  0.0000  0.0000  0.0000  0.0000      1
      44       44        0       44     0.831697  0.0000  0.0000  0.0000  0.0000  0.0000  0.0000      1
      45       45        0       45     0.857375  0.0000  0.0000  0.0000  0.0000  0.0000  0.0000      1
      46       46        0       46     0.857383  0.0000  0.0000  0.0000  0.0000  0.0000  0.0000      1
      47       47        0       47     0.861178  0.0000  0.0000  0.0000  0.0000  0.0000  0.0000      1
      48       48        0       48     0.922809  0.0000  0.0000  0.0000  0.0000  0.0000  0.0000      1
      49       49        0       49     0.922820  0.0000  0.0000  0.0000  0.0000  0.0000  0.0000      1
      50       50        0       50     0.938014  0.0000  0.0000  0.0000  0.0000  0.0000  0.0000      1
      51       51        0       51     0.951336  0.0000  0.0000  0.0000  0.0000  0.0000  0.0000      1
      52       52        0       52     0.951336  0.0000  0.0000  0.0000  0.0000  0.0000  0.0000      1
      53       53        0       53     0.968562  0.0000  0.0000  0.0000  0.0000  0.0000  0.0000      1
      54       54        0       54     0.989454  0.0000  0.0000  0.0000  0.0000  0.0000  0.0000      1
      55       55        0       55     0.996191  0.0000  0.0000  0.0000  0.0000  0.0000  0.0000      1
      56       56        0       56     0.996197  0.0000  0.0000  0.0000  0.0000  0.0000  0.0000      1
      57       57        0       57     1.039880  0.0000  0.0000  0.0000  0.0000  0.0000  0.0000      1
      58       58        0       58     1.039889  0.0000  0.0000  0.0000  0.0000  0.0000  0.0000      1
      59       59        0       59     1.060460  0.0000  0.0000  0.0000  0.0000  0.0000  0.0000      1
      60       60        0       60     1.063891  0.0000  0.0000  0.0000  0.0000  0.0000  0.0000      1
      61       61        0       61     1.063893  0.0000  0.0000  0.0000  0.0000  0.0000  0.0000      1
      62       62        0       62     1.066440  0.0000  0.0000  0.0000  0.0000  0.0000  0.0000      1
      63       63        0       63     1.088969  0.0000  0.0000  0.0000  0.0000  0.0000  0.0000      1
      64       64        0       64     1.106222  0.0000  0.0000  0.0000  0.0000  0.0000  0.0000      1
      65       65        0       65     1.106226  0.0000  0.0000  0.0000  0.0000  0.0000  0.0000      1
      66       66        0       66     1.109437  0.0000  0.0000  0.0000  0.0000  0.0000  0.0000      1
      67       67        0       67     1.109439  0.0000  0.0000  0.0000  0.0000  0.0000  0.0000      1
      68       68        0       68     1.114850  0.0000  0.0000  0.0000  0.0000  0.0000  0.0000      1
      69       69        0       69     1.114862  0.0000  0.0000  0.0000  0.0000  0.0000  0.0000      1
      70       70        0       70     1.133534  0.0000  0.0000  0.0000  0.0000  0.0000  0.0000      1
      71       71        0       71     1.139889  0.0000  0.0000  0.0000  0.0000  0.0000  0.0000      1
      72       72        0       72     1.139894  0.0000  0.0000  0.0000  0.0000  0.0000  0.0000      1
      73       73        0       73     1.164636  0.0000  0.0000  0.0000  0.0000  0.0000  0.0000      1
      74       74        0       74     1.181321  0.0000  0.0000  0.0000  0.0000  0.0000  0.0000      1
      75       75        0       75     1.196291  0.0000  0.0000  0.0000  0.0000  0.0000  0.0000      1
      76       76        0       76     1.207688  0.0000  0.0000  0.0000  0.0000  0.0000  0.0000      1
      77       77        0       77     1.208020  0.0000  0.0000  0.0000  0.0000  0.0000  0.0000      1
      78       78        0       78     1.230598  0.0000  0.0000  0.0000  0.0000  0.0000  0.0000      1
      79       79        0       79     1.230618  0.0000  0.0000  0.0000  0.0000  0.0000  0.0000      1
      80       80        0       80     1.234173  0.0000  0.0000  0.0000  0.0000  0.0000  0.0000      1
      81       81        0       81     1.246364  0.0000  0.0000  0.0000  0.0000  0.0000  0.0000      1
      82       82        0       82     1.253490  0.0000  0.0000  0.0000  0.0000  0.0000  0.0000      1
      83       83        0       83     1.253494  0.0000  0.0000  0.0000  0.0000  0.0000  0.0000      1
      84       84        0       84     1.281391  0.0000  0.0000  0.0000  0.0000  0.0000  0.0000      1
      85       85        0       85     1.281401  0.0000  0.0000  0.0000  0.0000  0.0000  0.0000      1
      86       86        0       86     1.287840  0.0000  0.0000  0.0000  0.0000  0.0000  0.0000      1
      87       87        0       87     1.287854  0.0000  0.0000  0.0000  0.0000  0.0000  0.0000      1
      88       88        0       88     1.299137  0.0000  0.0000  0.0000  0.0000  0.0000  0.0000      1
      89       89        0       89     1.299144  0.0000  0.0000  0.0000  0.0000  0.0000  0.0000      1
      90       90        0       90     1.301044  0.0000  0.0000  0.0000  0.0000  0.0000  0.0000      1
      91       91        0       91     1.324720  0.0000  0.0000  0.0000  0.0000  0.0000  0.0000      1
      92       92        0       92     1.324734  0.0000  0.0000  0.0000  0.0000  0.0000  0.0000      1
      93       93        0       93     1.336163  0.0000  0.0000  0.0000  0.0000  0.0000  0.0000      1
      94       94        0       94     1.338534  0.0000  0.0000  0.0000  0.0000  0.0000  0.0000      1
      95       95        0       95     1.354947  0.0000  0.0000  0.0000  0.0000  0.0000  0.0000      1
      96       96        0       96     1.354966  0.0000  0.0000  0.0000  0.0000  0.0000  0.0000      1
      97       97        0       97     1.380048  0.0000  0.0000  0.0000  0.0000  0.0000  0.0000      1
      98       98        0       98     1.387573  0.0000  0.0000  0.0000  0.0000  0.0000  0.0000      1
      99       99        0       99     1.391393  0.0000  0.0000  0.0000  0.0000  0.0000  0.0000      1
