#   index    LocalEnergy         LocalEnergy_sq      LocalPotential      Kinetic             LocalECP            NonLocalECP         ElecElec            IonIon              BlockWeight         BlockCPU            AcceptRatio         
         0   -3.5135590805e+01    1.2353038155e+03   -4.8400369274e+01    1.3264778468e+01   -9.7581994627e+00    3.8901965901e+00   -6.1142669267e+00   -3.6418099474e+01    2.0485048295e+04    2.0731636930e+00    9.9873289319e-01
         1   -3.5140098359e+01    1.2355986198e+03   -4.8434505163e+01    1.3294406804e+01   -9.6987926193e+00    3.8062692018e+00   -6.1238822710e+00   -3.6418099474e+01    2.0485804780e+04    2.0502707290e+00    9.9867673210e-01
         2   -3.5127094716e+01    1.2346861692e+03   -4.8422078447e+01    1.3294983731e+01   -9.7652736124e+00    3.8820285832e+00   -6.1207339440e+00   -3.6418099474e+01    2.0432865697e+04    2.0341436200e+00    9.9866682975e-01
         3   -3.5127922509e+01    1.2347462924e+03   -4.8529895373e+01    1.3401972864e+01   -9.7538704621e+00    3.7667995828e+00   -6.1247250198e+00   -3.6418099474e+01    2.0306768153e+04    2.0121204530e+00    9.9875118725e-01
         4   -3.5125178845e+01    1.2345381876e+03   -4.8600125837e+01    1.3474946992e+01   -9.7863991285e+00    3.7451278015e+00   -6.1407550360e+00   -3.6418099474e+01    2.0232137392e+04    2.0103019350e+00    9.9878363110e-01
         5   -3.5122463213e+01    1.2343478645e+03   -4.8527771565e+01    1.3405308352e+01   -9.8249228596e+00    3.8605916324e+00   -6.1453408640e+00   -3.6418099474e+01    2.0259564362e+04    2.0053567590e+00    9.9876063072e-01
         6   -3.5122590180e+01    1.2343823740e+03   -4.8443357292e+01    1.3320767113e+01   -9.8581873221e+00    3.9528899113e+00   -6.1199604075e+00   -3.6418099474e+01    2.0183463558e+04    2.0190930180e+00    9.9869573220e-01
         7   -3.5136668564e+01    1.2353930289e+03   -4.8464853752e+01    1.3328185189e+01   -9.9334493053e+00    3.9863858036e+00   -6.0996907765e+00   -3.6418099474e+01    2.0283002669e+04    2.0098596490e+00    9.9874782498e-01
         8   -3.5146217764e+01    1.2360549449e+03   -4.8560755351e+01    1.3414537586e+01   -9.9252281470e+00    3.9058457352e+00   -6.1232734648e+00   -3.6418099474e+01    2.0294984865e+04    2.0067334790e+00    9.9879250862e-01
         9   -3.5144899375e+01    1.2359498119e+03   -4.8641813122e+01    1.3496913747e+01   -9.8250376593e+00    3.7297910220e+00   -6.1284670105e+00   -3.6418099474e+01    2.0241661655e+04    2.0026138620e+00    9.9870110618e-01
        10   -3.5129605615e+01    1.2349428904e+03   -4.8607568251e+01    1.3477962636e+01   -9.8790858266e+00    3.8009554500e+00   -6.1113383999e+00   -3.6418099474e+01    2.0306031332e+04    2.0146113370e+00    9.9865620713e-01
        11   -3.5127988256e+01    1.2347832639e+03   -4.8511403968e+01    1.3383415712e+01   -9.8243854923e+00    3.8161616004e+00   -6.0850806024e+00   -3.6418099474e+01    2.0307296524e+04    2.0130560240e+00    9.9873014310e-01
        12   -3.5118357219e+01    1.2340638364e+03   -4.8462215566e+01    1.3343858347e+01   -9.8035175745e+00    3.8445760106e+00   -6.0851745283e+00   -3.6418099474e+01    2.0337501022e+04    2.0088330440e+00    9.9866723325e-01
        13   -3.5141953193e+01    1.2357369473e+03   -4.8523621165e+01    1.3381667973e+01   -9.7442337548e+00    3.7568297001e+00   -6.1181176366e+00   -3.6418099474e+01    2.0247564017e+04    2.0116693610e+00    9.9867326272e-01
        14   -3.5137841249e+01    1.2354228609e+03   -4.8645558154e+01    1.3507716906e+01   -9.7636361681e+00    3.6760213015e+00   -6.1398438136e+00   -3.6418099474e+01    2.0203172148e+04    2.0022522250e+00    9.9876938745e-01
        15   -3.5105333039e+01    1.2331370232e+03   -4.8582259045e+01    1.3476926006e+01   -9.8482974060e+00    3.8378480101e+00   -6.1537101747e+00   -3.6418099474e+01    2.0171369108e+04    1.9984753190e+00    9.9871114856e-01
        16   -3.5104372096e+01    1.2330929238e+03   -4.8484017113e+01    1.3379645017e+01   -9.8665362595e+00    3.9483211256e+00   -6.1477025047e+00   -3.6418099474e+01    2.0122162585e+04    1.9986778130e+00    9.9865121958e-01
        17   -3.5094964352e+01    1.2323779265e+03   -4.8557751791e+01    1.3462787439e+01   -9.8811087202e+00    3.8926505429e+00   -6.1511941398e+00   -3.6418099474e+01    2.0033042563e+04    1.9990011710e+00    9.9867731470e-01
        18   -3.5094575582e+01    1.2323928929e+03   -4.8558269279e+01    1.3463693697e+01   -9.8419458629e+00    3.8245165615e+00   -6.1227405029e+00   -3.6418099474e+01    1.9897488696e+04    1.9930933590e+00    9.9871307956e-01
        19   -3.5112772400e+01    1.2337012208e+03   -4.8570868913e+01    1.3458096513e+01   -9.8128737554e+00    3.7852776200e+00   -6.1251733029e+00   -3.6418099474e+01    1.9993347221e+04    2.0060011070e+00    9.9875301028e-01
        20   -3.5099221281e+01    1.2327318147e+03   -4.8447566098e+01    1.3348344817e+01   -9.8149196350e+00    3.9005503455e+00   -6.1150973339e+00   -3.6418099474e+01    2.0013773450e+04    2.0121487870e+00    9.9864380648e-01
        21   -3.5107089465e+01    1.2332637496e+03   -4.8550636982e+01    1.3443547518e+01   -9.8565684866e+00    3.8389526913e+00   -6.1149217128e+00   -3.6418099474e+01    1.9944261697e+04    2.0000781870e+00    9.9872129175e-01
        22   -3.5116837510e+01    1.2339521878e+03   -4.8503665148e+01    1.3386827638e+01   -9.9593868166e+00    3.9482799991e+00   -6.0744588559e+00   -3.6418099474e+01    2.0000952122e+04    2.0149929850e+00    9.9870694890e-01
        23   -3.5124515719e+01    1.2346033089e+03   -4.8658968663e+01    1.3534452944e+01   -9.9944168306e+00    3.8147750847e+00   -6.0612274431e+00   -3.6418099474e+01    1.9961692868e+04    2.0075369380e+00    9.9869898854e-01
        24   -3.5135836352e+01    1.2352842909e+03   -4.8591711920e+01    1.3455875568e+01   -9.9638807854e+00    3.8513569442e+00   -6.0610886043e+00   -3.6418099474e+01    1.9970929370e+04    2.0227972470e+00    9.9874410517e-01
        25   -3.5129911029e+01    1.2348425742e+03   -4.8599344005e+01    1.3469432976e+01   -9.9664951131e+00    3.8671492457e+00   -6.0818986637e+00   -3.6418099474e+01    2.0053092049e+04    2.0080618360e+00    9.9876005672e-01
        26   -3.5131281939e+01    1.2349335951e+03   -4.8587679941e+01    1.3456398001e+01   -9.9729312049e+00    3.9033845641e+00   -6.1000338256e+00   -3.6418099474e+01    2.0164447296e+04    2.0170675200e+00    9.9863059807e-01
        27   -3.5130383193e+01    1.2348561356e+03   -4.8630490536e+01    1.3500107342e+01   -9.9824689475e+00    3.8693400115e+00   -6.0992621254e+00   -3.6418099474e+01    2.0089542609e+04    2.0030146360e+00    9.9865742453e-01
        28   -3.5128242978e+01    1.2347028033e+03   -4.8610265255e+01    1.3482022277e+01   -9.9604930309e+00    3.8815346962e+00   -6.1132074459e+00   -3.6418099474e+01    2.0025302345e+04    2.0037392190e+00    9.9871913800e-01
        29   -3.5145067297e+01    1.2358641820e+03   -4.8595658766e+01    1.3450591470e+01   -1.0029795899e+01    3.9514680877e+00   -6.0992314807e+00   -3.6418099474e+01    2.0035637223e+04    1.9988956060e+00    9.9867678634e-01
        30   -3.5103068151e+01    1.2329538752e+03   -4.8521039192e+01    1.3417971041e+01   -1.0009301669e+01    4.0365278174e+00   -6.1301658653e+00   -3.6418099474e+01    2.0005679220e+04    2.0164658500e+00    9.9873245974e-01
        31   -3.5134729857e+01    1.2351736715e+03   -4.8463384317e+01    1.3328654461e+01   -9.9714698411e+00    4.0590370947e+00   -6.1328520967e+00   -3.6418099474e+01    1.9928728911e+04    2.0046153580e+00    9.9873787174e-01
        32   -3.5133224839e+01    1.2350831863e+03   -4.8499413460e+01    1.3366188621e+01   -9.9268853519e+00    3.9540290644e+00   -6.1084576982e+00   -3.6418099474e+01    2.0099718570e+04    2.0062077400e+00    9.9876117960e-01
        33   -3.5137809228e+01    1.2354900303e+03   -4.8608399782e+01    1.3470590553e+01   -9.8441944939e+00    3.7994700670e+00   -6.1455758809e+00   -3.6418099474e+01    2.0254159272e+04    2.0120221890e+00    9.9872304100e-01
        34   -3.5133260562e+01    1.2351188861e+03   -4.8609354576e+01    1.3476094015e+01   -9.8465539231e+00    3.7972169637e+00   -6.1419181428e+00   -3.6418099474e+01    2.0436128917e+04    2.0286535180e+00    9.9886393825e-01
        35   -3.5124300051e+01    1.2344482444e+03   -4.8623255296e+01    1.3498955245e+01   -9.8403974451e+00    3.7989394436e+00   -6.1636978207e+00   -3.6418099474e+01    2.0443296072e+04    2.0282032460e+00    9.9868798960e-01
        36   -3.5135816852e+01    1.2352978830e+03   -4.8562218540e+01    1.3426401688e+01   -9.8163511707e+00    3.8389142774e+00   -6.1666821721e+00   -3.6418099474e+01    2.0462360971e+04    2.0304371170e+00    9.9871002653e-01
        37   -3.5138243542e+01    1.2354189808e+03   -4.8553003716e+01    1.3414760174e+01   -9.8361501934e+00    3.8572056444e+00   -6.1559596929e+00   -3.6418099474e+01    2.0301919295e+04    2.0206180250e+00    9.9874195910e-01
        38   -3.5141813499e+01    1.2356885600e+03   -4.8531439792e+01    1.3389626294e+01   -9.7986691964e+00    3.8402914422e+00   -6.1549625640e+00   -3.6418099474e+01    2.0290726379e+04    2.0126170710e+00    9.9866896722e-01
        39   -3.5119442205e+01    1.2341157450e+03   -4.8390309700e+01    1.3270867495e+01   -9.7101343020e+00    3.8905004955e+00   -6.1525764192e+00   -3.6418099474e+01    2.0309354614e+04    2.0182044420e+00    9.9870746959e-01
        40   -3.5115146209e+01    1.2338336037e+03   -4.8449264714e+01    1.3334118505e+01   -9.7659386122e+00    3.8708104000e+00   -6.1360370277e+00   -3.6418099474e+01    2.0459585021e+04    2.0439139430e+00    9.9869263477e-01
        41   -3.5098502913e+01    1.2326430113e+03   -4.8480580946e+01    1.3382078033e+01   -9.7881104484e+00    3.8735401713e+00   -6.1479111945e+00   -3.6418099474e+01    2.0392048763e+04    2.0177259830e+00    9.9866226826e-01
        42   -3.5131708424e+01    1.2350002483e+03   -4.8456312674e+01    1.3324604250e+01   -9.7732060813e+00    3.9004085018e+00   -6.1654156205e+00   -3.6418099474e+01    2.0210721969e+04    2.0049146560e+00    9.9875396786e-01
        43   -3.5140996043e+01    1.2356288710e+03   -4.8449243205e+01    1.3308247162e+01   -9.7733392605e+00    3.9103386829e+00   -6.1681431533e+00   -3.6418099474e+01    2.0221714738e+04    2.0053600370e+00    9.9869622364e-01
        44   -3.5146072447e+01    1.2359962290e+03   -4.8487075185e+01    1.3341002738e+01   -9.7220812793e+00    3.8177764582e+00   -6.1646708902e+00   -3.6418099474e+01    2.0175186159e+04    2.0022651670e+00    9.9872145407e-01
        45   -3.5146282997e+01    1.2359812304e+03   -4.8473072147e+01    1.3326789150e+01   -9.7484846847e+00    3.8733890116e+00   -6.1798769999e+00   -3.6418099474e+01    2.0087991737e+04    1.9984876950e+00    9.9871585088e-01
        46   -3.5133685132e+01    1.2351665877e+03   -4.8520110469e+01    1.3386425337e+01   -9.8353673685e+00    3.8803575943e+00   -6.1470012206e+00   -3.6418099474e+01    2.0189826303e+04    2.0077437930e+00    9.9881282643e-01
        47   -3.5152016465e+01    1.2364576162e+03   -4.8507827695e+01    1.3355811231e+01   -9.8665816463e+00    3.9393942281e+00   -6.1625408031e+00   -3.6418099474e+01    2.0226411365e+04    2.0129332010e+00    9.9871761356e-01
        48   -3.5173863332e+01    1.2380129925e+03   -4.8514925085e+01    1.3341061753e+01   -9.8543389958e+00    3.8919884443e+00   -6.1344750594e+00   -3.6418099474e+01    2.0418234883e+04    2.0263409530e+00    9.9879424035e-01
        49   -3.5153588515e+01    1.2366791026e+03   -4.8469881700e+01    1.3316293185e+01   -9.8789954974e+00    3.9669722699e+00   -6.1397589984e+00   -3.6418099474e+01    2.0457038256e+04    2.0379883570e+00    9.9873920818e-01
        50   -3.5142511588e+01    1.2357770666e+03   -4.8385230047e+01    1.3242718459e+01   -9.8989539928e+00    4.0776142303e+00   -6.1457908108e+00   -3.6418099474e+01    2.0482871258e+04    2.0416882390e+00    9.9863455636e-01
        51   -3.5159606334e+01    1.2369830152e+03   -4.8463870271e+01    1.3304263938e+01   -9.8777416490e+00    3.9957118062e+00   -6.1637409544e+00   -3.6418099474e+01    2.0466246853e+04    2.0369520280e+00    9.9872748220e-01
        52   -3.5157252401e+01    1.2367696158e+03   -4.8587899337e+01    1.3430646937e+01   -9.8830943638e+00    3.8777909941e+00   -6.1644964934e+00   -3.6418099474e+01    2.0433369510e+04    2.0269205290e+00    9.9865723937e-01
        53   -3.5148179031e+01    1.2362074495e+03   -4.8707028421e+01    1.3558849390e+01   -9.8899579544e+00    3.7712899343e+00   -6.1702609263e+00   -3.6418099474e+01    2.0586446473e+04    2.0594980390e+00    9.9869177170e-01
        54   -3.5144405163e+01    1.2359200252e+03   -4.8641652817e+01    1.3497247653e+01   -9.8981892388e+00    3.8467861994e+00   -6.1721503032e+00   -3.6418099474e+01    2.0579784975e+04    2.0555248860e+00    9.9874692806e-01
        55   -3.5132174370e+01    1.2349867023e+03   -4.8574456682e+01    1.3442282312e+01   -9.8958507163e+00    3.9094998201e+00   -6.1700063115e+00   -3.6418099474e+01    2.0575309147e+04    2.0600998830e+00    9.9871903466e-01
        56   -3.5122895225e+01    1.2343607088e+03   -4.8534359220e+01    1.3411463995e+01   -9.8792490157e+00    3.9012418433e+00   -6.1382525734e+00   -3.6418099474e+01    2.0457583723e+04    2.0316634470e+00    9.9865759393e-01
        57   -3.5136176505e+01    1.2353196454e+03   -4.8431872011e+01    1.3295695506e+01   -9.8909697987e+00    4.0138129801e+00   -6.1366157181e+00   -3.6418099474e+01    2.0340277755e+04    2.0206732110e+00    9.9874092129e-01
        58   -3.5144713462e+01    1.2359084660e+03   -4.8528160663e+01    1.3383447201e+01   -9.9454538086e+00    3.9552854211e+00   -6.1198928012e+00   -3.6418099474e+01    2.0355025052e+04    2.0405842250e+00    9.9873470591e-01
        59   -3.5137586030e+01    1.2354132658e+03   -4.8518948364e+01    1.3381362333e+01   -9.9746492613e+00    4.0002853700e+00   -6.1264849982e+00   -3.6418099474e+01    2.0384476440e+04    2.0439979020e+00    9.9872086014e-01
        60   -3.5143040684e+01    1.2357965509e+03   -4.8499677883e+01    1.3356637200e+01   -9.9566431229e+00    3.9970201885e+00   -6.1219554746e+00   -3.6418099474e+01    2.0496309106e+04    2.0535508210e+00    9.9871913731e-01
        61   -3.5145449344e+01    1.2359681629e+03   -4.8542462363e+01    1.3397013019e+01   -9.9428219238e+00    3.9492468830e+00   -6.1307878483e+00   -3.6418099474e+01    2.0572930834e+04    2.0468434600e+00    9.9868400036e-01
        62   -3.5150335036e+01    1.2363223290e+03   -4.8545785306e+01    1.3395450270e+01   -9.9113466959e+00    3.9316893651e+00   -6.1480285012e+00   -3.6418099474e+01    2.0622678189e+04    2.0607240980e+00    9.9868366357e-01
        63   -3.5148097873e+01    1.2361623705e+03   -4.8701369922e+01    1.3553272050e+01   -9.8152485336e+00    3.7159093163e+00   -6.1839312309e+00   -3.6418099474e+01    2.0575072171e+04    2.0571556340e+00    9.9879175896e-01
        64   -3.5167250186e+01    1.2375268992e+03   -4.8699313401e+01    1.3532063215e+01   -9.8052719875e+00    3.7129714511e+00   -6.1889133903e+00   -3.6418099474e+01    2.0691723556e+04    2.0696299340e+00    9.9877246171e-01
        65   -3.5153070876e+01    1.2365452819e+03   -4.8666072754e+01    1.3513001878e+01   -9.7934184089e+00    3.7074247037e+00   -6.1619795741e+00   -3.6418099474e+01    2.0693759795e+04    2.0624280630e+00    9.9873829775e-01
        66   -3.5161355348e+01    1.2371440777e+03   -4.8659667747e+01    1.3498312398e+01   -9.8343472458e+00    3.7390827197e+00   -6.1463037464e+00   -3.6418099474e+01    2.0790016008e+04    2.0819984950e+00    9.9875093637e-01
        67   -3.5175988178e+01    1.2382363708e+03   -4.8715298157e+01    1.3539309979e+01   -9.8141309631e+00    3.7020945720e+00   -6.1851622920e+00   -3.6418099474e+01    2.0936017632e+04    2.0883034550e+00    9.9874423303e-01
        68   -3.5146911414e+01    1.2361074224e+03   -4.8693048028e+01    1.3546136614e+01   -9.8079742336e+00    3.7051980686e+00   -6.1721723889e+00   -3.6418099474e+01    2.1140173404e+04    2.1171830180e+00    9.9879398411e-01
        69   -3.5146946673e+01    1.2360927382e+03   -4.8647812879e+01    1.3500866206e+01   -9.9248124644e+00    3.8492826660e+00   -6.1541836068e+00   -3.6418099474e+01    2.1175500130e+04    2.1158642030e+00    9.9864764603e-01
        70   -3.5150010813e+01    1.2362781660e+03   -4.8546310593e+01    1.3396299780e+01   -9.9373433797e+00    3.9211927664e+00   -6.1120605058e+00   -3.6418099474e+01    2.1104959989e+04    2.1031796160e+00    9.9876654755e-01
        71   -3.5148315576e+01    1.2362124812e+03   -4.8591609831e+01    1.3443294255e+01   -9.9557903326e+00    3.9126798365e+00   -6.1303998608e+00   -3.6418099474e+01    2.1009247112e+04    2.0863896260e+00    9.9877111039e-01
        72   -3.5137003247e+01    1.2354343600e+03   -4.8504300706e+01    1.3367297459e+01   -9.9824004535e+00    4.0485314167e+00   -6.1523321947e+00   -3.6418099474e+01    2.0973173279e+04    2.0897125700e+00    9.9875549896e-01
        73   -3.5137657164e+01    1.2354257690e+03   -4.8481429646e+01    1.3343772482e+01   -9.9670846737e+00    4.0523417996e+00   -6.1485872976e+00   -3.6418099474e+01    2.0783279552e+04    2.0762303250e+00    9.9876118541e-01
        74   -3.5163155157e+01    1.2373142130e+03   -4.8452513061e+01    1.3289357905e+01   -9.9248970004e+00    4.0358203880e+00   -6.1453369744e+00   -3.6418099474e+01    2.0716136079e+04    2.0730043560e+00    9.9875337090e-01
        75   -3.5155651121e+01    1.2367031250e+03   -4.8507051029e+01    1.3351399908e+01   -9.9486489092e+00    4.0007490174e+00   -6.1410516634e+00   -3.6418099474e+01    2.0680312861e+04    2.0672052140e+00    9.9867526564e-01
        76   -3.5140099748e+01    1.2356129284e+03   -4.8524792724e+01    1.3384692976e+01   -9.9264067564e+00    3.9575470434e+00   -6.1378335365e+00   -3.6418099474e+01    2.0622812181e+04    2.0615868300e+00    9.9873407638e-01
        77   -3.5124431124e+01    1.2345016050e+03   -4.8488033340e+01    1.3363602216e+01   -9.9246432032e+00    4.0042145361e+00   -6.1495051991e+00   -3.6418099474e+01    2.0705524600e+04    2.0708090160e+00    9.9862385321e-01
        78   -3.5116208691e+01    1.2339827507e+03   -4.8539536413e+01    1.3423327722e+01   -9.8795501548e+00    3.9071963223e+00   -6.1490831063e+00   -3.6418099474e+01    2.0572722930e+04    2.0687742830e+00    9.9871221693e-01
        79   -3.5120526691e+01    1.2341908180e+03   -4.8608639130e+01    1.3488112439e+01   -9.9263080915e+00    3.8328068260e+00   -6.0970383900e+00   -3.6418099474e+01    2.0409656617e+04    2.0397568620e+00    9.9872274012e-01
        80   -3.5101393391e+01    1.2328679965e+03   -4.8515510732e+01    1.3414117341e+01   -1.0006933037e+01    4.0014409691e+00   -6.0919191904e+00   -3.6418099474e+01    2.0443493122e+04    2.0437049130e+00    9.9866922808e-01
        81   -3.5130638883e+01    1.2349423202e+03   -4.8481843450e+01    1.3351204567e+01   -9.9940058563e+00    4.0226436931e+00   -6.0923818130e+00   -3.6418099474e+01    2.0397043230e+04    2.0301182820e+00    9.9875857094e-01
        82   -3.5125062167e+01    1.2344824595e+03   -4.8580048947e+01    1.3454986780e+01   -9.9352819679e+00    3.8892098402e+00   -6.1158773453e+00   -3.6418099474e+01    2.0266900647e+04    2.0159518390e+00    9.9870655323e-01
        83   -3.5131460261e+01    1.2349675465e+03   -4.8545194215e+01    1.3413733954e+01   -9.8916732157e+00    3.8986501621e+00   -6.1340716870e+00   -3.6418099474e+01    2.0175188935e+04    2.0088861550e+00    9.9871645977e-01
        84   -3.5123264575e+01    1.2343967996e+03   -4.8603541248e+01    1.3480276674e+01   -9.8319400217e+00    3.8011794643e+00   -6.1546812169e+00   -3.6418099474e+01    2.0155094830e+04    2.0077231630e+00    9.9867803626e-01
        85   -3.5113696619e+01    1.2337184600e+03   -4.8458188689e+01    1.3344492070e+01   -9.8248115535e+00    3.9105444543e+00   -6.1258221158e+00   -3.6418099474e+01    2.0021323884e+04    2.0028070270e+00    9.9866925443e-01
        86   -3.5119983032e+01    1.2341942173e+03   -4.8451720766e+01    1.3331737734e+01   -9.7794331455e+00    3.8775993876e+00   -6.1317875340e+00   -3.6418099474e+01    1.9972181449e+04    1.9974516860e+00    9.9864260677e-01
        87   -3.5105601393e+01    1.2331389634e+03   -4.8510984132e+01    1.3405382740e+01   -9.7028054160e+00    3.7751826401e+00   -6.1652618821e+00   -3.6418099474e+01    2.0050004603e+04    2.0008460090e+00    9.9879414636e-01
        88   -3.5100849433e+01    1.2327798885e+03   -4.8496305057e+01    1.3395455624e+01   -9.6613227755e+00    3.7553755820e+00   -6.1722583891e+00   -3.6418099474e+01    2.0034416385e+04    2.0060747610e+00    9.9877191481e-01
        89   -3.5094635102e+01    1.2323878851e+03   -4.8422820892e+01    1.3328185790e+01   -9.7453722530e+00    3.9250062901e+00   -6.1843554551e+00   -3.6418099474e+01    1.9970455183e+04    2.0315634760e+00    9.9875725086e-01
        90   -3.5092583777e+01    1.2322654632e+03   -4.8466788780e+01    1.3374205003e+01   -9.7879831189e+00    3.9108967781e+00   -6.1716029655e+00   -3.6418099474e+01    1.9980950549e+04    1.9918276850e+00    9.9868466202e-01
        91   -3.5096882371e+01    1.2326247716e+03   -4.8466731695e+01    1.3369849324e+01   -9.8156684498e+00    3.9228544945e+00   -6.1558182657e+00   -3.6418099474e+01    1.9871865595e+04    1.9855020140e+00    9.9866114110e-01
        92   -3.5096121225e+01    1.2324729352e+03   -4.8428771838e+01    1.3332650614e+01   -9.7654751116e+00    3.9034838023e+00   -6.1486810547e+00   -3.6418099474e+01    1.9832058144e+04    1.9734677780e+00    9.9874307611e-01
        93   -3.5076678328e+01    1.2310923591e+03   -4.8482925753e+01    1.3406247425e+01   -9.7254545190e+00    3.8186329606e+00   -6.1580047203e+00   -3.6418099474e+01    1.9784197120e+04    1.9585898940e+00    9.9870953536e-01
        94   -3.5099209878e+01    1.2327082802e+03   -4.8535439797e+01    1.3436229919e+01   -9.7534515720e+00    3.8186349431e+00   -6.1825236935e+00   -3.6418099474e+01    1.9682327713e+04    1.9602226730e+00    9.9876240319e-01
        95   -3.5133780270e+01    1.2352100918e+03   -4.8443315328e+01    1.3309535058e+01   -9.7952694256e+00    3.9373667160e+00   -6.1673131444e+00   -3.6418099474e+01    1.9688217174e+04    1.9485401340e+00    9.9868430604e-01
        96   -3.5162732666e+01    1.2372799586e+03   -4.8500333185e+01    1.3337600518e+01   -9.7971253475e+00    3.8636586772e+00   -6.1487670401e+00   -3.6418099474e+01    1.9704417827e+04    1.9479992190e+00    9.9869229597e-01
        97   -3.5160650491e+01    1.2371031193e+03   -4.8490316988e+01    1.3329666496e+01   -9.8439887923e+00    3.9068045834e+00   -6.1350333044e+00   -3.6418099474e+01    1.9751493971e+04    1.9545420320e+00    9.9865024281e-01
        98   -3.5144668485e+01    1.2358969482e+03   -4.8429994228e+01    1.3285325742e+01   -9.8288629067e+00    3.9273925022e+00   -6.1104243490e+00   -3.6418099474e+01    1.9765855315e+04    1.9608894630e+00    9.9867128973e-01
        99   -3.5135267509e+01    1.2352303305e+03   -4.8507236103e+01    1.3371968594e+01   -9.7672773194e+00    3.8127270985e+00   -6.1345864083e+00   -3.6418099474e+01    1.9823392431e+04    1.9917466960e+00    9.9865909222e-01
       100   -3.5123485631e+01    1.2343949000e+03   -4.8507464276e+01    1.3383978645e+01   -9.8345126309e+00    3.8894051647e+00   -6.1442573355e+00   -3.6418099474e+01    2.0013432479e+04    2.0016303090e+00    9.9864710502e-01
       101   -3.5122418812e+01    1.2343174079e+03   -4.8582218325e+01    1.3459799512e+01   -9.8186297259e+00    3.7857521629e+00   -6.1312412875e+00   -3.6418099474e+01    2.0124342503e+04    2.0018580340e+00    9.9877893810e-01
       102   -3.5117043333e+01    1.2339802562e+03   -4.8524340139e+01    1.3407296806e+01   -9.7945718729e+00    3.8112290678e+00   -6.1228978595e+00   -3.6418099474e+01    2.0157534549e+04    2.0022208020e+00    9.9878631316e-01
       103   -3.5132241956e+01    1.2351152639e+03   -4.8478706269e+01    1.3346464313e+01   -9.8307598016e+00    3.8879473521e+00   -6.1177943453e+00   -3.6418099474e+01    2.0136621070e+04    2.0048555460e+00    9.9869794438e-01
       104   -3.5126221308e+01    1.2346500049e+03   -4.8552862627e+01    1.3426641319e+01   -9.8543111774e+00    3.8660338298e+00   -6.1464858056e+00   -3.6418099474e+01    2.0271145146e+04    2.0087982980e+00    9.9874198323e-01
       105   -3.5120364921e+01    1.2343212129e+03   -4.8564476292e+01    1.3444111371e+01   -9.9012487859e+00    3.8950257976e+00   -6.1401538300e+00   -3.6418099474e+01    2.0296178611e+04    2.0114925690e+00    9.9871719973e-01
       106   -3.5136854868e+01    1.2354318154e+03   -4.8589049668e+01    1.3452194800e+01   -9.8796532230e+00    3.8259243269e+00   -6.1172212979e+00   -3.6418099474e+01    2.0430365499e+04    2.0278529430e+00    9.9867485298e-01
       107   -3.5142752537e+01    1.2358171876e+03   -4.8507256028e+01    1.3364503491e+01   -9.9477318896e+00    3.9593374172e+00   -6.1007620809e+00   -3.6418099474e+01    2.0514532324e+04    2.0495163070e+00    9.9877771897e-01
       108   -3.5131412902e+01    1.2350336625e+03   -4.8521432174e+01    1.3390019272e+01   -9.9793011543e+00    3.9732946054e+00   -6.0973261509e+00   -3.6418099474e+01    2.0579034638e+04    2.0628772520e+00    9.9866722199e-01
       109   -3.5135451297e+01    1.2353070826e+03   -4.8539644741e+01    1.3404193443e+01   -9.9929749431e+00    3.9849696260e+00   -6.1135399493e+00   -3.6418099474e+01    2.0529152757e+04    2.0507818340e+00    9.9866739038e-01
       110   -3.5130493799e+01    1.2349733429e+03   -4.8623287963e+01    1.3492794164e+01   -9.9262438008e+00    3.8458581191e+00   -6.1248028075e+00   -3.6418099474e+01    2.0730931055e+04    2.0687647360e+00    9.9867884358e-01
       111   -3.5162483644e+01    1.2372187992e+03   -4.8558214462e+01    1.3395730817e+01   -9.9648451074e+00    3.9714288871e+00   -6.1466987670e+00   -3.6418099474e+01    2.0866381085e+04    2.0892975950e+00    9.9867338135e-01
       112   -3.5138311495e+01    1.2354848330e+03   -4.8538066199e+01    1.3399754704e+01   -9.9382880173e+00    3.9946564206e+00   -6.1763351279e+00   -3.6418099474e+01    2.0860681751e+04    2.0830355110e+00    9.9872124951e-01
       113   -3.5131897286e+01    1.2350458550e+03   -4.8571039144e+01    1.3439141858e+01   -9.8723169139e+00    3.8777212339e+00   -6.1583439902e+00   -3.6418099474e+01    2.0779060008e+04    2.0739271440e+00    9.9876266549e-01
       114   -3.5157873965e+01    1.2368713626e+03   -4.8489234511e+01    1.3331360546e+01   -9.8513046544e+00    3.9264280234e+00   -6.1462584055e+00   -3.6418099474e+01    2.0863439328e+04    2.0706723460e+00    9.9876912226e-01
       115   -3.5140608271e+01    1.2356506775e+03   -4.8558063293e+01    1.3417455022e+01   -9.8521677339e+00    3.8627514926e+00   -6.1505475774e+00   -3.6418099474e+01    2.0906935009e+04    2.0826977480e+00    9.9870698196e-01
       116   -3.5134155507e+01    1.2351937930e+03   -4.8635576724e+01    1.3501421218e+01   -9.8620975828e+00    3.8019554413e+00   -6.1573351088e+00   -3.6418099474e+01    2.0826776984e+04    2.0671204000e+00    9.9857520060e-01
       117   -3.5161221687e+01    1.2371076549e+03   -4.8675053843e+01    1.3513832156e+01   -9.8768134180e+00    3.7739076559e+00   -6.1540486063e+00   -3.6418099474e+01    2.0969139953e+04    2.0816925250e+00    9.9875660871e-01
       118   -3.5160545349e+01    1.2370931265e+03   -4.8499607646e+01    1.3339062297e+01   -9.9376888136e+00    3.9912596081e+00   -6.1350789663e+00   -3.6418099474e+01    2.1118167955e+04    2.1032012170e+00    9.9871138379e-01
       119   -3.5160609315e+01    1.2370921115e+03   -4.8521845146e+01    1.3361235831e+01   -9.9544231110e+00    4.0131289986e+00   -6.1624515596e+00   -3.6418099474e+01    2.1240423600e+04    2.2315340090e+00    9.9868017539e-01
       120   -3.5140429053e+01    1.2357097844e+03   -4.8533628556e+01    1.3393199503e+01   -9.8495474522e+00    3.8899123397e+00   -6.1558939696e+00   -3.6418099474e+01    2.1171547653e+04    2.1184059350e+00    9.9870648075e-01
       121   -3.5130191423e+01    1.2349464852e+03   -4.8458511730e+01    1.3328320307e+01   -9.8155040226e+00    3.9379347120e+00   -6.1628429451e+00   -3.6418099474e+01    2.1113823755e+04    2.1023357040e+00    9.9869459644e-01
       122   -3.5138158421e+01    1.2354885550e+03   -4.8548198644e+01    1.3410040223e+01   -9.8271423064e+00    3.8383425128e+00   -6.1412993765e+00   -3.6418099474e+01    2.1164166518e+04    2.1171291120e+00    9.9877522100e-01
       123   -3.5127395812e+01    1.2347654504e+03   -4.8441623465e+01    1.3314227653e+01   -9.8919046270e+00    3.9950050004e+00   -6.1266243647e+00   -3.6418099474e+01    2.1171857146e+04    2.1283280020e+00    9.9870160529e-01
       124   -3.5113472366e+01    1.2336788447e+03   -4.8500681828e+01    1.3387209461e+01   -9.8242467739e+00    3.8649750477e+00   -6.1233106274e+00   -3.6418099474e+01    2.1028603791e+04    2.0976983390e+00    9.9868605109e-01
       125   -3.5122615923e+01    1.2343720415e+03   -4.8435991084e+01    1.3313375161e+01   -9.7540338160e+00    3.8609074854e+00   -6.1247652795e+00   -3.6418099474e+01    2.0868553912e+04    2.0816302240e+00    9.9866723695e-01
       126   -3.5132204582e+01    1.2350804752e+03   -4.8435552957e+01    1.3303348375e+01   -9.7242708153e+00    3.8439685347e+00   -6.1371512027e+00   -3.6418099474e+01    2.0797638958e+04    2.0706844650e+00    9.9871057023e-01
       127   -3.5123981059e+01    1.2345006773e+03   -4.8487480240e+01    1.3363499182e+01   -9.8032594672e+00    3.8774511734e+00   -6.1435724722e+00   -3.6418099474e+01    2.0681201711e+04    2.0640431330e+00    9.9882247315e-01
       128   -3.5138225818e+01    1.2355043587e+03   -4.8524840313e+01    1.3386614495e+01   -9.8102821291e+00    3.8665490603e+00   -6.1630077700e+00   -3.6418099474e+01    2.0742650883e+04    2.0637203210e+00    9.9875351220e-01
       129   -3.5116422601e+01    1.2339608425e+03   -4.8424673503e+01    1.3308250902e+01   -9.8291049351e+00    3.9983684895e+00   -6.1758375834e+00   -3.6418099474e+01    2.0665797899e+04    2.0642002920e+00    9.9869555001e-01
       130   -3.5121594659e+01    1.2343124696e+03   -4.8392514731e+01    1.3270920072e+01   -9.8389936952e+00    4.0303767531e+00   -6.1657983152e+00   -3.6418099474e+01    2.0538011083e+04    2.0476348370e+00    9.9867512362e-01
       131   -3.5119313495e+01    1.2341530291e+03   -4.8376666824e+01    1.3257353329e+01   -9.7861166051e+00    3.9903927338e+00   -6.1628434786e+00   -3.6418099474e+01    2.0481992410e+04    2.0316755280e+00    9.9872031800e-01
       132   -3.5131784528e+01    1.2350185333e+03   -4.8509627756e+01    1.3377843227e+01   -9.7330868536e+00    3.8290219395e+00   -6.1874633673e+00   -3.6418099474e+01    2.0520771339e+04    2.0470591440e+00    9.9877825503e-01
       133   -3.5108994091e+01    1.2334179554e+03   -4.8458661144e+01    1.3349667053e+01   -9.7056834024e+00    3.8447973590e+00   -6.1796756259e+00   -3.6418099474e+01    2.0472423847e+04    2.0348040290e+00    9.9868667983e-01
       134   -3.5123521166e+01    1.2344145772e+03   -4.8363238178e+01    1.3239717013e+01   -9.7788723189e+00    3.9931613542e+00   -6.1594277395e+00   -3.6418099474e+01    2.0486031658e+04    2.0435103710e+00    9.9868564177e-01
       135   -3.5139986592e+01    1.2355474770e+03   -4.8412509614e+01    1.3272523023e+01   -9.7526521678e+00    3.9566860548e+00   -6.1984440273e+00   -3.6418099474e+01    2.0524142924e+04    2.0421515360e+00    9.9866874099e-01
       136   -3.5155438644e+01    1.2366761743e+03   -4.8371343157e+01    1.3215904513e+01   -9.7800536748e+00    3.9992159885e+00   -6.1724059963e+00   -3.6418099474e+01    2.0511074117e+04    2.0432465450e+00    9.9866421919e-01
       137   -3.5151815161e+01    1.2363835714e+03   -4.8429385654e+01    1.3277570493e+01   -9.7959826777e+00    3.9400421500e+00   -6.1553456519e+00   -3.6418099474e+01    2.0444482919e+04    2.0321666170e+00    9.9872448980e-01
       138   -3.5128505298e+01    1.2347604363e+03   -4.8508227814e+01    1.3379722516e+01   -9.7582439946e+00    3.8391132668e+00   -6.1709976121e+00   -3.6418099474e+01    2.0430069740e+04    2.0315280950e+00    9.9861023705e-01
       139   -3.5120220017e+01    1.2341958159e+03   -4.8427854971e+01    1.3307634954e+01   -9.7671515739e+00    3.8923949762e+00   -6.1349988986e+00   -3.6418099474e+01    2.0450610115e+04    2.0294464420e+00    9.9869386957e-01
       140   -3.5126774637e+01    1.2347280692e+03   -4.8422519474e+01    1.3295744836e+01   -9.7521247858e+00    3.8906722055e+00   -6.1429674193e+00   -3.6418099474e+01    2.0417407335e+04    2.0223016550e+00    9.9874585450e-01
       141   -3.5132079121e+01    1.2351059438e+03   -4.8499276358e+01    1.3367197237e+01   -9.7549053157e+00    3.8113212256e+00   -6.1375927942e+00   -3.6418099474e+01    2.0543110895e+04    2.0448882070e+00    9.9867879395e-01
       142   -3.5124823183e+01    1.2345681075e+03   -4.8474011132e+01    1.3349187949e+01   -9.6763447707e+00    3.7566250419e+00   -6.1361919289e+00   -3.6418099474e+01    2.0547642264e+04    2.0455909600e+00    9.9872784150e-01
       143   -3.5121051516e+01    1.2342949526e+03   -4.8487974114e+01    1.3366922598e+01   -9.6561663437e+00    3.7222209808e+00   -6.1359292773e+00   -3.6418099474e+01    2.0494421329e+04    2.0357514010e+00    9.9871409753e-01
       144   -3.5134869164e+01    1.2352892961e+03   -4.8419674704e+01    1.3284805540e+01   -9.7462133146e+00    3.8729883366e+00   -6.1283502515e+00   -3.6418099474e+01    2.0428764746e+04    2.0239825550e+00    9.9866255000e-01
       145   -3.5134971183e+01    1.2353047630e+03   -4.8441058732e+01    1.3306087548e+01   -9.6496316319e+00    3.7652236466e+00   -6.1385512722e+00   -3.6418099474e+01    2.0375610858e+04    2.0157601950e+00    9.9882027514e-01
       146   -3.5122434933e+01    1.2343310138e+03   -4.8503239383e+01    1.3380804450e+01   -9.6303844489e+00    3.6958191424e+00   -6.1505746023e+00   -3.6418099474e+01    2.0520033364e+04    2.0457313900e+00    9.9875221017e-01
       147   -3.5114790987e+01    1.2338079117e+03   -4.8587395037e+01    1.3472604050e+01   -9.6428612900e+00    3.6438962623e+00   -6.1703305353e+00   -3.6418099474e+01    2.0356449273e+04    2.0246116970e+00    9.9870011859e-01
       148   -3.5121856106e+01    1.2342803560e+03   -4.8542853647e+01    1.3420997542e+01   -9.6876910899e+00    3.7468443904e+00   -6.1839074737e+00   -3.6418099474e+01    2.0277325794e+04    2.0446072690e+00    9.9875826940e-01
       149   -3.5116075328e+01    1.2338734860e+03   -4.8519251295e+01    1.3403175967e+01   -9.6913601502e+00    3.7309367416e+00   -6.1407284123e+00   -3.6418099474e+01    2.0474921138e+04    2.0426939650e+00    9.9869372009e-01
       150   -3.5128773051e+01    1.2347759979e+03   -4.8419426286e+01    1.3290653236e+01   -9.7446167884e+00    3.8728127175e+00   -6.1295227414e+00   -3.6418099474e+01    2.0628067475e+04    2.0723588670e+00    9.9864102209e-01
       151   -3.5123210127e+01    1.2343976882e+03   -4.8532846812e+01    1.3409636686e+01   -9.7774951618e+00    3.7790960016e+00   -6.1163481778e+00   -3.6418099474e+01    2.0781449707e+04    2.0704186000e+00    9.9879383101e-01
       152   -3.5118586243e+01    1.2343745912e+03   -4.8520748710e+01    1.3402162467e+01   -9.8717304184e+00    3.8687920992e+00   -6.0997109169e+00   -3.6418099474e+01    2.0988148579e+04    2.0925231600e+00    9.9867151566e-01
       153   -3.5141488002e+01    1.2356810471e+03   -4.8546898208e+01    1.3405410206e+01   -9.9091230448e+00    3.8771545472e+00   -6.0968302362e+00   -3.6418099474e+01    2.1169282799e+04    2.1158193540e+00    9.9864894952e-01
       154   -3.5138727847e+01    1.2355588405e+03   -4.8497265335e+01    1.3358537489e+01   -9.9247395635e+00    3.9545355390e+00   -6.1089618368e+00   -3.6418099474e+01    2.1072803924e+04    2.0984693880e+00    9.9868176704e-01
       155   -3.5134792843e+01    1.2352068788e+03   -4.8478685242e+01    1.3343892399e+01   -9.8922043578e+00    3.9157737061e+00   -6.0841551164e+00   -3.6418099474e+01    2.1050441260e+04    2.0899273860e+00    9.9875326526e-01
       156   -3.5117757257e+01    1.2340655031e+03   -4.8425992786e+01    1.3308235529e+01   -9.8998444647e+00    3.9662511550e+00   -6.0743000025e+00   -3.6418099474e+01    2.1037533840e+04    2.0946423530e+00    9.9869673233e-01
       157   -3.5127600313e+01    1.2347621563e+03   -4.8519207546e+01    1.3391607233e+01   -9.8887316000e+00    3.8618095093e+00   -6.0741859807e+00   -3.6418099474e+01    2.0901387906e+04    2.0782923340e+00    9.9872564896e-01
       158   -3.5133190701e+01    1.2351046806e+03   -4.8540835617e+01    1.3407644916e+01   -9.8767700650e+00    3.8164560255e+00   -6.0624221030e+00   -3.6418099474e+01    2.1025267276e+04    2.0904053410e+00    9.9871781808e-01
       159   -3.5143365619e+01    1.2358696008e+03   -4.8633483254e+01    1.3490117635e+01   -9.9096042371e+00    3.7491334481e+00   -6.0549129909e+00   -3.6418099474e+01    2.0923792983e+04    2.0809840980e+00    9.9874387297e-01
       160   -3.5136222105e+01    1.2353415710e+03   -4.8456000368e+01    1.3319778264e+01   -9.9585578975e+00    3.9705692309e+00   -6.0499122275e+00   -3.6418099474e+01    2.0775753049e+04    2.0753797520e+00    9.9862148151e-01
       161   -3.5131339113e+01    1.2350048725e+03   -4.8519377861e+01    1.3388038747e+01   -9.9193858880e+00    3.9026448018e+00   -6.0845373003e+00   -3.6418099474e+01    2.0602786324e+04    2.0629292910e+00    9.9869477494e-01
       162   -3.5130214206e+01    1.2349159624e+03   -4.8469195620e+01    1.3338981413e+01   -9.9643007777e+00    3.9712234657e+00   -6.0580188336e+00   -3.6418099474e+01    2.0523218728e+04    2.0503223850e+00    9.9870708857e-01
       163   -3.5116890994e+01    1.2339851507e+03   -4.8498561022e+01    1.3381670028e+01   -9.9883315672e+00    3.9651510163e+00   -6.0572809970e+00   -3.6418099474e+01    2.0311471540e+04    2.0254092900e+00    9.9863212158e-01
       164   -3.5106121991e+01    1.2331848316e+03   -4.8530492030e+01    1.3424370039e+01   -9.9152235079e+00    3.8861042255e+00   -6.0832732733e+00   -3.6418099474e+01    2.0182826434e+04    1.9973018510e+00    9.9880038218e-01
       165   -3.5118799824e+01    1.2341121163e+03   -4.8437578602e+01    1.3318778778e+01   -9.9233364286e+00    3.9644019395e+00   -6.0605446384e+00   -3.6418099474e+01    2.0102091579e+04    1.9965370870e+00    9.9871186224e-01
       166   -3.5115408864e+01    1.2338796669e+03   -4.8501817502e+01    1.3386408638e+01   -9.9480656640e+00    3.9365038345e+00   -6.0721561984e+00   -3.6418099474e+01    2.0030251472e+04    1.9976852220e+00    9.9876429178e-01
       167   -3.5123911117e+01    1.2344382994e+03   -4.8548960354e+01    1.3425049237e+01   -9.9702023314e+00    3.9209689555e+00   -6.0816275040e+00   -3.6418099474e+01    2.0045693541e+04    1.9974645170e+00    9.9882752083e-01
       168   -3.5117712898e+01    1.2340270563e+03   -4.8534687026e+01    1.3416974129e+01   -9.9184148391e+00    3.8876986004e+00   -6.0858713133e+00   -3.6418099474e+01    2.0046389087e+04    1.9950605200e+00    9.9872964402e-01
       169   -3.5130345421e+01    1.2349143350e+03   -4.8541001513e+01    1.3410656093e+01   -9.8345867922e+00    3.8303147765e+00   -6.1186300234e+00   -3.6418099474e+01    2.0027048979e+04    1.9962386760e+00    9.9866760368e-01
       170   -3.5138929241e+01    1.2355054417e+03   -4.8512434607e+01    1.3373505366e+01   -9.8556037784e+00    3.8970089881e+00   -6.1357403424e+00   -3.6418099474e+01    2.0125940080e+04    2.0037363740e+00    9.9870426775e-01
       171   -3.5160071195e+01    1.2371142603e+03   -4.8538030566e+01    1.3377959371e+01   -9.8622564705e+00    3.8807455397e+00   -6.1384201612e+00   -3.6418099474e+01    2.0338330199e+04    2.0305336400e+00    9.9870190551e-01
       172   -3.5142919833e+01    1.2358615031e+03   -4.8574353765e+01    1.3431433933e+01   -9.8325002511e+00    3.8267857740e+00   -6.1505398140e+00   -3.6418099474e+01    2.0366488739e+04    2.0183341310e+00    9.9866880406e-01
       173   -3.5167244435e+01    1.2375253284e+03   -4.8550518604e+01    1.3383274169e+01   -9.8418659968e+00    3.8594014212e+00   -6.1499545546e+00   -3.6418099474e+01    2.0372008829e+04    2.0236226670e+00    9.9871096052e-01
       174   -3.5145786644e+01    1.2359864106e+03   -4.8457139541e+01    1.3311352897e+01   -9.8968303574e+00    4.0143848227e+00   -6.1565945323e+00   -3.6418099474e+01    2.0396784934e+04    2.0319167430e+00    9.9867951888e-01
       175   -3.5126059634e+01    1.2345899569e+03   -4.8550842718e+01    1.3424783083e+01   -9.8449898415e+00    3.8921951401e+00   -6.1799485423e+00   -3.6418099474e+01    2.0494949634e+04    2.0396989310e+00    9.9869312479e-01
       176   -3.5126287479e+01    1.2345772343e+03   -4.8517637746e+01    1.3391350267e+01   -9.7427648812e+00    3.8081029375e+00   -6.1648763277e+00   -3.6418099474e+01    2.0588118407e+04    2.0531146910e+00    9.9869562201e-01
       177   -3.5118948897e+01    1.2340786577e+03   -4.8469846161e+01    1.3350897264e+01   -9.7771241860e+00    3.8699115697e+00   -6.1445340708e+00   -3.6418099474e+01    2.0662691824e+04    2.0692219000e+00    9.9875059619e-01
       178   -3.5126244751e+01    1.2345939244e+03   -4.8495856556e+01    1.3369611806e+01   -9.7582792774e+00    3.8234840503e+00   -6.1429618552e+00   -3.6418099474e+01    2.0735187992e+04    2.0651216330e+00    9.9878076502e-01
       179   -3.5125963198e+01    1.2345939442e+03   -4.8503740571e+01    1.3377777373e+01   -9.8297342119e+00    3.8641914230e+00   -6.1200983077e+00   -3.6418099474e+01    2.0636220347e+04    2.0625615910e+00    9.9872986648e-01
       180   -3.5109733964e+01    1.2334632502e+03   -4.8551654376e+01    1.3441920412e+01   -9.8424555636e+00    3.8162723344e+00   -6.1073716730e+00   -3.6418099474e+01    2.0512287624e+04    2.0474251410e+00    9.9866661096e-01
       181   -3.5113126030e+01    1.2337243793e+03   -4.8535892084e+01    1.3422766054e+01   -9.9520799197e+00    3.9451021000e+00   -6.1108147901e+00   -3.6418099474e+01    2.0455440462e+04    2.0376446940e+00    9.9875884173e-01
       182   -3.5148568283e+01    1.2362208264e+03   -4.8457937139e+01    1.3309368857e+01   -9.9980461419e+00    4.0724544709e+00   -6.1142459939e+00   -3.6418099474e+01    2.0580146736e+04    2.0493295170e+00    9.9873998584e-01
       183   -3.5158365164e+01    1.2369009063e+03   -4.8489206268e+01    1.3330841104e+01   -9.8945077875e+00    3.9486670892e+00   -6.1252660954e+00   -3.6418099474e+01    2.0586686399e+04    2.0503334070e+00    9.9878708164e-01
       184   -3.5156953499e+01    1.2367809521e+03   -4.8539404199e+01    1.3382450700e+01   -9.8260562783e+00    3.8494725137e+00   -6.1447209603e+00   -3.6418099474e+01    2.0610038169e+04    2.0590119690e+00    9.9872263280e-01
       185   -3.5156700196e+01    1.2367825790e+03   -4.8500858769e+01    1.3344158572e+01   -9.8837526767e+00    3.9187583541e+00   -6.1177649718e+00   -3.6418099474e+01    2.0618903672e+04    2.0587221670e+00    9.9879248813e-01
       186   -3.5160452782e+01    1.2371112986e+03   -4.8496927995e+01    1.3336475212e+01   -9.9468590663e+00    3.9742371413e+00   -6.1062065953e+00   -3.6418099474e+01    2.0604403904e+04    2.0524367440e+00    9.9875000000e-01
       187   -3.5152492843e+01    1.2364846879e+03   -4.8508393814e+01    1.3355900971e+01   -9.9601013900e+00    3.9964772265e+00   -6.1266701766e+00   -3.6418099474e+01    2.0655333706e+04    2.0780230940e+00    9.9877914658e-01
       188   -3.5158850611e+01    1.2369178491e+03   -4.8615256884e+01    1.3456406274e+01   -9.9318974374e+00    3.8835126956e+00   -6.1487726685e+00   -3.6418099474e+01    2.0739373693e+04    2.0716421850e+00    9.9874786431e-01
       189   -3.5183372923e+01    1.2386661871e+03   -4.8478416837e+01    1.3295043914e+01   -9.9338455009e+00    4.0371473389e+00   -6.1636192012e+00   -3.6418099474e+01    2.0799499950e+04    2.0740207780e+00    9.9870663891e-01
       190   -3.5184115644e+01    1.2387225835e+03   -4.8448873775e+01    1.3264758131e+01   -9.8978628721e+00    4.0202518351e+00   -6.1531632640e+00   -3.6418099474e+01    2.0854275196e+04    2.0737348710e+00    9.9875453131e-01
       191   -3.5177912379e+01    1.2382804761e+03   -4.8440253134e+01    1.3262340755e+01   -9.9041187918e+00    4.0150691307e+00   -6.1331039986e+00   -3.6418099474e+01    2.0926147031e+04    2.0766372830e+00    9.9874357276e-01
       192   -3.5178845589e+01    1.2383947784e+03   -4.8500695614e+01    1.3321850025e+01   -9.9117003986e+00    3.9464766430e+00   -6.1173723840e+00   -3.6418099474e+01    2.0988331615e+04    2.0811182540e+00    9.9863161048e-01
       193   -3.5168573696e+01    1.2376489540e+03   -4.8544191028e+01    1.3375617331e+01   -9.9015714010e+00    3.9012845009e+00   -6.1258046535e+00   -3.6418099474e+01    2.1066611201e+04    2.0952687970e+00    9.9876233427e-01
       194   -3.5168799316e+01    1.2376182164e+03   -4.8467045537e+01    1.3298246221e+01   -9.8942143185e+00    3.9879089191e+00   -6.1426406631e+00   -3.6418099474e+01    2.1039906060e+04    2.0929644440e+00    9.9871660804e-01
       195   -3.5150570018e+01    1.2363406692e+03   -4.8520273841e+01    1.3369703824e+01   -9.7933787518e+00    3.8774920384e+00   -6.1862876537e+00   -3.6418099474e+01    2.0984407072e+04    2.0777099690e+00    9.9871683163e-01
       196   -3.5148613040e+01    1.2362012924e+03   -4.8495579191e+01    1.3346966151e+01   -9.8029875455e+00    3.9127055652e+00   -6.1871977368e+00   -3.6418099474e+01    2.1072679256e+04    2.0933161690e+00    9.9870022030e-01
       197   -3.5129997305e+01    1.2348846467e+03   -4.8538538706e+01    1.3408541401e+01   -9.7456752765e+00    3.8202531886e+00   -6.1950171437e+00   -3.6418099474e+01    2.1133780254e+04    2.1067412470e+00    9.9873975417e-01
       198   -3.5129972550e+01    1.2348798057e+03   -4.8510340813e+01    1.3380368263e+01   -9.7046978956e+00    3.7982253644e+00   -6.1857688078e+00   -3.6418099474e+01    2.1082906195e+04    2.0978836000e+00    9.9871807898e-01
       199   -3.5142434470e+01    1.2358054694e+03   -4.8510320371e+01    1.3367885901e+01   -9.7887924938e+00    3.8884979065e+00   -6.1919263092e+00   -3.6418099474e+01    2.1077222612e+04    2.1058191570e+00    9.9868879342e-01
