#  Band    State   TwistIndex BandIndex Energy      Kx      Ky      Kz      K1      K2      K3    KmK 
       0        0       13        0    -0.272632  0.1326  0.0765  0.0763  0.1750  0.0000  0.1750      1
       1        1       13        1    -0.255337  0.1326  0.0765  0.0763  0.1750  0.0000  0.1750      1
       2        2       13        2    -0.201383  0.1326  0.0765  0.0763  0.1750  0.0000  0.1750      1
       3        3       13        3    -0.146343  0.1326  0.0765  0.0763  0.1750  0.0000  0.1750      1
       4        4       13        4    -0.110334  0.1326  0.0765  0.0763  0.1750  0.0000  0.1750      1
       5        5       13        5     0.081388  0.1326  0.0765  0.0763  0.1750  0.0000  0.1750      1
       6        6       13        6     0.095993  0.1326  0.0765  0.0763  0.1750  0.0000  0.1750      1
       7        7       13        7     0.118092  0.1326  0.0765  0.0763  0.1750  0.0000  0.1750      1
       8        8       13        8     0.122910  0.1326  0.0765  0.0763  0.1750  0.0000  0.1750      1
       9        9       13        9     0.134404  0.1326  0.0765  0.0763  0.1750  0.0000  0.1750      1
      10       10       13       10     0.147980  0.1326  0.0765  0.0763  0.1750  0.0000  0.1750      1
      11       11       13       11     0.175856  0.1326  0.0765  0.0763  0.1750  0.0000  0.1750      1
      12       12       13       12     0.178796  0.1326  0.0765  0.0763  0.1750  0.0000  0.1750      1
      13       13       13       13     0.191033  0.1326  0.0765  0.0763  0.1750  0.0000  0.1750      1
      14       14       13       14     0.246381  0.1326  0.0765  0.0763  0.1750  0.0000  0.1750      1
      15       15       13       15     0.260313  0.1326  0.0765  0.0763  0.1750  0.0000  0.1750      1
      16       16       13       16     0.274273  0.1326  0.0765  0.0763  0.1750  0.0000  0.1750      1
      17       17       13       17     0.291499  0.1326  0.0765  0.0763  0.1750  0.0000  0.1750      1
      18       18       13       18     0.295109  0.1326  0.0765  0.0763  0.1750  0.0000  0.1750      1
      19       19       13       19     0.316665  0.1326  0.0765  0.0763  0.1750  0.0000  0.1750      1
      20       20       13       20     0.379557  0.1326  0.0765  0.0763  0.1750  0.0000  0.1750      1
      21       21       13       21     0.419587  0.1326  0.0765  0.0763  0.1750  0.0000  0.1750      1
      22       22       13       22     0.444491  0.1326  0.0765  0.0763  0.1750  0.0000  0.1750      1
      23       23       13       23     0.450396  0.1326  0.0765  0.0763  0.1750  0.0000  0.1750      1
      24       24       13       24     0.467110  0.1326  0.0765  0.0763  0.1750  0.0000  0.1750      1
      25       25       13       25     0.478561  0.1326  0.0765  0.0763  0.1750  0.0000  0.1750      1
      26       26       13       26     0.506517  0.1326  0.0765  0.0763  0.1750  0.0000  0.1750      1
      27       27       13       27     0.521454  0.1326  0.0765  0.0763  0.1750  0.0000  0.1750      1
      28       28       13       28     0.538444  0.1326  0.0765  0.0763  0.1750  0.0000  0.1750      1
      29       29       13       29     0.561584  0.1326  0.0765  0.0763  0.1750  0.0000  0.1750      1
      30       30       13       30     0.562210  0.1326  0.0765  0.0763  0.1750  0.0000  0.1750      1
      31       31       13       31     0.567832  0.1326  0.0765  0.0763  0.1750  0.0000  0.1750      1
      32       32       13       32     0.569881  0.1326  0.0765  0.0763  0.1750  0.0000  0.1750      1
      33       33       13       33     0.580383  0.1326  0.0765  0.0763  0.1750  0.0000  0.1750      1
      34       34       13       34     0.612526  0.1326  0.0765  0.0763  0.1750  0.0000  0.1750      1
      35       35       13       35     0.616436  0.1326  0.0765  0.0763  0.1750  0.0000  0.1750      1
      36       36       13       36     0.644207  0.1326  0.0765  0.0763  0.1750  0.0000  0.1750      1
      37       37       13       37     0.644337  0.1326  0.0765  0.0763  0.1750  0.0000  0.1750      1
      38       38       13       38     0.649541  0.1326  0.0765  0.0763  0.1750  0.0000  0.1750      1
      39       39       13       39     0.706826  0.1326  0.0765  0.0763  0.1750  0.0000  0.1750      1
      40       40       13       40     0.751782  0.1326  0.0765  0.0763  0.1750  0.0000  0.1750      1
      41       41       13       41     0.771195  0.1326  0.0765  0.0763  0.1750  0.0000  0.1750      1
      42       42       13       42     0.780063  0.1326  0.0765  0.0763  0.1750  0.0000  0.1750      1
      43       43       13       43     0.806146  0.1326  0.0765  0.0763  0.1750  0.0000  0.1750      1
      44       44       13       44     0.839240  0.1326  0.0765  0.0763  0.1750  0.0000  0.1750      1
      45       45       13       45     0.846584  0.1326  0.0765  0.0763  0.1750  0.0000  0.1750      1
      46       46       13       46     0.863750  0.1326  0.0765  0.0763  0.1750  0.0000  0.1750      1
      47       47       13       47     0.866729  0.1326  0.0765  0.0763  0.1750  0.0000  0.1750      1
      48       48       13       48     0.873125  0.1326  0.0765  0.0763  0.1750  0.0000  0.1750      1
      49       49       13       49     0.878096  0.1326  0.0765  0.0763  0.1750  0.0000  0.1750      1
      50       50       13       50     0.885967  0.1326  0.0765  0.0763  0.1750  0.0000  0.1750      1
      51       51       13       51     0.896156  0.1326  0.0765  0.0763  0.1750  0.0000  0.1750      1
      52       52       13       52     0.910606  0.1326  0.0765  0.0763  0.1750  0.0000  0.1750      1
      53       53       13       53     0.935630  0.1326  0.0765  0.0763  0.1750  0.0000  0.1750      1
      54       54       13       54     0.941347  0.1326  0.0765  0.0763  0.1750  0.0000  0.1750      1
      55       55       13       55     0.945958  0.1326  0.0765  0.0763  0.1750  0.0000  0.1750      1
      56       56       13       56     0.952948  0.1326  0.0765  0.0763  0.1750  0.0000  0.1750      1
      57       57       13       57     0.961442  0.1326  0.0765  0.0763  0.1750  0.0000  0.1750      1
      58       58       13       58     0.997044  0.1326  0.0765  0.0763  0.1750  0.0000  0.1750      1
      59       59       13       59     1.004288  0.1326  0.0765  0.0763  0.1750  0.0000  0.1750      1
      60       60       13       60     1.027004  0.1326  0.0765  0.0763  0.1750  0.0000  0.1750      1
      61       61       13       61     1.039225  0.1326  0.0765  0.0763  0.1750  0.0000  0.1750      1
      62       62       13       62     1.053137  0.1326  0.0765  0.0763  0.1750  0.0000  0.1750      1
      63       63       13       63     1.056819  0.1326  0.0765  0.0763  0.1750  0.0000  0.1750      1
      64       64       13       64     1.082332  0.1326  0.0765  0.0763  0.1750  0.0000  0.1750      1
      65       65       13       65     1.090910  0.1326  0.0765  0.0763  0.1750  0.0000  0.1750      1
      66       66       13       66     1.097598  0.1326  0.0765  0.0763  0.1750  0.0000  0.1750      1
      67       67       13       67     1.113800  0.1326  0.0765  0.0763  0.1750  0.0000  0.1750      1
      68       68       13       68     1.127480  0.1326  0.0765  0.0763  0.1750  0.0000  0.1750      1
      69       69       13       69     1.138615  0.1326  0.0765  0.0763  0.1750  0.0000  0.1750      1
      70       70       13       70     1.146856  0.1326  0.0765  0.0763  0.1750  0.0000  0.1750      1
      71       71       13       71     1.153629  0.1326  0.0765  0.0763  0.1750  0.0000  0.1750      1
      72       72       13       72     1.163382  0.1326  0.0765  0.0763  0.1750  0.0000  0.1750      1
      73       73       13       73     1.169249  0.1326  0.0765  0.0763  0.1750  0.0000  0.1750      1
      74       74       13       74     1.188741  0.1326  0.0765  0.0763  0.1750  0.0000  0.1750      1
      75       75       13       75     1.189339  0.1326  0.0765  0.0763  0.1750  0.0000  0.1750      1
      76       76       13       76     1.199988  0.1326  0.0765  0.0763  0.1750  0.0000  0.1750      1
      77       77       13       77     1.217186  0.1326  0.0765  0.0763  0.1750  0.0000  0.1750      1
      78       78       13       78     1.233892  0.1326  0.0765  0.0763  0.1750  0.0000  0.1750      1
      79       79       13       79     1.241552  0.1326  0.0765  0.0763  0.1750  0.0000  0.1750      1
      80       80       13       80     1.246525  0.1326  0.0765  0.0763  0.1750  0.0000  0.1750      1
      81       81       13       81     1.250158  0.1326  0.0765  0.0763  0.1750  0.0000  0.1750      1
      82       82       13       82     1.251392  0.1326  0.0765  0.0763  0.1750  0.0000  0.1750      1
      83       83       13       83     1.265567  0.1326  0.0765  0.0763  0.1750  0.0000  0.1750      1
      84       84       13       84     1.267149  0.1326  0.0765  0.0763  0.1750  0.0000  0.1750      1
      85       85       13       85     1.274320  0.1326  0.0765  0.0763  0.1750  0.0000  0.1750      1
      86       86       13       86     1.280032  0.1326  0.0765  0.0763  0.1750  0.0000  0.1750      1
      87       87       13       87     1.288842  0.1326  0.0765  0.0763  0.1750  0.0000  0.1750      1
      88       88       13       88     1.298329  0.1326  0.0765  0.0763  0.1750  0.0000  0.1750      1
      89       89       13       89     1.309817  0.1326  0.0765  0.0763  0.1750  0.0000  0.1750      1
      90       90       13       90     1.309977  0.1326  0.0765  0.0763  0.1750  0.0000  0.1750      1
      91       91       13       91     1.324037  0.1326  0.0765  0.0763  0.1750  0.0000  0.1750      1
      92       92       13       92     1.324513  0.1326  0.0765  0.0763  0.1750  0.0000  0.1750      1
      93       93       13       93     1.332994  0.1326  0.0765  0.0763  0.1750  0.0000  0.1750      1
      94       94       13       94     1.346648  0.1326  0.0765  0.0763  0.1750  0.0000  0.1750      1
      95       95       13       95     1.351069  0.1326  0.0765  0.0763  0.1750  0.0000  0.1750      1
      96       96       13       96     1.366872  0.1326  0.0765  0.0763  0.1750  0.0000  0.1750      1
      97       97       13       97     1.368556  0.1326  0.0765  0.0763  0.1750  0.0000  0.1750      1
      98       98       13       98     1.377817  0.1326  0.0765  0.0763  0.1750  0.0000  0.1750      1
      99       99       13       99     1.380000  0.1326  0.0765  0.0763  0.1750  0.0000  0.1750      1
