#   index    LocalEnergy         LocalEnergy_sq      LocalPotential      Kinetic             LocalECP            NonLocalECP         ElecElec            IonIon              BlockWeight         BlockCPU            AcceptRatio         
         0   -3.5482766890e+01    1.2597249592e+03   -4.8131666357e+01    1.2648899467e+01   -9.2459490745e+00    3.8556164162e+00   -6.3232342243e+00   -3.6418099474e+01    2.0456343722e+04    5.4454094500e-01    9.9891976172e-01
         1   -3.5494422177e+01    1.2605560621e+03   -4.8186789206e+01    1.2692367029e+01   -9.2624905237e+00    3.8121246788e+00   -6.3183238866e+00   -3.6418099474e+01    2.0497962779e+04    5.2663626300e-01    9.9889812629e-01
         2   -3.5485184629e+01    1.2599160594e+03   -4.8258678720e+01    1.2773494090e+01   -9.2257868242e+00    3.6830177528e+00   -6.2978101743e+00   -3.6418099474e+01    2.0452773736e+04    5.2697285400e-01    9.9899076674e-01
         3   -3.5498546568e+01    1.2608652552e+03   -4.8270127443e+01    1.2771580875e+01   -9.2272518008e+00    3.6748127190e+00   -6.2995888873e+00   -3.6418099474e+01    2.0467034022e+04    5.7940237900e-01    9.9892848417e-01
         4   -3.5515176628e+01    1.2620447595e+03   -4.8171659087e+01    1.2656482459e+01   -9.2276871718e+00    3.7708917600e+00   -6.2967642013e+00   -3.6418099474e+01    2.0592799009e+04    5.9419329200e-01    9.9895580379e-01
         5   -3.5492335694e+01    1.2603906359e+03   -4.8186799681e+01    1.2694463987e+01   -9.1820909743e+00    3.7024533120e+00   -6.2890625447e+00   -3.6418099474e+01    2.0525103372e+04    5.3516021100e-01    9.9899957547e-01
         6   -3.5489806505e+01    1.2602410529e+03   -4.8260038491e+01    1.2770231987e+01   -9.2119045707e+00    3.6821396363e+00   -6.3121740828e+00   -3.6418099474e+01    2.0575616188e+04    5.4650853200e-01    9.9896734377e-01
         7   -3.5475705113e+01    1.2592138730e+03   -4.8287474836e+01    1.2811769723e+01   -9.2659525011e+00    3.7176826282e+00   -6.3211054893e+00   -3.6418099474e+01    2.0638645848e+04    5.7114001500e-01    9.9901735544e-01
         8   -3.5472021756e+01    1.2589445680e+03   -4.8214356797e+01    1.2742335041e+01   -9.2950725613e+00    3.8300768348e+00   -6.3312615967e+00   -3.6418099474e+01    2.0653393055e+04    5.8255285700e-01    9.9893163132e-01
         9   -3.5469129225e+01    1.2587467108e+03   -4.8142823627e+01    1.2673694402e+01   -9.3233019695e+00    3.9453795568e+00   -6.3468017398e+00   -3.6418099474e+01    2.0625307453e+04    5.7779002500e-01    9.9895441672e-01
        10   -3.5452964514e+01    1.2575759778e+03   -4.8087767322e+01    1.2634802808e+01   -9.3855184387e+00    4.0506931585e+00   -6.3348425675e+00   -3.6418099474e+01    2.0670761528e+04    5.8087473000e-01    9.9905356020e-01
        11   -3.5449138224e+01    1.2573400357e+03   -4.8167760008e+01    1.2718621783e+01   -9.3873301005e+00    3.9301212189e+00   -6.2924516520e+00   -3.6418099474e+01    2.0699921474e+04    6.0507003900e-01    9.9891696502e-01
        12   -3.5462275109e+01    1.2582677883e+03   -4.8230091243e+01    1.2767816134e+01   -9.3290442278e+00    3.8033901378e+00   -6.2863376792e+00   -3.6418099474e+01    2.0647653085e+04    5.5839493400e-01    9.9891575766e-01
        13   -3.5491456813e+01    1.2603666364e+03   -4.8279079095e+01    1.2787622281e+01   -9.3128928496e+00    3.7360889618e+00   -6.2841757329e+00   -3.6418099474e+01    2.0546563330e+04    5.3072752500e-01    9.9895873170e-01
        14   -3.5503333058e+01    1.2613527838e+03   -4.8247826160e+01    1.2744493102e+01   -9.3314136923e+00    3.7690312729e+00   -6.2673442667e+00   -3.6418099474e+01    2.0494358876e+04    5.8163477900e-01    9.9895773057e-01
        15   -3.5501706467e+01    1.2612346596e+03   -4.8168676780e+01    1.2666970313e+01   -9.3111714407e+00    3.8181877129e+00   -6.2575935779e+00   -3.6418099474e+01    2.0419475052e+04    5.3240436900e-01    9.9899763491e-01
        16   -3.5513987016e+01    1.2619922144e+03   -4.8245523073e+01    1.2731536057e+01   -9.2895627472e+00    3.7385512476e+00   -6.2764120996e+00   -3.6418099474e+01    2.0377739792e+04    5.3097159400e-01    9.9900593982e-01
        17   -3.5494253235e+01    1.2605740275e+03   -4.8322855384e+01    1.2828602150e+01   -9.2677756768e+00    3.6555225717e+00   -6.2925028052e+00   -3.6418099474e+01    2.0387002638e+04    5.2268500900e-01    9.9904161527e-01
        18   -3.5482909264e+01    1.2598046618e+03   -4.8217939657e+01    1.2735030393e+01   -9.3571177838e+00    3.8541194933e+00   -6.2968418919e+00   -3.6418099474e+01    2.0308206470e+04    5.2080422100e-01    9.9901335922e-01
        19   -3.5470860342e+01    1.2589338562e+03   -4.8128166307e+01    1.2657305965e+01   -9.4033882927e+00    3.9821790668e+00   -6.2888576070e+00   -3.6418099474e+01    2.0178905765e+04    5.2369269000e-01    9.9898232250e-01
        20   -3.5478272883e+01    1.2595238970e+03   -4.8052024654e+01    1.2573751770e+01   -9.3849710060e+00    4.0164448364e+00   -6.2653990098e+00   -3.6418099474e+01    2.0311187392e+04    5.3447087000e-01    9.9894849378e-01
        21   -3.5503176139e+01    1.2613857987e+03   -4.8194480674e+01    1.2691304535e+01   -9.3843275177e+00    3.8547084235e+00   -6.2467621054e+00   -3.6418099474e+01    2.0327319224e+04    5.3794359100e-01    9.9901067000e-01
        22   -3.5499212807e+01    1.2610078095e+03   -4.8082845846e+01    1.2583633039e+01   -9.3629715334e+00    3.9287657113e+00   -6.2305405494e+00   -3.6418099474e+01    2.0274569229e+04    5.2674168500e-01    9.9896574811e-01
        23   -3.5483182727e+01    1.2598037430e+03   -4.8218022008e+01    1.2734839282e+01   -9.3225585140e+00    3.8020494399e+00   -6.2794134599e+00   -3.6418099474e+01    2.0359695816e+04    5.6111803600e-01    9.9893343063e-01
        24   -3.5473008979e+01    1.2590278257e+03   -4.8243187797e+01    1.2770178818e+01   -9.2970063509e+00    3.7338155725e+00   -6.2618975442e+00   -3.6418099474e+01    2.0406941341e+04    5.2487278600e-01    9.9905503874e-01
        25   -3.5486315772e+01    1.2599378624e+03   -4.8174451129e+01    1.2688135356e+01   -9.3345070159e+00    3.8377426019e+00   -6.2595872408e+00   -3.6418099474e+01    2.0349610937e+04    5.3111353300e-01    9.9902587829e-01
        26   -3.5477152651e+01    1.2593184170e+03   -4.8148232857e+01    1.2671080206e+01   -9.3545301027e+00    3.8813139120e+00   -6.2569171917e+00   -3.6418099474e+01    2.0353807375e+04    5.2197667800e-01    9.9897878971e-01
        27   -3.5475619736e+01    1.2592049976e+03   -4.8228797098e+01    1.2753177362e+01   -9.4241035263e+00    3.8498981304e+00   -6.2364922276e+00   -3.6418099474e+01    2.0246181446e+04    5.3487948000e-01    9.9900509448e-01
        28   -3.5477892613e+01    1.2593697697e+03   -4.8100147586e+01    1.2622254973e+01   -9.4361812761e+00    3.9992152106e+00   -6.2450820463e+00   -3.6418099474e+01    2.0265614513e+04    5.3574433800e-01    9.9893200804e-01
        29   -3.5472562162e+01    1.2589954269e+03   -4.8129096898e+01    1.2656534737e+01   -9.4340477953e+00    4.0035067196e+00   -6.2804563486e+00   -3.6418099474e+01    2.0252908104e+04    5.3281151200e-01    9.9898780428e-01
        30   -3.5467565318e+01    1.2586305927e+03   -4.8243520035e+01    1.2775954717e+01   -9.3448347767e+00    3.7964088625e+00   -6.2769946470e+00   -3.6418099474e+01    2.0204501919e+04    5.5948669200e-01    9.9896949129e-01
        31   -3.5474131140e+01    1.2590667434e+03   -4.8200501553e+01    1.2726370413e+01   -9.3530018761e+00    3.8339661275e+00   -6.2633663301e+00   -3.6418099474e+01    2.0197790146e+04    5.2266548000e-01    9.9893548547e-01
        32   -3.5493143235e+01    1.2604195022e+03   -4.8109248536e+01    1.2616105300e+01   -9.3278234878e+00    3.8996998315e+00   -6.2630254051e+00   -3.6418099474e+01    2.0147299529e+04    5.5808908900e-01    9.9888647744e-01
        33   -3.5488549047e+01    1.2601210877e+03   -4.8196679852e+01    1.2708130805e+01   -9.2564142054e+00    3.7723359614e+00   -6.2945021334e+00   -3.6418099474e+01    2.0326854621e+04    5.6625961900e-01    9.9898079681e-01
        34   -3.5503033318e+01    1.2611524051e+03   -4.8136973912e+01    1.2633940594e+01   -9.2972767483e+00    3.8928986114e+00   -6.3144963006e+00   -3.6418099474e+01    2.0507781896e+04    5.3066218100e-01    9.9897755142e-01
        35   -3.5516187794e+01    1.2621070480e+03   -4.8191872722e+01    1.2675684927e+01   -9.2854403334e+00    3.8108112057e+00   -6.2991441198e+00   -3.6418099474e+01    2.0649769624e+04    5.7225343000e-01    9.9894820607e-01
        36   -3.5526300680e+01    1.2628569500e+03   -4.8221050031e+01    1.2694749350e+01   -9.2699130365e+00    3.7779575710e+00   -6.3109950912e+00   -3.6418099474e+01    2.0659496396e+04    5.8129012200e-01    9.9886388003e-01
        37   -3.5545616879e+01    1.2641984951e+03   -4.8201863562e+01    1.2656246683e+01   -9.3369617117e+00    3.8492716569e+00   -6.2960740332e+00   -3.6418099474e+01    2.0855730920e+04    5.8950017100e-01    9.9887273948e-01
        38   -3.5513654251e+01    1.2619533869e+03   -4.8212727661e+01    1.2699073410e+01   -9.3358798954e+00    3.8497227299e+00   -6.3084710213e+00   -3.6418099474e+01    2.0897393390e+04    5.9400428900e-01    9.9899502297e-01
        39   -3.5498921404e+01    1.2608970933e+03   -4.8037174313e+01    1.2538252909e+01   -9.3793923601e+00    4.0432355430e+00   -6.2829180218e+00   -3.6418099474e+01    2.0707847154e+04    5.8263564900e-01    9.9899279781e-01
        40   -3.5479991176e+01    1.2595475160e+03   -4.7990041385e+01    1.2510050209e+01   -9.4180606452e+00    4.1409778552e+00   -6.2948591207e+00   -3.6418099474e+01    2.0783157041e+04    5.7545330400e-01    9.9891249072e-01
        41   -3.5497631027e+01    1.2607661279e+03   -4.8100284827e+01    1.2602653800e+01   -9.4118114762e+00    4.0292112877e+00   -6.2995851648e+00   -3.6418099474e+01    2.0674565336e+04    5.8899879400e-01    9.9895836932e-01
        42   -3.5488985707e+01    1.2601464338e+03   -4.8285440032e+01    1.2796454325e+01   -9.3443096333e+00    3.8070608681e+00   -6.3300917930e+00   -3.6418099474e+01    2.0818098436e+04    5.7617129700e-01    9.9894508978e-01
        43   -3.5493893787e+01    1.2604973097e+03   -4.8240283137e+01    1.2746389350e+01   -9.3301786325e+00    3.8380112919e+00   -6.3300163223e+00   -3.6418099474e+01    2.0781527378e+04    5.9322854900e-01    9.9894321181e-01
        44   -3.5505575660e+01    1.2613424484e+03   -4.8292051126e+01    1.2786475467e+01   -9.3652593759e+00    3.7852326096e+00   -6.2939248857e+00   -3.6418099474e+01    2.0750749542e+04    6.0129895200e-01    9.9901376936e-01
        45   -3.5505980706e+01    1.2613545434e+03   -4.8248549670e+01    1.2742568964e+01   -9.3767096920e+00    3.8617746929e+00   -6.3155151967e+00   -3.6418099474e+01    2.0845913628e+04    5.7648529500e-01    9.9894806815e-01
        46   -3.5480855531e+01    1.2595484232e+03   -4.8201692551e+01    1.2720837020e+01   -9.4020643491e+00    3.9278624214e+00   -6.3093911490e+00   -3.6418099474e+01    2.0794265185e+04    5.9090236800e-01    9.9896629646e-01
        47   -3.5489484107e+01    1.2601575862e+03   -4.8211425544e+01    1.2721941437e+01   -9.3972060360e+00    3.8988073951e+00   -6.2949274290e+00   -3.6418099474e+01    2.0729219277e+04    5.9553239200e-01    9.9897845980e-01
        48   -3.5491505565e+01    1.2602944029e+03   -4.8255290499e+01    1.2763784934e+01   -9.3277644717e+00    3.7945965316e+00   -6.3040230851e+00   -3.6418099474e+01    2.0909974346e+04    5.8576985800e-01    9.9901467233e-01
        49   -3.5476454788e+01    1.2592391705e+03   -4.8297441003e+01    1.2820986215e+01   -9.3171976949e+00    3.7631232118e+00   -6.3252670453e+00   -3.6418099474e+01    2.0865619587e+04    5.8003312300e-01    9.9900584515e-01
        50   -3.5465949089e+01    1.2585191810e+03   -4.8344454052e+01    1.2878504963e+01   -9.3254644489e+00    3.7652341725e+00   -6.3661243016e+00   -3.6418099474e+01    2.0886304482e+04    6.0185171600e-01    9.9898130106e-01
        51   -3.5472997660e+01    1.2590315354e+03   -4.8200988780e+01    1.2727991120e+01   -9.2833576519e+00    3.8771954143e+00   -6.3767270684e+00   -3.6418099474e+01    2.0797224882e+04    5.9196979900e-01    9.9899744555e-01
        52   -3.5464198557e+01    1.2583596534e+03   -4.8266192957e+01    1.2801994400e+01   -9.1846116182e+00    3.7301193000e+00   -6.3936011648e+00   -3.6418099474e+01    2.0624720514e+04    5.5216692300e-01    9.9899076978e-01
        53   -3.5482575181e+01    1.2596819318e+03   -4.8137539060e+01    1.2654963879e+01   -9.1770467351e+00    3.8373549951e+00   -6.3797478458e+00   -3.6418099474e+01    2.0746109728e+04    5.7765942300e-01    9.9897590361e-01
        54   -3.5481153516e+01    1.2595783440e+03   -4.8083150688e+01    1.2601997171e+01   -9.1433685530e+00    3.8265548229e+00   -6.3482374832e+00   -3.6418099474e+01    2.0972653806e+04    5.7663745900e-01    9.9895814182e-01
        55   -3.5476350131e+01    1.2592219777e+03   -4.8056120192e+01    1.2579770061e+01   -9.1189463859e+00    3.8283001960e+00   -6.3473745279e+00   -3.6418099474e+01    2.1009766200e+04    5.6809646600e-01    9.9898381582e-01
        56   -3.5475610602e+01    1.2592066898e+03   -4.8136543209e+01    1.2660932607e+01   -9.1310437297e+00    3.7554741151e+00   -6.3428741207e+00   -3.6418099474e+01    2.1074149645e+04    5.9485524300e-01    9.9902934660e-01
        57   -3.5483463916e+01    1.2597835380e+03   -4.8133235288e+01    1.2649771372e+01   -9.1256798569e+00    3.7530202252e+00   -6.3424761821e+00   -3.6418099474e+01    2.1074233103e+04    5.7315073700e-01    9.9899537159e-01
        58   -3.5474583556e+01    1.2591222471e+03   -4.8104992959e+01    1.2630409403e+01   -9.0943841522e+00    3.7489846741e+00   -6.3414940065e+00   -3.6418099474e+01    2.1096313235e+04    5.8260385500e-01    9.9902020510e-01
        59   -3.5479365566e+01    1.2594931013e+03   -4.8141132591e+01    1.2661767026e+01   -9.1256030644e+00    3.7589016494e+00   -6.3563317021e+00   -3.6418099474e+01    2.1046464668e+04    5.8059657200e-01    9.9899238692e-01
        60   -3.5456441839e+01    1.2578622487e+03   -4.8053031059e+01    1.2596589220e+01   -9.1524280522e+00    3.8444768908e+00   -6.3269804233e+00   -3.6418099474e+01    2.1064810069e+04    5.7759552600e-01    9.9895451372e-01
        61   -3.5472878905e+01    1.2590055956e+03   -4.8130405317e+01    1.2657526412e+01   -9.1064702401e+00    3.7413725737e+00   -6.3472081768e+00   -3.6418099474e+01    2.1012612126e+04    5.7531411400e-01    9.9898570817e-01
        62   -3.5474641611e+01    1.2591432396e+03   -4.8179038692e+01    1.2704397081e+01   -9.0151699899e+00    3.6341183047e+00   -6.3798875322e+00   -3.6418099474e+01    2.0837926498e+04    5.9038491200e-01    9.9896681471e-01
        63   -3.5470271431e+01    1.2588137997e+03   -4.8132551257e+01    1.2662279825e+01   -9.0456502463e+00    3.6907492707e+00   -6.3595508068e+00   -3.6418099474e+01    2.0800327080e+04    5.8055979500e-01    9.9897870909e-01
        64   -3.5487253943e+01    1.2600209012e+03   -4.8128524735e+01    1.2641270792e+01   -9.1372778436e+00    3.7851391722e+00   -6.3582865897e+00   -3.6418099474e+01    2.0820810332e+04    5.9733448000e-01    9.9899497832e-01
        65   -3.5470085754e+01    1.2587881240e+03   -4.8075817117e+01    1.2605731363e+01   -9.1863569108e+00    3.8787837171e+00   -6.3501444492e+00   -3.6418099474e+01    2.0889879451e+04    5.7770954800e-01    9.9902583419e-01
        66   -3.5477768299e+01    1.2593693138e+03   -4.8169833267e+01    1.2692064968e+01   -9.2537321412e+00    3.8550757573e+00   -6.3530774091e+00   -3.6418099474e+01    2.0792873733e+04    5.7672956000e-01    9.9899372192e-01
        67   -3.5490707301e+01    1.2602888293e+03   -4.8227723441e+01    1.2737016140e+01   -9.2005318830e+00    3.7438011882e+00   -6.3528932721e+00   -3.6418099474e+01    2.0823917328e+04    5.8521011100e-01    9.9897449617e-01
        68   -3.5498983698e+01    1.2609182286e+03   -4.8192246148e+01    1.2693262450e+01   -9.2203815404e+00    3.7993019327e+00   -6.3530670665e+00   -3.6418099474e+01    2.0881572973e+04    5.7967773400e-01    9.9901663007e-01
        69   -3.5486181693e+01    1.2599723567e+03   -4.8226789615e+01    1.2740607922e+01   -9.2320020887e+00    3.7764625878e+00   -6.3531506397e+00   -3.6418099474e+01    2.0774167539e+04    5.7400237700e-01    9.9906661899e-01
        70   -3.5469753505e+01    1.2587875729e+03   -4.8184428453e+01    1.2714674948e+01   -9.2287490755e+00    3.7877316618e+00   -6.3253115652e+00   -3.6418099474e+01    2.0784852462e+04    5.9120295300e-01    9.9895559205e-01
        71   -3.5475115154e+01    1.2591804884e+03   -4.8209433730e+01    1.2734318576e+01   -9.1545874911e+00    3.6839149386e+00   -6.3206617033e+00   -3.6418099474e+01    2.0777540750e+04    5.7706678800e-01    9.9888817096e-01
        72   -3.5487165272e+01    1.2600355422e+03   -4.8324303528e+01    1.2837138256e+01   -9.1932243798e+00    3.6198774753e+00   -6.3328571489e+00   -3.6418099474e+01    2.0877505645e+04    5.7587888000e-01    9.9896693508e-01
        73   -3.5492209277e+01    1.2603954218e+03   -4.8290029688e+01    1.2797820411e+01   -9.2524307839e+00    3.7332632065e+00   -6.3527626362e+00   -3.6418099474e+01    2.1000109261e+04    5.8344473200e-01    9.9895428082e-01
        74   -3.5489469902e+01    1.2602356159e+03   -4.8192598518e+01    1.2703128616e+01   -9.2650155104e+00    3.8586390825e+00   -6.3681226154e+00   -3.6418099474e+01    2.0793875753e+04    5.7724717700e-01    9.9892493062e-01
        75   -3.5485494434e+01    1.2599223498e+03   -4.8157444777e+01    1.2671950343e+01   -9.2390668884e+00    3.8524919136e+00   -6.3527703276e+00   -3.6418099474e+01    2.0848042310e+04    5.7752294400e-01    9.9904771039e-01
        76   -3.5492074453e+01    1.2603509646e+03   -4.8158799955e+01    1.2666725502e+01   -9.2798543110e+00    3.8843152400e+00   -6.3451614101e+00   -3.6418099474e+01    2.0900247109e+04    6.7497470200e-01    9.9898681666e-01
        77   -3.5490915072e+01    1.2603120037e+03   -4.8239350896e+01    1.2748435824e+01   -9.3084402478e+00    3.8456780961e+00   -6.3584892703e+00   -3.6418099474e+01    2.0997824391e+04    5.7782580800e-01    9.9900179575e-01
        78   -3.5489989761e+01    1.2602294630e+03   -4.8312383462e+01    1.2822393701e+01   -9.2933784998e+00    3.7471453821e+00   -6.3480508703e+00   -3.6418099474e+01    2.0872050262e+04    5.7238497700e-01    9.9895979470e-01
        79   -3.5477542458e+01    1.2593254515e+03   -4.8188880538e+01    1.2711338080e+01   -9.3075361649e+00    3.8766743095e+00   -6.3399192086e+00   -3.6418099474e+01    2.0907741798e+04    5.6912546100e-01    9.9897539584e-01
        80   -3.5479711854e+01    1.2594884302e+03   -4.8144483972e+01    1.2664772118e+01   -9.3243647468e+00    3.9212153843e+00   -6.3232351349e+00   -3.6418099474e+01    2.0863645827e+04    5.7061592100e-01    9.9901083631e-01
        81   -3.5491702142e+01    1.2603786686e+03   -4.8175960759e+01    1.2684258616e+01   -9.2666095160e+00    3.8304404798e+00   -6.3216922484e+00   -3.6418099474e+01    2.0816804673e+04    5.7500731200e-01    9.9899988335e-01
        82   -3.5474285751e+01    1.2590827063e+03   -4.8302761720e+01    1.2828475969e+01   -9.2062281420e+00    3.6628985822e+00   -6.3413326858e+00   -3.6418099474e+01    2.0709674667e+04    5.7402941200e-01    9.9897412378e-01
        83   -3.5457846514e+01    1.2579249496e+03   -4.8265284224e+01    1.2807437710e+01   -9.2452211866e+00    3.7454851726e+00   -6.3474487358e+00   -3.6418099474e+01    2.0705968821e+04    5.7260552000e-01    9.9900515869e-01
        84   -3.5456294811e+01    1.2578213313e+03   -4.8325583827e+01    1.2869289016e+01   -9.2115550621e+00    3.6672313939e+00   -6.3631606842e+00   -3.6418099474e+01    2.0684968116e+04    5.8133124600e-01    9.9906628190e-01
        85   -3.5475212921e+01    1.2591449894e+03   -4.8160821265e+01    1.2685608344e+01   -9.2349991685e+00    3.8236327031e+00   -6.3313553255e+00   -3.6418099474e+01    2.0552043058e+04    5.6230415500e-01    9.9895576328e-01
        86   -3.5478288594e+01    1.2593841943e+03   -4.8262205587e+01    1.2783916993e+01   -9.2083729631e+00    3.7180234402e+00   -6.3537565902e+00   -3.6418099474e+01    2.0492293416e+04    5.3428412600e-01    9.9891083104e-01
        87   -3.5492531145e+01    1.2604255676e+03   -4.8238325471e+01    1.2745794326e+01   -9.2422713725e+00    3.7582928378e+00   -6.3362474621e+00   -3.6418099474e+01    2.0467827358e+04    5.3775388300e-01    9.9900880904e-01
        88   -3.5480384722e+01    1.2595368631e+03   -4.8184183911e+01    1.2703799189e+01   -9.2976824115e+00    3.8672652539e+00   -6.3356672795e+00   -3.6418099474e+01    2.0367058649e+04    5.1968386900e-01    9.9898820922e-01
        89   -3.5470071173e+01    1.2588400344e+03   -4.8215634831e+01    1.2745563658e+01   -9.2962108823e+00    3.8228503033e+00   -6.3241747776e+00   -3.6418099474e+01    2.0344338544e+04    5.2549668300e-01    9.9893450450e-01
        90   -3.5484273178e+01    1.2598309006e+03   -4.8194850444e+01    1.2710577266e+01   -9.3517023219e+00    3.9116540368e+00   -6.3367026844e+00   -3.6418099474e+01    2.0386836356e+04    5.4771417100e-01    9.9898214461e-01
        91   -3.5486039630e+01    1.2599424342e+03   -4.8197817382e+01    1.2711777752e+01   -9.2843824256e+00    3.8481017364e+00   -6.3434372190e+00   -3.6418099474e+01    2.0453295789e+04    5.3283758900e-01    9.9891563236e-01
        92   -3.5490019340e+01    1.2602328413e+03   -4.8154074517e+01    1.2664055178e+01   -9.3206996467e+00    3.9102128533e+00   -6.3254882497e+00   -3.6418099474e+01    2.0515087485e+04    5.3047839300e-01    9.9899894149e-01
        93   -3.5497623307e+01    1.2607734441e+03   -4.8222637484e+01    1.2725014177e+01   -9.2461245441e+00    3.7822208834e+00   -6.3406343495e+00   -3.6418099474e+01    2.0447943049e+04    5.4009150100e-01    9.9904272788e-01
        94   -3.5511899426e+01    1.2618107760e+03   -4.8170966725e+01    1.2659067298e+01   -9.2455931565e+00    3.8192857182e+00   -6.3265598125e+00   -3.6418099474e+01    2.0636068435e+04    5.5362028400e-01    9.9894235030e-01
        95   -3.5520547458e+01    1.2624411154e+03   -4.8184410219e+01    1.2663862761e+01   -9.2728626285e+00    3.8260265361e+00   -6.3194746520e+00   -3.6418099474e+01    2.0755510861e+04    5.7728553000e-01    9.9898800058e-01
        96   -3.5505086688e+01    1.2613145724e+03   -4.8300021568e+01    1.2794934880e+01   -9.2749389612e+00    3.7494793465e+00   -6.3564624787e+00   -3.6418099474e+01    2.0878418991e+04    5.7878738300e-01    9.9891717871e-01
        97   -3.5512442265e+01    1.2618404843e+03   -4.8356371974e+01    1.2843929709e+01   -9.3111262236e+00    3.7242657816e+00   -6.3514120576e+00   -3.6418099474e+01    2.0917757549e+04    5.7201105700e-01    9.9898749479e-01
        98   -3.5524650943e+01    1.2627397010e+03   -4.8301913306e+01    1.2777262363e+01   -9.2944113848e+00    3.7704054538e+00   -6.3598079013e+00   -3.6418099474e+01    2.0981877538e+04    5.7556808600e-01    9.9901942759e-01
        99   -3.5520020737e+01    1.2624153771e+03   -4.8319623260e+01    1.2799602524e+01   -9.2957095837e+00    3.7584331827e+00   -6.3642473850e+00   -3.6418099474e+01    2.1061371879e+04    6.0157061900e-01    9.9899097816e-01
       100   -3.5529002547e+01    1.2630201822e+03   -4.8270146946e+01    1.2741144398e+01   -9.2716906617e+00    3.7695086147e+00   -6.3498654244e+00   -3.6418099474e+01    2.0807258699e+04    5.6827764500e-01    9.9887716840e-01
       101   -3.5518271818e+01    1.2622338424e+03   -4.8198602456e+01    1.2680330638e+01   -9.2618234295e+00    3.8412901842e+00   -6.3599697370e+00   -3.6418099474e+01    2.0687489283e+04    5.8723904300e-01    9.9892423730e-01
       102   -3.5513031440e+01    1.2618751428e+03   -4.8196162221e+01    1.2683130781e+01   -9.2375174605e+00    3.8200017604e+00   -6.3605470466e+00   -3.6418099474e+01    2.0609786212e+04    5.7029056000e-01    9.9901381012e-01
       103   -3.5499285402e+01    1.2609042480e+03   -4.8151230014e+01    1.2651944611e+01   -9.2652927981e+00    3.8886722318e+00   -6.3565099733e+00   -3.6418099474e+01    2.0551675502e+04    5.9047094400e-01    9.9903023983e-01
       104   -3.5495361162e+01    1.2606606642e+03   -4.8122382382e+01    1.2627021220e+01   -9.2858414746e+00    3.9388309678e+00   -6.3572724013e+00   -3.6418099474e+01    2.0536824032e+04    5.3300260000e-01    9.9901392676e-01
       105   -3.5496841447e+01    1.2607403547e+03   -4.8137615522e+01    1.2640774075e+01   -9.2791276638e+00    3.9085729112e+00   -6.3489612949e+00   -3.6418099474e+01    2.0397698587e+04    5.3190950100e-01    9.9902286975e-01
       106   -3.5520507331e+01    1.2624987736e+03   -4.8050669092e+01    1.2530161761e+01   -9.2948824278e+00    3.9774461426e+00   -6.3151333326e+00   -3.6418099474e+01    2.0348306946e+04    5.2866990200e-01    9.9889210391e-01
       107   -3.5529246861e+01    1.2630568587e+03   -4.8167718002e+01    1.2638471141e+01   -9.3319645002e+00    3.9131526737e+00   -6.3308067016e+00   -3.6418099474e+01    2.0345011105e+04    5.2910152300e-01    9.9896554147e-01
       108   -3.5527217845e+01    1.2628986123e+03   -4.8198600267e+01    1.2671382422e+01   -9.2757826690e+00    3.8162192760e+00   -6.3209373998e+00   -3.6418099474e+01    2.0440349823e+04    5.3420858600e-01    9.9891801376e-01
       109   -3.5520936569e+01    1.2624184136e+03   -4.8296952863e+01    1.2776016293e+01   -9.1842257710e+00    3.6238883136e+00   -6.3185159310e+00   -3.6418099474e+01    2.0471526160e+04    5.7053707000e-01    9.9901399602e-01
       110   -3.5523823905e+01    1.2626346954e+03   -4.8234435348e+01    1.2710611442e+01   -9.2622968800e+00    3.7513514763e+00   -6.3053904697e+00   -3.6418099474e+01    2.0600214357e+04    5.4511411600e-01    9.9896814606e-01
       111   -3.5517412657e+01    1.2621645650e+03   -4.8232189816e+01    1.2714777159e+01   -9.3434810991e+00    3.8314283962e+00   -6.3020376391e+00   -3.6418099474e+01    2.0732381557e+04    5.9399723800e-01    9.9898520361e-01
       112   -3.5509830443e+01    1.2616278494e+03   -4.8204438984e+01    1.2694608541e+01   -9.3435654986e+00    3.8683446707e+00   -6.3111186823e+00   -3.6418099474e+01    2.0650383019e+04    5.5896653300e-01    9.9897257431e-01
       113   -3.5506665087e+01    1.2613845190e+03   -4.8109545976e+01    1.2602880889e+01   -9.3969638210e+00    4.0290484320e+00   -6.3235311125e+00   -3.6418099474e+01    2.0702179554e+04    5.7078926800e-01    9.9888894256e-01
       114   -3.5494237420e+01    1.2605306361e+03   -4.8109211444e+01    1.2614974024e+01   -9.3913107170e+00    4.0078452309e+00   -6.3076464833e+00   -3.6418099474e+01    2.0602564321e+04    5.7545080000e-01    9.9892699399e-01
       115   -3.5490392265e+01    1.2602684049e+03   -4.8138629969e+01    1.2648237705e+01   -9.4281805491e+00    3.9658224056e+00   -6.2581723516e+00   -3.6418099474e+01    2.0501637278e+04    5.5268733300e-01    9.9894435386e-01
       116   -3.5493344504e+01    1.2604709942e+03   -4.8256596373e+01    1.2763251869e+01   -9.3304092627e+00    3.7765849722e+00   -6.2846726081e+00   -3.6418099474e+01    2.0596514942e+04    5.4986404200e-01    9.9899083778e-01
       117   -3.5511233051e+01    1.2617592531e+03   -4.8213592456e+01    1.2702359405e+01   -9.3609527241e+00    3.8445790475e+00   -6.2791193051e+00   -3.6418099474e+01    2.0581347059e+04    5.7548336100e-01    9.9888056593e-01
       118   -3.5502371980e+01    1.2611007383e+03   -4.8206964448e+01    1.2704592467e+01   -9.3908691413e+00    3.9038738659e+00   -6.3018696980e+00   -3.6418099474e+01    2.0518254016e+04    5.7335660300e-01    9.9897989026e-01
       119   -3.5513233815e+01    1.2619018561e+03   -4.8236513767e+01    1.2723279951e+01   -9.3036483920e+00    3.8117635454e+00   -6.3265294459e+00   -3.6418099474e+01    2.0601384203e+04    5.4531715900e-01    9.9898048354e-01
       120   -3.5514699968e+01    1.2619879263e+03   -4.8137627422e+01    1.2622927454e+01   -9.3418419561e+00    3.9652712978e+00   -6.3429572899e+00   -3.6418099474e+01    2.0695731917e+04    5.9971031500e-01    9.9899379362e-01
       121   -3.5509673454e+01    1.2616334218e+03   -4.8233498855e+01    1.2723825401e+01   -9.3143986899e+00    3.8261893044e+00   -6.3271899956e+00   -3.6418099474e+01    2.0755498476e+04    5.7420945900e-01    9.9891587164e-01
       122   -3.5525184958e+01    1.2627365177e+03   -4.8267307082e+01    1.2742122123e+01   -9.2679430205e+00    3.7649476223e+00   -6.3462122092e+00   -3.6418099474e+01    2.0761896930e+04    5.7148590100e-01    9.9903651604e-01
       123   -3.5529176522e+01    1.2630121264e+03   -4.8179216050e+01    1.2650039528e+01   -9.3212579471e+00    3.8931380031e+00   -6.3329966321e+00   -3.6418099474e+01    2.0869097635e+04    5.7385566400e-01    9.9899352983e-01
       124   -3.5504549077e+01    1.2612796092e+03   -4.8187688878e+01    1.2683139801e+01   -9.2728260745e+00    3.8624928055e+00   -6.3592561344e+00   -3.6418099474e+01    2.0817465829e+04    5.7382945200e-01    9.9902556853e-01
       125   -3.5515169063e+01    1.2620236234e+03   -4.8094629786e+01    1.2579460723e+01   -9.3250403694e+00    4.0059411076e+00   -6.3574310504e+00   -3.6418099474e+01    2.0669557669e+04    5.5868260900e-01    9.9902536134e-01
       126   -3.5514086653e+01    1.2619939901e+03   -4.8246912287e+01    1.2732825634e+01   -9.2415623111e+00    3.7815085919e+00   -6.3687590933e+00   -3.6418099474e+01    2.0624492198e+04    5.6850839800e-01    9.9897122905e-01
       127   -3.5516298706e+01    1.2621613327e+03   -4.8255245834e+01    1.2738947129e+01   -9.2744341504e+00    3.7896761935e+00   -6.3523884033e+00   -3.6418099474e+01    2.0631416279e+04    5.5701456300e-01    9.9897157816e-01
       128   -3.5520902956e+01    1.2625180808e+03   -4.8131526496e+01    1.2610623540e+01   -9.2989865163e+00    3.9251861736e+00   -6.3396266786e+00   -3.6418099474e+01    2.0570821991e+04    5.5988500200e-01    9.9904141371e-01
       129   -3.5512583044e+01    1.2619496031e+03   -4.8134060581e+01    1.2621477537e+01   -9.2867313231e+00    3.8810794930e+00   -6.3103092765e+00   -3.6418099474e+01    2.0528920742e+04    5.5088769300e-01    9.9902035845e-01
       130   -3.5531481877e+01    1.2632749591e+03   -4.8152094853e+01    1.2620612976e+01   -9.2531066905e+00    3.8270570615e+00   -6.3079457499e+00   -3.6418099474e+01    2.0730135658e+04    5.6941409500e-01    9.9900051697e-01
       131   -3.5512415329e+01    1.2618096594e+03   -4.8212456721e+01    1.2700041392e+01   -9.2572565319e+00    3.7746674341e+00   -6.3117681495e+00   -3.6418099474e+01    2.0753143055e+04    5.6902009000e-01    9.9898460734e-01
       132   -3.5508452649e+01    1.2615487532e+03   -4.8264125302e+01    1.2755672653e+01   -9.3274705675e+00    3.7989043689e+00   -6.3174596294e+00   -3.6418099474e+01    2.0753507095e+04    5.7537105100e-01    9.9901735377e-01
       133   -3.5510731534e+01    1.2617208181e+03   -4.8302573371e+01    1.2791841838e+01   -9.3133331652e+00    3.7642999637e+00   -6.3354406958e+00   -3.6418099474e+01    2.0737076412e+04    5.7308735700e-01    9.9904238316e-01
       134   -3.5504545479e+01    1.2612774311e+03   -4.8188776410e+01    1.2684230931e+01   -9.2987260313e+00    3.8616498319e+00   -6.3336007364e+00   -3.6418099474e+01    2.0662426363e+04    5.5519311900e-01    9.9896808496e-01
       135   -3.5505356505e+01    1.2613302487e+03   -4.8086153156e+01    1.2580796651e+01   -9.3596779908e+00    4.0013687190e+00   -6.3097444096e+00   -3.6418099474e+01    2.0553589479e+04    5.5929054700e-01    9.9896256186e-01
       136   -3.5502442685e+01    1.2611104090e+03   -4.8206947778e+01    1.2704505092e+01   -9.3508081318e+00    3.8829080803e+00   -6.3209482520e+00   -3.6418099474e+01    2.0554177634e+04    5.3385589900e-01    9.9895044867e-01
       137   -3.5491193190e+01    1.2602722194e+03   -4.8212881192e+01    1.2721688003e+01   -9.3610593264e+00    3.8794342720e+00   -6.3131566638e+00   -3.6418099474e+01    2.0433993312e+04    5.5737101800e-01    9.9897404885e-01
       138   -3.5492156820e+01    1.2603964631e+03   -4.8287545519e+01    1.2795388699e+01   -9.4140338033e+00    3.8266872076e+00   -6.2820994492e+00   -3.6418099474e+01    2.0510360538e+04    5.6353356400e-01    9.9901098365e-01
       139   -3.5497092814e+01    1.2607359912e+03   -4.8301407984e+01    1.2804315170e+01   -9.3961435295e+00    3.8042174725e+00   -6.2913824529e+00   -3.6418099474e+01    2.0602577159e+04    5.4941694300e-01    9.9903273448e-01
       140   -3.5489839065e+01    1.2601940597e+03   -4.8339849314e+01    1.2850010250e+01   -9.3608313483e+00    3.7359206539e+00   -6.2968391456e+00   -3.6418099474e+01    2.0585179951e+04    5.4602172000e-01    9.9894350804e-01
       141   -3.5478137698e+01    1.2593683597e+03   -4.8300011868e+01    1.2821874170e+01   -9.4161334729e+00    3.8128473380e+00   -6.2786262586e+00   -3.6418099474e+01    2.0514531803e+04    5.2593391100e-01    9.9897476780e-01
       142   -3.5488984523e+01    1.2601341669e+03   -4.8309795380e+01    1.2820810857e+01   -9.3798094252e+00    3.7822806225e+00   -6.2941671030e+00   -3.6418099474e+01    2.0666353029e+04    5.5669401400e-01    9.9897707402e-01
       143   -3.5495589997e+01    1.2606207450e+03   -4.8181762994e+01    1.2686172998e+01   -9.3953535220e+00    3.9529366413e+00   -6.3212466393e+00   -3.6418099474e+01    2.0824926124e+04    5.7547945900e-01    9.9898145354e-01
       144   -3.5502363161e+01    1.2611129245e+03   -4.8212417477e+01    1.2710054316e+01   -9.4126034750e+00    3.9048686116e+00   -6.2865831395e+00   -3.6418099474e+01    2.0835118763e+04    5.9171070600e-01    9.9892533200e-01
       145   -3.5494851813e+01    1.2605633442e+03   -4.8234323764e+01    1.2739471951e+01   -9.3536032918e+00    3.8433136257e+00   -6.3059346235e+00   -3.6418099474e+01    2.0810953428e+04    5.7798974100e-01    9.9898420019e-01
       146   -3.5477788535e+01    1.2593522649e+03   -4.8275680147e+01    1.2797891612e+01   -9.3285502852e+00    3.7629247953e+00   -6.2919551827e+00   -3.6418099474e+01    2.0815218783e+04    5.8373353700e-01    9.9897601438e-01
       147   -3.5489718005e+01    1.2602573602e+03   -4.8237712392e+01    1.2747994387e+01   -9.3172339061e+00    3.7984972602e+00   -6.3008762718e+00   -3.6418099474e+01    2.0706599995e+04    5.7064432000e-01    9.9892908878e-01
       148   -3.5472561536e+01    1.2589817964e+03   -4.8230241203e+01    1.2757679667e+01   -9.3381277510e+00    3.8362753072e+00   -6.3102892846e+00   -3.6418099474e+01    2.0635346172e+04    5.6282832200e-01    9.9894281146e-01
       149   -3.5472119693e+01    1.2589270821e+03   -4.8275931067e+01    1.2803811374e+01   -9.4020126368e+00    3.8355106921e+00   -6.2913296479e+00   -3.6418099474e+01    2.0550745436e+04    5.3019920000e-01    9.9896971340e-01
       150   -3.5478514581e+01    1.2593934184e+03   -4.8225202185e+01    1.2746687604e+01   -9.4052402087e+00    3.8717197794e+00   -6.2735822817e+00   -3.6418099474e+01    2.0445556723e+04    5.6690012200e-01    9.9898872401e-01
       151   -3.5468935176e+01    1.2587213012e+03   -4.8224973424e+01    1.2756038248e+01   -9.3377654797e+00    3.8340245883e+00   -6.3031330585e+00   -3.6418099474e+01    2.0319286812e+04    5.4582393700e-01    9.9895438666e-01
       152   -3.5458385595e+01    1.2579917678e+03   -4.8185625955e+01    1.2727240360e+01   -9.2976259187e+00    3.8593299438e+00   -6.3292305060e+00   -3.6418099474e+01    2.0182081666e+04    5.2308601600e-01    9.9891898204e-01
       153   -3.5458376284e+01    1.2579630969e+03   -4.8135501911e+01    1.2677125627e+01   -9.2926436553e+00    3.9228689124e+00   -6.3476276937e+00   -3.6418099474e+01    2.0210779184e+04    5.3752199600e-01    9.9895763401e-01
       154   -3.5473966768e+01    1.2590837091e+03   -4.8173847732e+01    1.2699880964e+01   -9.2652742068e+00    3.8555940593e+00   -6.3460681102e+00   -3.6418099474e+01    2.0179844223e+04    5.2625724600e-01    9.9893818089e-01
       155   -3.5470148834e+01    1.2587912577e+03   -4.8235393692e+01    1.2765244858e+01   -9.2768650885e+00    3.8235545207e+00   -6.3639836500e+00   -3.6418099474e+01    2.0141169220e+04    5.2362381700e-01    9.9899286494e-01
       156   -3.5454306756e+01    1.2576632485e+03   -4.8294639261e+01    1.2840332506e+01   -9.2953360151e+00    3.7648720798e+00   -6.3460758520e+00   -3.6418099474e+01    1.9968303033e+04    5.4126416700e-01    9.9894847529e-01
       157   -3.5476047232e+01    1.2592458400e+03   -4.8309763186e+01    1.2833715955e+01   -9.2843174494e+00    3.7275224336e+00   -6.3348686964e+00   -3.6418099474e+01    1.9870549494e+04    5.1515490400e-01    9.9892864333e-01
       158   -3.5498253333e+01    1.2609168963e+03   -4.8285723422e+01    1.2787470089e+01   -9.2523679295e+00    3.6962461490e+00   -6.3115021672e+00   -3.6418099474e+01    1.9846329488e+04    5.1392201600e-01    9.9902788879e-01
       159   -3.5485546917e+01    1.2600320188e+03   -4.8208869058e+01    1.2723322140e+01   -9.2979329616e+00    3.8360900672e+00   -6.3289266892e+00   -3.6418099474e+01    1.9756466455e+04    5.2871272400e-01    9.9893857092e-01
       160   -3.5503643261e+01    1.2613278973e+03   -4.8115315036e+01    1.2611671775e+01   -9.3182448108e+00    3.9208946816e+00   -6.2998654323e+00   -3.6418099474e+01    1.9795320795e+04    5.1490975000e-01    9.9902528483e-01
       161   -3.5504404809e+01    1.2613676204e+03   -4.8078011490e+01    1.2573606681e+01   -9.2782930949e+00    3.9049437583e+00   -6.2865626793e+00   -3.6418099474e+01    1.9893951459e+04    5.1976404800e-01    9.9901581874e-01
       162   -3.5486568157e+01    1.2600215090e+03   -4.8173215384e+01    1.2686647227e+01   -9.2148314327e+00    3.7591036769e+00   -6.2993881538e+00   -3.6418099474e+01    1.9807129997e+04    5.3031638200e-01    9.9903869739e-01
       163   -3.5485703681e+01    1.2599067619e+03   -4.8193934029e+01    1.2708230348e+01   -9.2066517081e+00    3.7472175995e+00   -6.3164004463e+00   -3.6418099474e+01    1.9743517883e+04    5.2227462800e-01    9.9905000760e-01
       164   -3.5463030533e+01    1.2582977484e+03   -4.8184278644e+01    1.2721248111e+01   -9.2489623899e+00    3.8124546804e+00   -6.3296714600e+00   -3.6418099474e+01    1.9863472277e+04    5.4159715000e-01    9.9902906337e-01
       165   -3.5493528169e+01    1.2604546777e+03   -4.8200304500e+01    1.2706776332e+01   -9.3056252220e+00    3.8537695176e+00   -6.3303493215e+00   -3.6418099474e+01    1.9888850364e+04    5.5367432700e-01    9.9894921002e-01
       166   -3.5489744831e+01    1.2602224438e+03   -4.8196858916e+01    1.2707114085e+01   -9.3848804381e+00    3.9733200167e+00   -6.3671990205e+00   -3.6418099474e+01    2.0115786034e+04    5.6935100400e-01    9.9894164110e-01
       167   -3.5490597843e+01    1.2602791885e+03   -4.8214325203e+01    1.2723727360e+01   -9.3652453689e+00    3.9193508394e+00   -6.3503311994e+00   -3.6418099474e+01    2.0300646252e+04    5.2147086300e-01    9.9890036807e-01
       168   -3.5494553246e+01    1.2605640273e+03   -4.8212966319e+01    1.2718413073e+01   -9.3516586976e+00    3.8945365463e+00   -6.3377446938e+00   -3.6418099474e+01    2.0323274708e+04    5.1927772300e-01    9.9895076873e-01
       169   -3.5474450854e+01    1.2591077674e+03   -4.8215653982e+01    1.2741203127e+01   -9.3414548606e+00    3.8806530451e+00   -6.3367526920e+00   -3.6418099474e+01    2.0517028619e+04    5.4370701900e-01    9.9902538863e-01
       170   -3.5480589967e+01    1.2595257869e+03   -4.8120584734e+01    1.2639994767e+01   -9.2800614311e+00    3.9303408365e+00   -6.3527646655e+00   -3.6418099474e+01    2.0554360525e+04    5.2964495200e-01    9.9899234880e-01
       171   -3.5480330829e+01    1.2595002836e+03   -4.8217208898e+01    1.2736878069e+01   -9.2715042684e+00    3.8492718127e+00   -6.3768769686e+00   -3.6418099474e+01    2.0552706403e+04    5.4046439300e-01    9.9895755150e-01
       172   -3.5478504877e+01    1.2593839354e+03   -4.8281256982e+01    1.2802752104e+01   -9.2189858423e+00    3.7362618751e+00   -6.3804335403e+00   -3.6418099474e+01    2.0506027401e+04    5.5403306300e-01    9.9897954208e-01
       173   -3.5495839874e+01    1.2606123097e+03   -4.8166651921e+01    1.2670812047e+01   -9.2395601244e+00    3.8369112399e+00   -6.3459035621e+00   -3.6418099474e+01    2.0333088292e+04    5.2519163700e-01    9.9898817429e-01
       174   -3.5473728605e+01    1.2590546331e+03   -4.8145356998e+01    1.2671628393e+01   -9.3474183482e+00    3.9587059764e+00   -6.3385451519e+00   -3.6418099474e+01    2.0219209233e+04    5.3431547100e-01    9.9894376148e-01
       175   -3.5493688005e+01    1.2605002874e+03   -4.8237102533e+01    1.2743414528e+01   -9.3638793238e+00    3.8740988142e+00   -6.3292225494e+00   -3.6418099474e+01    2.0136465536e+04    5.1583233800e-01    9.9904563226e-01
       176   -3.5492216042e+01    1.2604011320e+03   -4.8266594127e+01    1.2774378085e+01   -9.3931043313e+00    3.8571955743e+00   -6.3125858958e+00   -3.6418099474e+01    2.0071194926e+04    5.2830923900e-01    9.9896240452e-01
       177   -3.5501685727e+01    1.2610865281e+03   -4.8181333647e+01    1.2679647920e+01   -9.4419976291e+00    3.9837772355e+00   -6.3050137795e+00   -3.6418099474e+01    2.0120958558e+04    5.5307408100e-01    9.9895955399e-01
       178   -3.5477459645e+01    1.2593836208e+03   -4.8178088897e+01    1.2700629252e+01   -9.3989868141e+00    3.9340076049e+00   -6.2950102134e+00   -3.6418099474e+01    2.0172984134e+04    5.3632118000e-01    9.9894130061e-01
       179   -3.5500825126e+01    1.2609962329e+03   -4.8143652601e+01    1.2642827475e+01   -9.3399862539e+00    3.9307371774e+00   -6.3163040504e+00   -3.6418099474e+01    2.0107560405e+04    5.2400582400e-01    9.9897664767e-01
       180   -3.5519185602e+01    1.2623033042e+03   -4.8185428502e+01    1.2666242899e+01   -9.3210639640e+00    3.8643020349e+00   -6.3105670983e+00   -3.6418099474e+01    2.0101357751e+04    5.1297720000e-01    9.9898858110e-01
       181   -3.5506409696e+01    1.2613953625e+03   -4.8284704879e+01    1.2778295182e+01   -9.2752498033e+00    3.7109733159e+00   -6.3023289171e+00   -3.6418099474e+01    2.0211766637e+04    5.3762667300e-01    9.9898721738e-01
       182   -3.5505304968e+01    1.2613039091e+03   -4.8363126624e+01    1.2857821656e+01   -9.2781792124e+00    3.6472106404e+00   -6.3140585783e+00   -3.6418099474e+01    2.0185664321e+04    5.4465172600e-01    9.9896998443e-01
       183   -3.5507831493e+01    1.2615193411e+03   -4.8282262018e+01    1.2774430526e+01   -9.3045208974e+00    3.7610344656e+00   -6.3206761125e+00   -3.6418099474e+01    2.0246496015e+04    5.3317817200e-01    9.9900484872e-01
       184   -3.5488615895e+01    1.2601666346e+03   -4.8210325920e+01    1.2721710025e+01   -9.3558519115e+00    3.9024975453e+00   -6.3388720799e+00   -3.6418099474e+01    2.0240869218e+04    5.2233729800e-01    9.9901180888e-01
       185   -3.5500272570e+01    1.2609909362e+03   -4.8154649551e+01    1.2654376981e+01   -9.3507292848e+00    3.9690763967e+00   -6.3548971889e+00   -3.6418099474e+01    2.0390667027e+04    5.2272027000e-01    9.9898749965e-01
       186   -3.5491199987e+01    1.2603325607e+03   -4.8147642229e+01    1.2656442242e+01   -9.2787987662e+00    3.8800887018e+00   -6.3308326906e+00   -3.6418099474e+01    2.0473733736e+04    5.2749671400e-01    9.9893767705e-01
       187   -3.5505430304e+01    1.2613523204e+03   -4.8136509751e+01    1.2631079447e+01   -9.1781859302e+00    3.7753616855e+00   -6.3155860325e+00   -3.6418099474e+01    2.0556490760e+04    5.3851274300e-01    9.9904780439e-01
       188   -3.5470792525e+01    1.2588701278e+03   -4.8119989108e+01    1.2649196583e+01   -9.2375813765e+00    3.8531312588e+00   -6.3174395165e+00   -3.6418099474e+01    2.0480748667e+04    5.5108703100e-01    9.9898357683e-01
       189   -3.5478613750e+01    1.2594509293e+03   -4.8152098280e+01    1.2673484530e+01   -9.2425995395e+00    3.8242464781e+00   -6.3156457443e+00   -3.6418099474e+01    2.0317482510e+04    5.2276510800e-01    9.9900163816e-01
       190   -3.5509307607e+01    1.2616279234e+03   -4.8152055548e+01    1.2642747941e+01   -9.2525989261e+00    3.8087726681e+00   -6.2901298161e+00   -3.6418099474e+01    2.0392180904e+04    5.5860664200e-01    9.9895246504e-01
       191   -3.5503019984e+01    1.2611946770e+03   -4.8108610344e+01    1.2605590359e+01   -9.2916149289e+00    3.9012877845e+00   -6.3001837250e+00   -3.6418099474e+01    2.0450390073e+04    5.4113071200e-01    9.9892060698e-01
       192   -3.5514480856e+01    1.2619625988e+03   -4.8130431703e+01    1.2615950846e+01   -9.2295681861e+00    3.8110469530e+00   -6.2938109953e+00   -3.6418099474e+01    2.0308104649e+04    5.1869393300e-01    9.9902191199e-01
       193   -3.5507509071e+01    1.2614452284e+03   -4.8255094529e+01    1.2747585458e+01   -9.2266442624e+00    3.6926647386e+00   -6.3030155306e+00   -3.6418099474e+01    2.0299204872e+04    5.5452129900e-01    9.9901976657e-01
       194   -3.5511893227e+01    1.2617650482e+03   -4.8270610763e+01    1.2758717535e+01   -9.3014578055e+00    3.7494617892e+00   -6.3005152722e+00   -3.6418099474e+01    2.0313004312e+04    5.4514491100e-01    9.9898697845e-01
       195   -3.5482644522e+01    1.2597040222e+03   -4.8175395679e+01    1.2692751157e+01   -9.3865159595e+00    3.9385066289e+00   -6.3092868746e+00   -3.6418099474e+01    2.0401936519e+04    5.2923036500e-01    9.9899699624e-01
       196   -3.5486956515e+01    1.2600217157e+03   -4.8132868267e+01    1.2645911752e+01   -9.3819700978e+00    3.9537075809e+00   -6.2865062755e+00   -3.6418099474e+01    2.0199432483e+04    5.2255921700e-01    9.9905931280e-01
       197   -3.5486607247e+01    1.2599714134e+03   -4.8144788430e+01    1.2658181183e+01   -9.3282894734e+00    3.8895780101e+00   -6.2879774927e+00   -3.6418099474e+01    2.0072243453e+04    5.1818831300e-01    9.9895183047e-01
       198   -3.5483337407e+01    1.2597607862e+03   -4.8217944459e+01    1.2734607053e+01   -9.2988419343e+00    3.7722121539e+00   -6.2732152049e+00   -3.6418099474e+01    2.0078041089e+04    5.2150920200e-01    9.9904114365e-01
       199   -3.5492314453e+01    1.2603676671e+03   -4.8253495392e+01    1.2761180939e+01   -9.3498131999e+00    3.8080448641e+00   -6.2936275823e+00   -3.6418099474e+01    2.0141159415e+04    5.2140755800e-01    9.9894478101e-01
