# Index          LocalEnergy            Variance              Weight        NumOfWalkers      AvgSentWalkers         TrialEnergy             DiffEff      LivingFraction
         0   -3.5202848583e+01    8.7639967939e-01    2.0489057867e+03    2.0480000000e+03    0.0000000000e+00   -3.5158769852e+01    9.9568962101e-01    1.0000000000e+00
         1   -3.5195062695e+01    8.5968900196e-01    2.0478467393e+03    2.0480000000e+03    0.0000000000e+00   -3.5224957628e+01    9.9575117547e-01    9.8583984375e-01
         2   -3.5196452017e+01    8.7989856157e-01    2.0542245481e+03    2.0540000000e+03    5.6250000000e-01   -3.5191320838e+01    9.9556697432e-01    9.9659201558e-01
         3   -3.5197189790e+01    8.6476097684e-01    2.0547317088e+03    2.0610000000e+03    4.3750000000e-01   -3.5348188053e+01    9.9488317247e-01    9.8835516739e-01
         4   -3.5203382658e+01    8.6524901085e-01    2.0464509676e+03    2.0530000000e+03    5.0000000000e-01   -3.5361268636e+01    9.9573420682e-01    9.9074525085e-01
         5   -3.5226224560e+01    9.0372227691e-01    2.0521247726e+03    2.0500000000e+03    5.6250000000e-01   -3.5165550174e+01    9.9539094927e-01    9.8975609756e-01
         6   -3.5219386417e+01    8.8875682599e-01    2.0418721713e+03    2.0460000000e+03    5.6250000000e-01   -3.5326825743e+01    9.9554722944e-01    9.9217986315e-01
         7   -3.5230256335e+01    8.3361670957e-01    2.0482924418e+03    2.0420000000e+03    5.0000000000e-01   -3.5069556960e+01    9.9593115060e-01    9.9608227228e-01
         8   -3.5215872728e+01    8.4914248223e-01    2.0524348586e+03    2.0530000000e+03    4.3750000000e-01   -3.5237395518e+01    9.9456237270e-01    9.9512907940e-01
         9   -3.5225252228e+01    8.4706410257e-01    2.0527786244e+03    2.0570000000e+03    4.3750000000e-01   -3.5324028583e+01    9.9499010209e-01    9.9513855129e-01
        10   -3.5252622631e+01    8.4524790962e-01    2.0556904435e+03    2.0600000000e+03    4.3750000000e-01   -3.5341781964e+01    9.9559499259e-01    9.9271844660e-01
        11   -3.5265531913e+01    9.1573361018e-01    2.0425088234e+03    2.0500000000e+03    4.3750000000e-01   -3.5440025959e+01    9.9574024192e-01    9.9414634146e-01
        12   -3.5278066942e+01    8.9164318967e-01    2.0536864460e+03    2.0480000000e+03    3.1250000000e-01   -3.5131289937e+01    9.9563335862e-01    9.9609375000e-01
        13   -3.5287589026e+01    8.7186652757e-01    2.0494243400e+03    2.0550000000e+03    4.3750000000e-01   -3.5416703811e+01    9.9462038463e-01    9.8880778589e-01
        14   -3.5291997682e+01    8.6631929869e-01    2.0457559493e+03    2.0470000000e+03    6.2500000000e-01   -3.5322350866e+01    9.9462689847e-01    9.9071812408e-01
        15   -3.5294628266e+01    8.0895907646e-01    2.0452847362e+03    2.0430000000e+03    6.8750000000e-01   -3.5237181251e+01    9.9580639971e-01    9.9461576114e-01
        16   -3.5291704803e+01    8.2036968604e-01    2.0505669215e+03    2.0480000000e+03    3.1250000000e-01   -3.5228293663e+01    9.9567549768e-01    9.9414062500e-01
        17   -3.5307347465e+01    8.1454995498e-01    2.0558498948e+03    2.0580000000e+03    6.2500000000e-01   -3.5354334543e+01    9.9547425511e-01    9.8979591837e-01
        18   -3.5301735445e+01    8.1963307928e-01    2.0421995626e+03    2.0500000000e+03    5.0000000000e-01   -3.5498628935e+01    9.9514488520e-01    9.9024390244e-01
        19   -3.5316266867e+01    7.6902239936e-01    2.0461014422e+03    2.0400000000e+03    3.7500000000e-01   -3.5159922285e+01    9.9591105161e-01    9.9607843137e-01
        20   -3.5326395576e+01    7.7659525289e-01    2.0531061860e+03    2.0510000000e+03    4.3750000000e-01   -3.5269893861e+01    9.9533612109e-01    9.9609946368e-01
        21   -3.5336698461e+01    8.4619784133e-01    2.0610575814e+03    2.0610000000e+03    4.3750000000e-01   -3.5328885728e+01    9.9472947167e-01    9.9466278506e-01
        22   -3.5344817505e+01    8.1389319239e-01    2.0650875074e+03    2.0650000000e+03    5.0000000000e-01   -3.5337902551e+01    9.9435435764e-01    9.9564164649e-01
        23   -3.5338886836e+01    8.1525063749e-01    2.0809425729e+03    2.0810000000e+03    5.0000000000e-01   -3.5344279409e+01    9.9599443729e-01    9.9279192696e-01
        24   -3.5336650316e+01    8.2609831746e-01    2.0773393002e+03    2.0780000000e+03    5.6250000000e-01   -3.5352656838e+01    9.9590894895e-01    9.9230028874e-01
        25   -3.5341072713e+01    8.0363116358e-01    2.0714837680e+03    2.0720000000e+03    5.6250000000e-01   -3.5350913924e+01    9.9660670027e-01    9.9372586873e-01
        26   -3.5345094580e+01    8.0838108179e-01    2.0686939566e+03    2.0690000000e+03    4.3750000000e-01   -3.5348821674e+01    9.9571259933e-01    9.9371677139e-01
        27   -3.5354015048e+01    7.9474511266e-01    2.0669659980e+03    2.0670000000e+03    4.3750000000e-01   -3.5348570332e+01    9.9554358922e-01    9.9129172714e-01
        28   -3.5355506460e+01    7.8978165027e-01    2.0652405437e+03    2.0650000000e+03    4.3750000000e-01   -3.5349672003e+01    9.9532398600e-01    9.9273607748e-01
        29   -3.5352277011e+01    7.6850913792e-01    2.0621024924e+03    2.0620000000e+03    4.3750000000e-01   -3.5350509387e+01    9.9563844922e-01    9.9321047527e-01
        30   -3.5352253473e+01    7.6502704850e-01    2.0590794493e+03    2.0590000000e+03    3.1250000000e-01   -3.5350003833e+01    9.9504106491e-01    9.9417192812e-01
        31   -3.5387255249e+01    7.8938112311e-01    2.0587735086e+03    2.0580000000e+03    5.0000000000e-01   -3.5349365123e+01    9.9520738055e-01    9.9514091351e-01
        32   -3.5403012392e+01    7.4552937073e-01    2.0637453169e+03    2.0620000000e+03    4.3750000000e-01   -3.5352823650e+01    9.9556652814e-01    9.9418040737e-01
        33   -3.5400779388e+01    7.3361295503e-01    2.0616630674e+03    2.0600000000e+03    2.5000000000e-01   -3.5359499941e+01    9.9559403683e-01    9.9611650485e-01
        34   -3.5378728545e+01    8.0260548460e-01    2.0579817704e+03    2.0570000000e+03    4.3750000000e-01   -3.5361986050e+01    9.9540946830e-01    9.9222168206e-01
        35   -3.5382482106e+01    7.8728287212e-01    2.0497060678e+03    2.0490000000e+03    5.6250000000e-01   -3.5361758309e+01    9.9535655534e-01    9.9170326989e-01
        36   -3.5382886396e+01    7.7904733784e-01    2.0540718323e+03    2.0530000000e+03    4.3750000000e-01   -3.5359328048e+01    9.9473688788e-01    9.9366780321e-01
        37   -3.5408701927e+01    7.4539196864e-01    2.0492880430e+03    2.0480000000e+03    2.5000000000e-01   -3.5362890497e+01    9.9658266791e-01    9.9414062500e-01
        38   -3.5418482359e+01    7.5495405842e-01    2.0581077785e+03    2.0560000000e+03    3.1250000000e-01   -3.5363268395e+01    9.9579454584e-01    9.9610894942e-01
        39   -3.5418152055e+01    7.4414778147e-01    2.0618549453e+03    2.0600000000e+03    5.0000000000e-01   -3.5370502054e+01    9.9590563663e-01    9.9466019417e-01
        40   -3.5424794373e+01    7.4836416567e-01    2.0619050704e+03    2.0600000000e+03    1.2500000000e-01   -3.5374949749e+01    9.9484493529e-01    9.9271844660e-01
        41   -3.5420045540e+01    8.0151428612e-01    2.0628355299e+03    2.0610000000e+03    5.0000000000e-01   -3.5377668676e+01    9.9464844494e-01    9.9611838913e-01
        42   -3.5418886814e+01    7.7905394874e-01    2.0614859848e+03    2.0600000000e+03    3.1250000000e-01   -3.5380353632e+01    9.9607685207e-01    9.9563106796e-01
        43   -3.5420805477e+01    7.8887044749e-01    2.0664358165e+03    2.0650000000e+03    3.7500000000e-01   -3.5381688373e+01    9.9483257977e-01    9.9370460048e-01
        44   -3.5401380345e+01    7.8212537166e-01    2.0690941509e+03    2.0680000000e+03    4.3750000000e-01   -3.5385989947e+01    9.9524863781e-01    9.9419729207e-01
        45   -3.5401159008e+01    7.7307080432e-01    2.0614549732e+03    2.0610000000e+03    4.3750000000e-01   -3.5388249634e+01    9.9470792796e-01    9.9563318777e-01
        46   -3.5391159489e+01    7.5381715862e-01    2.0623636900e+03    2.0620000000e+03    2.5000000000e-01   -3.5385441399e+01    9.9521277330e-01    9.9612027158e-01
        47   -3.5412472397e+01    7.9650587948e-01    2.0685794781e+03    2.0680000000e+03    2.5000000000e-01   -3.5386336427e+01    9.9605584918e-01    9.9468085106e-01
        48   -3.5412330149e+01    7.6395700933e-01    2.0759559498e+03    2.0750000000e+03    5.0000000000e-01   -3.5390528845e+01    9.9501665117e-01    9.9325301205e-01
        49   -3.5415894935e+01    7.5938303519e-01    2.0768576542e+03    2.0760000000e+03    6.2500000000e-01   -3.5395185004e+01    9.9501717253e-01    9.9710982659e-01
        50   -3.5419696589e+01    7.5524172197e-01    2.0817683039e+03    2.0810000000e+03    3.7500000000e-01   -3.5396761532e+01    9.9461011227e-01    9.9519461797e-01
        51   -3.5414544008e+01    7.4182819548e-01    2.0896780900e+03    2.0890000000e+03    6.2500000000e-01   -3.5400314407e+01    9.9560087527e-01    9.9473432264e-01
        52   -3.5407685312e+01    7.5136083643e-01    2.0911924846e+03    2.0910000000e+03    5.0000000000e-01   -3.5405062496e+01    9.9517464501e-01    9.9234815878e-01
        53   -3.5436360954e+01    7.3251057400e-01    2.0927865950e+03    2.0920000000e+03    3.7500000000e-01   -3.5406476909e+01    9.9448392714e-01    9.9187380497e-01
        54   -3.5412194551e+01    7.5378262475e-01    2.0876527161e+03    2.0870000000e+03    5.0000000000e-01   -3.5408731705e+01    9.9553302076e-01    9.9233349305e-01
        55   -3.5421937312e+01    7.4159915288e-01    2.0834504118e+03    2.0830000000e+03    5.0000000000e-01   -3.5406992578e+01    9.9543233363e-01    9.9231877100e-01
        56   -3.5435474291e+01    7.6102957837e-01    2.0839953045e+03    2.0830000000e+03    3.1250000000e-01   -3.5405925432e+01    9.9496684232e-01    9.9615938550e-01
        57   -3.5428946602e+01    7.4936869729e-01    2.0889635051e+03    2.0880000000e+03    5.0000000000e-01   -3.5407449378e+01    9.9571692475e-01    9.9616858238e-01
        58   -3.5428347553e+01    7.3904897200e-01    2.0906269894e+03    2.0900000000e+03    4.3750000000e-01   -3.5410854741e+01    9.9566617373e-01    9.9282296651e-01
        59   -3.5414059472e+01    7.0500378047e-01    2.0873846853e+03    2.0870000000e+03    5.0000000000e-01   -3.5412607080e+01    9.9538274770e-01    9.9329180642e-01
        60   -3.5416212491e+01    7.1819060406e-01    2.0841604029e+03    2.0840000000e+03    5.6250000000e-01   -3.5411606318e+01    9.9514464386e-01    9.9712092131e-01
        61   -3.5406195518e+01    7.1129399016e-01    2.0959826069e+03    2.0960000000e+03    4.3750000000e-01   -3.5410637408e+01    9.9568004720e-01    9.9188931298e-01
        62   -3.5420539398e+01    7.1007306548e-01    2.0919281030e+03    2.0920000000e+03    5.0000000000e-01   -3.5416604751e+01    9.9546578525e-01    9.9426386233e-01
        63   -3.5424017349e+01    7.1720392383e-01    2.0922829467e+03    2.0920000000e+03    3.1250000000e-01   -3.5415298540e+01    9.9582693807e-01    9.9521988528e-01
        64   -3.5436538845e+01    7.1986426361e-01    2.1026458570e+03    2.1020000000e+03    6.2500000000e-01   -3.5416148635e+01    9.9603309859e-01    9.9571836346e-01
        65   -3.5418476321e+01    7.3554008780e-01    2.1062578076e+03    2.1060000000e+03    3.7500000000e-01   -3.5422017825e+01    9.9516601079e-01    9.9382716049e-01
        66   -3.5431659708e+01    7.4038250664e-01    2.1110792226e+03    2.1110000000e+03    3.7500000000e-01   -3.5424229625e+01    9.9531944358e-01    9.9336807200e-01
        67   -3.5448334196e+01    7.3394762132e-01    2.1135817802e+03    2.1130000000e+03    5.0000000000e-01   -3.5427270977e+01    9.9563159871e-01    9.9242782773e-01
        68   -3.5450513446e+01    7.2502958846e-01    2.1128421794e+03    2.1120000000e+03    4.3750000000e-01   -3.5429526523e+01    9.9594241657e-01    9.9147727273e-01
        69   -3.5449540006e+01    6.9368219996e-01    2.1078725957e+03    2.1070000000e+03    5.6250000000e-01   -3.5430248111e+01    9.9503868208e-01    9.9383009018e-01
        70   -3.5468838690e+01    7.0589029756e-01    2.1062455706e+03    2.1050000000e+03    5.0000000000e-01   -3.5428902500e+01    9.9572318601e-01    9.9382422803e-01
        71   -3.5475051740e+01    7.4738757964e-01    2.1088201584e+03    2.1070000000e+03    3.7500000000e-01   -3.5429478394e+01    9.9521157455e-01    9.9288087328e-01
        72   -3.5463317873e+01    7.1503041985e-01    2.1156524267e+03    2.1140000000e+03    4.3750000000e-01   -3.5432115711e+01    9.9537154637e-01    9.9290444655e-01
        73   -3.5442920817e+01    6.9733219991e-01    2.1157635192e+03    2.1150000000e+03    3.1250000000e-01   -3.5436491216e+01    9.9557843559e-01    9.9243498818e-01
        74   -3.5449563335e+01    6.9537177276e-01    2.1134532360e+03    2.1130000000e+03    4.3750000000e-01   -3.5437264634e+01    9.9555077882e-01    9.9621391387e-01
        75   -3.5439190587e+01    6.5236998988e-01    2.1172082549e+03    2.1170000000e+03    3.7500000000e-01   -3.5436987567e+01    9.9574809511e-01    9.9385923477e-01
        76   -3.5438665484e+01    6.8919590252e-01    2.1220270231e+03    2.1220000000e+03    4.3750000000e-01   -3.5439363829e+01    9.9498660055e-01    9.9434495759e-01
        77   -3.5447445466e+01    7.0172318745e-01    2.1189860771e+03    2.1190000000e+03    3.1250000000e-01   -3.5442208057e+01    9.9543206121e-01    9.9622463426e-01
        78   -3.5462022570e+01    7.1459105778e-01    2.1235128411e+03    2.1230000000e+03    3.7500000000e-01   -3.5441476499e+01    9.9547606709e-01    9.9481865285e-01
        79   -3.5451913962e+01    7.2602128049e-01    2.1305729210e+03    2.1300000000e+03    5.0000000000e-01   -3.5444536272e+01    9.9598358493e-01    9.9295774648e-01
        80   -3.5452402730e+01    7.1845909175e-01    2.1261295363e+03    2.1260000000e+03    4.3750000000e-01   -3.5448581903e+01    9.9555167870e-01    9.9247412982e-01
        81   -3.5449673849e+01    7.4068443447e-01    2.1160707804e+03    2.1160000000e+03    4.3750000000e-01   -3.5447204814e+01    9.9532559304e-01    9.9196597353e-01
        82   -3.5447701061e+01    7.1424944086e-01    2.1082182216e+03    2.1080000000e+03    5.0000000000e-01   -3.5443106256e+01    9.9460172417e-01    9.9335863378e-01
        83   -3.5471499973e+01    7.1163814945e-01    2.1109405012e+03    2.1100000000e+03    5.0000000000e-01   -3.5439980375e+01    9.9511757258e-01    9.9146919431e-01
        84   -3.5448641395e+01    6.7304669829e-01    2.1078664775e+03    2.1070000000e+03    5.0000000000e-01   -3.5442216110e+01    9.9502702847e-01    9.9525391552e-01
        85   -3.5466528253e+01    6.8018589990e-01    2.1075744134e+03    2.1070000000e+03    3.7500000000e-01   -3.5441323356e+01    9.9580873525e-01    9.9240626483e-01
        86   -3.5465601285e+01    6.9403581900e-01    2.1029973057e+03    2.1020000000e+03    6.8750000000e-01   -3.5442003234e+01    9.9508081145e-01    9.9524262607e-01
        87   -3.5479105757e+01    7.1746252254e-01    2.1053044787e+03    2.1040000000e+03    3.7500000000e-01   -3.5440609310e+01    9.9550178588e-01    9.9382129278e-01
        88   -3.5482516565e+01    6.8994374203e-01    2.1085475949e+03    2.1070000000e+03    5.0000000000e-01   -3.5442661625e+01    9.9591228406e-01    9.9383009018e-01
        89   -3.5471007400e+01    7.0610802923e-01    2.1093114637e+03    2.1080000000e+03    5.0000000000e-01   -3.5445178446e+01    9.9588816424e-01    9.9383301708e-01
        90   -3.5470370443e+01    6.9397378784e-01    2.1130567725e+03    2.1120000000e+03    3.7500000000e-01   -3.5446325861e+01    9.9522036674e-01    9.9431818182e-01
        91   -3.5470518519e+01    6.7202742400e-01    2.1138889342e+03    2.1130000000e+03    3.7500000000e-01   -3.5448854013e+01    9.9533952637e-01    9.9432087080e-01
        92   -3.5458290794e+01    6.7577867699e-01    2.1136034008e+03    2.1130000000e+03    4.3750000000e-01   -3.5449982982e+01    9.9571499831e-01    9.9668717463e-01
        93   -3.5468988904e+01    7.0661501476e-01    2.1235570407e+03    2.1230000000e+03    5.6250000000e-01   -3.5450395480e+01    9.9617223552e-01    9.9481865285e-01
        94   -3.5465440284e+01    6.9045137563e-01    2.1203934108e+03    2.1200000000e+03    3.7500000000e-01   -3.5455771099e+01    9.9500362589e-01    9.9481132075e-01
        95   -3.5460932717e+01    7.0491115783e-01    2.1212750096e+03    2.1210000000e+03    3.7500000000e-01   -3.5454892183e+01    9.9564109276e-01    9.9575671853e-01
        96   -3.5473726984e+01    7.0593355826e-01    2.1204106448e+03    2.1200000000e+03    3.1250000000e-01   -3.5455844427e+01    9.9568791073e-01    9.9245283019e-01
        97   -3.5452976577e+01    7.3004947708e-01    2.1172632515e+03    2.1170000000e+03    4.3750000000e-01   -3.5456125651e+01    9.9532988689e-01    9.9574870099e-01
        98   -3.5464164930e+01    7.3377857144e-01    2.1211037044e+03    2.1210000000e+03    4.3750000000e-01   -3.5455045306e+01    9.9505705021e-01    9.9339933993e-01
        99   -3.5456427352e+01    7.6610607857e-01    2.1191744250e+03    2.1190000000e+03    4.3750000000e-01   -3.5457393998e+01    9.9508602815e-01    9.9575271354e-01
       100   -3.5451831733e+01    7.4955560674e-01    2.1239753316e+03    2.1240000000e+03    3.7500000000e-01   -3.5456910348e+01    9.9554967786e-01    9.9105461394e-01
       101   -3.5462893265e+01    7.5907619316e-01    2.1281464219e+03    2.1280000000e+03    5.6250000000e-01   -3.5459532311e+01    9.9512317213e-01    9.9154135338e-01
       102   -3.5471970418e+01    7.4745497749e-01    2.1283505793e+03    2.1280000000e+03    4.3750000000e-01   -3.5461979403e+01    9.9548337840e-01    9.9295112782e-01
       103   -3.5468815163e+01    7.5373226324e-01    2.1243553120e+03    2.1240000000e+03    5.6250000000e-01   -3.5462658206e+01    9.9545179097e-01    9.9435028249e-01
       104   -3.5464208825e+01    7.5580343410e-01    2.1241519562e+03    2.1240000000e+03    2.5000000000e-01   -3.5461310711e+01    9.9577706089e-01    9.9435028249e-01
       105   -3.5485829718e+01    7.6580201274e-01    2.1225258127e+03    2.1220000000e+03    4.3750000000e-01   -3.5461679719e+01    9.9479146306e-01    9.9245994345e-01
       106   -3.5482194510e+01    7.4139166254e-01    2.1169213181e+03    2.1160000000e+03    3.7500000000e-01   -3.5461619213e+01    9.9501288881e-01    9.9054820416e-01
       107   -3.5483796925e+01    7.3261936605e-01    2.1089811587e+03    2.1080000000e+03    5.6250000000e-01   -3.5459622575e+01    9.9518209796e-01    9.9193548387e-01
       108   -3.5485569287e+01    7.1856516857e-01    2.1022440876e+03    2.1010000000e+03    5.0000000000e-01   -3.5456515553e+01    9.9434555235e-01    9.9524036173e-01
       109   -3.5484726559e+01    6.9803942253e-01    2.1022370665e+03    2.1010000000e+03    3.1250000000e-01   -3.5453972096e+01    9.9573929945e-01    9.9476439791e-01
       110   -3.5485489915e+01    7.6521670710e-01    2.0981679814e+03    2.0970000000e+03    4.3750000000e-01   -3.5454600935e+01    9.9531605869e-01    9.9523128278e-01
       111   -3.5440662911e+01    7.3855125480e-01    2.1003317847e+03    2.1000000000e+03    4.3750000000e-01   -3.5453290136e+01    9.9546183036e-01    9.9428571429e-01
       112   -3.5439728399e+01    7.4509849385e-01    2.1033942940e+03    2.1040000000e+03    6.2500000000e-01   -3.5454446687e+01    9.9464781201e-01    9.9667300380e-01
       113   -3.5457514708e+01    6.8601879429e-01    2.1136772355e+03    2.1140000000e+03    2.5000000000e-01   -3.5456016779e+01    9.9457964888e-01    9.9243140965e-01
       114   -3.5482869059e+01    6.5107576362e-01    2.1133876055e+03    2.1130000000e+03    5.0000000000e-01   -3.5461193462e+01    9.9588349949e-01    9.9148130620e-01
       115   -3.5474067271e+01    7.0698701621e-01    2.1067037317e+03    2.1060000000e+03    5.0000000000e-01   -3.5461616859e+01    9.9539161577e-01    9.9667616334e-01
       116   -3.5481097362e+01    6.6121886045e-01    2.1107670755e+03    2.1100000000e+03    5.0000000000e-01   -3.5458906284e+01    9.9541401598e-01    9.9715639810e-01
       117   -3.5493082621e+01    7.1601667967e-01    2.1180346728e+03    2.1170000000e+03    3.1250000000e-01   -3.5461353317e+01    9.9466427658e-01    9.9480396788e-01
       118   -3.5479550227e+01    7.3963343835e-01    2.1219280184e+03    2.1210000000e+03    5.6250000000e-01   -3.5465422316e+01    9.9481728791e-01    9.9481376709e-01
       119   -3.5482593531e+01    7.5610819803e-01    2.1164638705e+03    2.1160000000e+03    2.5000000000e-01   -3.5467741169e+01    9.9515069421e-01    9.9669187146e-01
       120   -3.5470802411e+01    6.6530970106e-01    2.1254121516e+03    2.1250000000e+03    2.5000000000e-01   -3.5465665899e+01    9.9530858017e-01    9.9200000000e-01
       121   -3.5491856549e+01    6.5473650048e-01    2.1245401285e+03    2.1240000000e+03    4.3750000000e-01   -3.5470261356e+01    9.9611889239e-01    9.9152542373e-01
       122   -3.5502767620e+01    7.0625367328e-01    2.1232797695e+03    2.1220000000e+03    5.0000000000e-01   -3.5470426451e+01    9.9539888759e-01    9.9575871819e-01
       123   -3.5476665158e+01    6.8102023354e-01    2.1277830679e+03    2.1270000000e+03    3.7500000000e-01   -3.5470503258e+01    9.9550087391e-01    9.9294781382e-01
       124   -3.5475704265e+01    7.0543705145e-01    2.1251849866e+03    2.1250000000e+03    3.7500000000e-01   -3.5473028276e+01    9.9560273049e-01    9.9294117647e-01
       125   -3.5503988169e+01    7.2990477478e-01    2.1238072006e+03    2.1230000000e+03    4.3750000000e-01   -3.5472195959e+01    9.9564039566e-01    9.9576071597e-01
       126   -3.5498160432e+01    7.1337364680e-01    2.1271425494e+03    2.1260000000e+03    2.5000000000e-01   -3.5472196372e+01    9.9473436754e-01    9.9247412982e-01
       127   -3.5503827113e+01    6.8559168374e-01    2.1211694150e+03    2.1200000000e+03    3.7500000000e-01   -3.5474347941e+01    9.9526458819e-01    9.9481132075e-01
       128   -3.5492524692e+01    6.8531200439e-01    2.1251676193e+03    2.1240000000e+03    5.0000000000e-01   -3.5472159963e+01    9.9547122866e-01    9.9293785311e-01
       129   -3.5496939364e+01    6.9017193875e-01    2.1147952173e+03    2.1140000000e+03    3.1250000000e-01   -3.5474551981e+01    9.9592754724e-01    9.9195837275e-01
       130   -3.5494602317e+01    7.1666767850e-01    2.1091028468e+03    2.1080000000e+03    5.6250000000e-01   -3.5470199052e+01    9.9561915343e-01    9.9193548387e-01
       131   -3.5490549959e+01    7.0473170049e-01    2.1080961405e+03    2.1070000000e+03    5.0000000000e-01   -3.5468012721e+01    9.9477233790e-01    9.9667774086e-01
       132   -3.5488157674e+01    7.1275888572e-01    2.1127709872e+03    2.1120000000e+03    5.6250000000e-01   -3.5467999008e+01    9.9572403945e-01    9.9668560606e-01
       133   -3.5487946022e+01    7.1916143217e-01    2.1156590030e+03    2.1150000000e+03    2.5000000000e-01   -3.5470648459e+01    9.9612960881e-01    9.9101654846e-01
       134   -3.5473632632e+01    7.7360297737e-01    2.1103893030e+03    2.1100000000e+03    5.6250000000e-01   -3.5472439320e+01    9.9433834919e-01    9.9668246445e-01
       135   -3.5472170153e+01    7.7349370164e-01    2.1190288152e+03    2.1190000000e+03    2.5000000000e-01   -3.5470238413e+01    9.9481823702e-01    9.9480887211e-01
       136   -3.5473619892e+01    7.0598271764e-01    2.1139114680e+03    2.1140000000e+03    6.2500000000e-01   -3.5474599206e+01    9.9563370338e-01    9.9621570482e-01
       137   -3.5476985829e+01    7.2663136100e-01    2.1159971504e+03    2.1160000000e+03    5.0000000000e-01   -3.5472464369e+01    9.9565341997e-01    9.9338374291e-01
       138   -3.5466685830e+01    7.4357889267e-01    2.1078609541e+03    2.1080000000e+03    5.0000000000e-01   -3.5473757289e+01    9.9460050724e-01    9.9430740038e-01
       139   -3.5471643561e+01    7.5724267925e-01    2.1109691581e+03    2.1110000000e+03    4.3750000000e-01   -3.5470119840e+01    9.9547735460e-01    9.9194694458e-01
       140   -3.5474526613e+01    7.5734164776e-01    2.1040955629e+03    2.1040000000e+03    3.7500000000e-01   -3.5471846111e+01    9.9524989780e-01    9.9524714829e-01
       141   -3.5472113432e+01    7.5782139056e-01    2.1050840092e+03    2.1050000000e+03    3.1250000000e-01   -3.5468857096e+01    9.9563625463e-01    9.9477434679e-01
       142   -3.5468482559e+01    7.5242216706e-01    2.1110306705e+03    2.1110000000e+03    3.1250000000e-01   -3.5469574941e+01    9.9558521542e-01    9.9431549029e-01
       143   -3.5476996691e+01    7.3427401550e-01    2.1139498002e+03    2.1140000000e+03    5.6250000000e-01   -3.5472610491e+01    9.9574545545e-01    9.9574266793e-01
       144   -3.5477796506e+01    7.5076909337e-01    2.1180834672e+03    2.1180000000e+03    4.3750000000e-01   -3.5474272163e+01    9.9521605208e-01    9.9669499528e-01
       145   -3.5489327003e+01    7.3380670169e-01    2.1272169645e+03    2.1270000000e+03    5.0000000000e-01   -3.5476507428e+01    9.9546202073e-01    9.9059708510e-01
       146   -3.5492813455e+01    6.9603457755e-01    2.1234876909e+03    2.1230000000e+03    4.3750000000e-01   -3.5481179099e+01    9.9560884933e-01    9.9434762129e-01
       147   -3.5480690166e+01    7.0790919198e-01    2.1233111324e+03    2.1230000000e+03    4.3750000000e-01   -3.5479814871e+01    9.9485966616e-01    9.9670277909e-01
       148   -3.5492081990e+01    7.1698963895e-01    2.1312186703e+03    2.1310000000e+03    5.0000000000e-01   -3.5480021343e+01    9.9535545297e-01    9.9249178789e-01
       149   -3.5515691738e+01    7.2821018904e-01    2.1278489536e+03    2.1270000000e+03    5.0000000000e-01   -3.5484112019e+01    9.9594200485e-01    9.9388810531e-01
       150   -3.5492632092e+01    7.0608389680e-01    2.1218199331e+03    2.1210000000e+03    3.1250000000e-01   -3.5483078953e+01    9.9546765467e-01    9.9481376709e-01
       151   -3.5512226695e+01    7.3524898922e-01    2.1290250971e+03    2.1280000000e+03    5.0000000000e-01   -3.5480606437e+01    9.9527628420e-01    9.9013157895e-01
       152   -3.5512554004e+01    7.6760356354e-01    2.1202685650e+03    2.1190000000e+03    3.7500000000e-01   -3.5484504241e+01    9.9502265861e-01    9.9197734781e-01
       153   -3.5509313510e+01    7.4707510457e-01    2.1193179670e+03    2.1180000000e+03    6.2500000000e-01   -3.5480885462e+01    9.9554014477e-01    9.9669499528e-01
       154   -3.5505408565e+01    7.8484182036e-01    2.1259560586e+03    2.1250000000e+03    4.3750000000e-01   -3.5480907972e+01    9.9485496900e-01    9.9294117647e-01
       155   -3.5529348493e+01    8.2310729005e-01    2.1242789681e+03    2.1230000000e+03    5.0000000000e-01   -3.5484470306e+01    9.9587525182e-01    9.9434762129e-01
       156   -3.5500977338e+01    7.7622741314e-01    2.1302280018e+03    2.1290000000e+03    5.0000000000e-01   -3.5484285807e+01    9.9528033661e-01    9.9436355096e-01
       157   -3.5506284054e+01    7.9274997473e-01    2.1316154853e+03    2.1310000000e+03    2.5000000000e-01   -3.5487471150e+01    9.9587321750e-01    9.9671515720e-01
       158   -3.5485863974e+01    7.5686416969e-01    2.1341926372e+03    2.1340000000e+03    4.3750000000e-01   -3.5488543850e+01    9.9569781972e-01    9.9531396439e-01
       159   -3.5494129984e+01    7.2609494077e-01    2.1338730915e+03    2.1340000000e+03    3.1250000000e-01   -3.5490020741e+01    9.9538366722e-01    9.9297094658e-01
       160   -3.5497572835e+01    7.1870238987e-01    2.1332609375e+03    2.1330000000e+03    4.3750000000e-01   -3.5490194817e+01    9.9627261251e-01    9.9343647445e-01
       161   -3.5506188755e+01    7.0808121605e-01    2.1335005976e+03    2.1330000000e+03    3.1250000000e-01   -3.5490251540e+01    9.9543213620e-01    9.9578059072e-01
       162   -3.5494639884e+01    6.9870923666e-01    2.1383320513e+03    2.1380000000e+03    4.3750000000e-01   -3.5490763352e+01    9.9599382286e-01    9.9438727783e-01
       163   -3.5463918216e+01    6.8315177975e-01    2.1354190197e+03    2.1360000000e+03    3.7500000000e-01   -3.5493338483e+01    9.9624390190e-01    9.9672284644e-01
       164   -3.5454068501e+01    7.0509338542e-01    2.1445878019e+03    2.1460000000e+03    3.1250000000e-01   -3.5492070695e+01    9.9486411392e-01    9.9254426841e-01
       165   -3.5479321579e+01    6.9435610009e-01    2.1316530400e+03    2.1330000000e+03    3.7500000000e-01   -3.5496381358e+01    9.9448688401e-01    9.9437412096e-01
       166   -3.5453255059e+01    6.8046260705e-01    2.1329564480e+03    2.1340000000e+03    3.7500000000e-01   -3.5490530539e+01    9.9519774378e-01    9.9203373946e-01
       167   -3.5451386102e+01    6.9805498372e-01    2.1254256391e+03    2.1270000000e+03    6.2500000000e-01   -3.5491160572e+01    9.9600801419e-01    9.9341795957e-01
       168   -3.5483971470e+01    6.8169645448e-01    2.1180935512e+03    2.1190000000e+03    3.7500000000e-01   -3.5487629518e+01    9.9506675084e-01    9.9669655498e-01
       169   -3.5475739842e+01    6.7971358970e-01    2.1227888412e+03    2.1230000000e+03    3.7500000000e-01   -3.5484398349e+01    9.9551764270e-01    9.9387658973e-01
       170   -3.5505838944e+01    6.7029769193e-01    2.1271652495e+03    2.1270000000e+03    5.6250000000e-01   -3.5486779277e+01    9.9537886523e-01    9.9294781382e-01
       171   -3.5492851857e+01    6.8690508919e-01    2.1223912388e+03    2.1220000000e+03    6.2500000000e-01   -3.5489202539e+01    9.9526754176e-01    9.9481621112e-01
       172   -3.5500705081e+01    6.5592602326e-01    2.1213774748e+03    2.1210000000e+03    4.3750000000e-01   -3.5487229235e+01    9.9501917563e-01    9.9622819425e-01
       173   -3.5476567189e+01    6.9289419022e-01    2.1219742008e+03    2.1220000000e+03    3.7500000000e-01   -3.5487072747e+01    9.9532436687e-01    9.9198868992e-01
       174   -3.5470967264e+01    6.8721021832e-01    2.1154066204e+03    2.1160000000e+03    4.3750000000e-01   -3.5487514366e+01    9.9526533125e-01    9.9149338374e-01
       175   -3.5452433481e+01    6.6851731808e-01    2.1111028682e+03    2.1120000000e+03    3.7500000000e-01   -3.5484536701e+01    9.9496707090e-01    9.9242424242e-01
       176   -3.5465974815e+01    7.2007694218e-01    2.1040652527e+03    2.1050000000e+03    6.2500000000e-01   -3.5482501945e+01    9.9565624364e-01    9.9619952494e-01
       177   -3.5466368639e+01    7.3071431280e-01    2.1144659753e+03    2.1150000000e+03    4.3750000000e-01   -3.5479250779e+01    9.9517045448e-01    9.9338061466e-01
       178   -3.5485515853e+01    7.2347471287e-01    2.1076945864e+03    2.1080000000e+03    5.6250000000e-01   -3.5484271159e+01    9.9540866986e-01    9.9430740038e-01
       179   -3.5484578370e+01    6.7725572420e-01    2.1091235719e+03    2.1090000000e+03    4.3750000000e-01   -3.5481272309e+01    9.9554409568e-01    9.9762920816e-01
       180   -3.5474260749e+01    7.1091549207e-01    2.1178248222e+03    2.1180000000e+03    6.2500000000e-01   -3.5482150296e+01    9.9496100453e-01    9.9338999056e-01
       181   -3.5495654467e+01    7.0952186619e-01    2.1159052229e+03    2.1160000000e+03    5.6250000000e-01   -3.5486400999e+01    9.9517817817e-01    9.9196597353e-01
       182   -3.5473879894e+01    6.8292151236e-01    2.1039361569e+03    2.1040000000e+03    4.3750000000e-01   -3.5485758256e+01    9.9588310799e-01    9.9572243346e-01
       183   -3.5481296080e+01    6.8781757022e-01    2.1068421787e+03    2.1070000000e+03    3.7500000000e-01   -3.5480212728e+01    9.9506540932e-01    9.9288087328e-01
       184   -3.5484422500e+01    6.7701376300e-01    2.1091071443e+03    2.1090000000e+03    3.1250000000e-01   -3.5481763918e+01    9.9536981350e-01    9.9525841631e-01
       185   -3.5468072686e+01    7.4026259913e-01    2.1166737523e+03    2.1170000000e+03    5.6250000000e-01   -3.5483026181e+01    9.9566614306e-01    9.9480396788e-01
       186   -3.5483154922e+01    7.3397303010e-01    2.1174739685e+03    2.1180000000e+03    3.1250000000e-01   -3.5486694382e+01    9.9481095402e-01    9.9338999056e-01
       187   -3.5490332415e+01    7.5943447516e-01    2.1220810431e+03    2.1220000000e+03    4.3750000000e-01   -3.5487248668e+01    9.9470414954e-01    9.9575871819e-01
       188   -3.5482523503e+01    7.0217578188e-01    2.1267981002e+03    2.1270000000e+03    3.7500000000e-01   -3.5489638974e+01    9.9483896496e-01    9.9388810531e-01
       189   -3.5498326982e+01    7.1464380019e-01    2.1228922774e+03    2.1230000000e+03    5.0000000000e-01   -3.5492027506e+01    9.9612071147e-01    9.9717381065e-01
       190   -3.5498159583e+01    7.2532447211e-01    2.1272733375e+03    2.1270000000e+03    3.7500000000e-01   -3.5490448475e+01    9.9535309782e-01    9.9435825106e-01
       191   -3.5497156215e+01    7.4424880498e-01    2.1301935970e+03    2.1300000000e+03    5.6250000000e-01   -3.5492765198e+01    9.9509034082e-01    9.9154929577e-01
       192   -3.5504825389e+01    7.5814366723e-01    2.1263724243e+03    2.1260000000e+03    4.3750000000e-01   -3.5494383355e+01    9.9413577116e-01    9.9153339605e-01
       193   -3.5481298789e+01    7.3350583974e-01    2.1179694099e+03    2.1180000000e+03    3.7500000000e-01   -3.5492875740e+01    9.9569392784e-01    9.9338999056e-01
       194   -3.5496481512e+01    8.0021340873e-01    2.1220834216e+03    2.1220000000e+03    4.3750000000e-01   -3.5489065396e+01    9.9506314313e-01    9.9057492931e-01
       195   -3.5514746620e+01    7.3051937099e-01    2.1186551769e+03    2.1180000000e+03    3.7500000000e-01   -3.5491240288e+01    9.9521766112e-01    9.9150141643e-01
       196   -3.5504155672e+01    6.9568322053e-01    2.1148772286e+03    2.1140000000e+03    3.7500000000e-01   -3.5489958933e+01    9.9487984666e-01    9.9290444655e-01
       197   -3.5504344148e+01    6.9863059482e-01    2.1116178407e+03    2.1110000000e+03    4.3750000000e-01   -3.5488445992e+01    9.9539485268e-01    9.9715774514e-01
       198   -3.5523542071e+01    6.8195142254e-01    2.1190705160e+03    2.1180000000e+03    4.3750000000e-01   -3.5487173470e+01    9.9565327280e-01    9.9716713881e-01
       199   -3.5507552375e+01    6.8773035097e-01    2.1209472510e+03    2.1200000000e+03    1.8750000000e-01   -3.5491070699e+01    9.9429366117e-01    9.9481132075e-01
