#  Band    State   TwistIndex BandIndex Energy      Kx      Ky      Kz      K1      K2      K3    KmK 
       0        0       19        0    -0.283614  0.0189  0.0109  0.0109  0.0250 -0.0000  0.0250      1
       1        1       19        1    -0.259249  0.0189  0.0109  0.0109  0.0250 -0.0000  0.0250      1
       2        2       19        2    -0.213225  0.0189  0.0109  0.0109  0.0250 -0.0000  0.0250      1
       3        3       19        3    -0.126916  0.0189  0.0109  0.0109  0.0250 -0.0000  0.0250      1
       4        4       19        4    -0.108917  0.0189  0.0109  0.0109  0.0250 -0.0000  0.0250      1
       5        5       19        5     0.122516  0.0189  0.0109  0.0109  0.0250 -0.0000  0.0250      1
       6        6       19        6     0.129698  0.0189  0.0109  0.0109  0.0250 -0.0000  0.0250      1
       7        7       19        7     0.142197  0.0189  0.0109  0.0109  0.0250 -0.0000  0.0250      1
       8        8       19        8     0.146767  0.0189  0.0109  0.0109  0.0250 -0.0000  0.0250      1
       9        9       19        9     0.150021  0.0189  0.0109  0.0109  0.0250 -0.0000  0.0250      1
      10       10       19       10     0.150535  0.0189  0.0109  0.0109  0.0250 -0.0000  0.0250      1
      11       11       19       11     0.175822  0.0189  0.0109  0.0109  0.0250 -0.0000  0.0250      1
      12       12       19       12     0.177711  0.0189  0.0109  0.0109  0.0250 -0.0000  0.0250      1
      13       13       19       13     0.207741  0.0189  0.0109  0.0109  0.0250 -0.0000  0.0250      1
      14       14       19       14     0.222572  0.0189  0.0109  0.0109  0.0250 -0.0000  0.0250      1
      15       15       19       15     0.238926  0.0189  0.0109  0.0109  0.0250 -0.0000  0.0250      1
      16       16       19       16     0.240948  0.0189  0.0109  0.0109  0.0250 -0.0000  0.0250      1
      17       17       19       17     0.285948  0.0189  0.0109  0.0109  0.0250 -0.0000  0.0250      1
      18       18       19       18     0.289990  0.0189  0.0109  0.0109  0.0250 -0.0000  0.0250      1
      19       19       19       19     0.290101  0.0189  0.0109  0.0109  0.0250 -0.0000  0.0250      1
      20       20       19       20     0.405137  0.0189  0.0109  0.0109  0.0250 -0.0000  0.0250      1
      21       21       19       21     0.421981  0.0189  0.0109  0.0109  0.0250 -0.0000  0.0250      1
      22       22       19       22     0.449138  0.0189  0.0109  0.0109  0.0250 -0.0000  0.0250      1
      23       23       19       23     0.451272  0.0189  0.0109  0.0109  0.0250 -0.0000  0.0250      1
      24       24       19       24     0.452773  0.0189  0.0109  0.0109  0.0250 -0.0000  0.0250      1
      25       25       19       25     0.462807  0.0189  0.0109  0.0109  0.0250 -0.0000  0.0250      1
      26       26       19       26     0.466400  0.0189  0.0109  0.0109  0.0250 -0.0000  0.0250      1
      27       27       19       27     0.502643  0.0189  0.0109  0.0109  0.0250 -0.0000  0.0250      1
      28       28       19       28     0.502903  0.0189  0.0109  0.0109  0.0250 -0.0000  0.0250      1
      29       29       19       29     0.518394  0.0189  0.0109  0.0109  0.0250 -0.0000  0.0250      1
      30       30       19       30     0.528861  0.0189  0.0109  0.0109  0.0250 -0.0000  0.0250      1
      31       31       19       31     0.538788  0.0189  0.0109  0.0109  0.0250 -0.0000  0.0250      1
      32       32       19       32     0.581920  0.0189  0.0109  0.0109  0.0250 -0.0000  0.0250      1
      33       33       19       33     0.589118  0.0189  0.0109  0.0109  0.0250 -0.0000  0.0250      1
      34       34       19       34     0.593610  0.0189  0.0109  0.0109  0.0250 -0.0000  0.0250      1
      35       35       19       35     0.616757  0.0189  0.0109  0.0109  0.0250 -0.0000  0.0250      1
      36       36       19       36     0.622555  0.0189  0.0109  0.0109  0.0250 -0.0000  0.0250      1
      37       37       19       37     0.651465  0.0189  0.0109  0.0109  0.0250 -0.0000  0.0250      1
      38       38       19       38     0.653594  0.0189  0.0109  0.0109  0.0250 -0.0000  0.0250      1
      39       39       19       39     0.662096  0.0189  0.0109  0.0109  0.0250 -0.0000  0.0250      1
      40       40       19       40     0.707623  0.0189  0.0109  0.0109  0.0250 -0.0000  0.0250      1
      41       41       19       41     0.709441  0.0189  0.0109  0.0109  0.0250 -0.0000  0.0250      1
      42       42       19       42     0.732707  0.0189  0.0109  0.0109  0.0250 -0.0000  0.0250      1
      43       43       19       43     0.810997  0.0189  0.0109  0.0109  0.0250 -0.0000  0.0250      1
      44       44       19       44     0.838906  0.0189  0.0109  0.0109  0.0250 -0.0000  0.0250      1
      45       45       19       45     0.849276  0.0189  0.0109  0.0109  0.0250 -0.0000  0.0250      1
      46       46       19       46     0.857611  0.0189  0.0109  0.0109  0.0250 -0.0000  0.0250      1
      47       47       19       47     0.860288  0.0189  0.0109  0.0109  0.0250 -0.0000  0.0250      1
      48       48       19       48     0.920913  0.0189  0.0109  0.0109  0.0250 -0.0000  0.0250      1
      49       49       19       49     0.927887  0.0189  0.0109  0.0109  0.0250 -0.0000  0.0250      1
      50       50       19       50     0.939586  0.0189  0.0109  0.0109  0.0250 -0.0000  0.0250      1
      51       51       19       51     0.949219  0.0189  0.0109  0.0109  0.0250 -0.0000  0.0250      1
      52       52       19       52     0.951773  0.0189  0.0109  0.0109  0.0250 -0.0000  0.0250      1
      53       53       19       53     0.966368  0.0189  0.0109  0.0109  0.0250 -0.0000  0.0250      1
      54       54       19       54     0.987548  0.0189  0.0109  0.0109  0.0250 -0.0000  0.0250      1
      55       55       19       55     0.994754  0.0189  0.0109  0.0109  0.0250 -0.0000  0.0250      1
      56       56       19       56     0.997546  0.0189  0.0109  0.0109  0.0250 -0.0000  0.0250      1
      57       57       19       57     1.034304  0.0189  0.0109  0.0109  0.0250 -0.0000  0.0250      1
      58       58       19       58     1.038944  0.0189  0.0109  0.0109  0.0250 -0.0000  0.0250      1
      59       59       19       59     1.049317  0.0189  0.0109  0.0109  0.0250 -0.0000  0.0250      1
      60       60       19       60     1.059804  0.0189  0.0109  0.0109  0.0250 -0.0000  0.0250      1
      61       61       19       61     1.060672  0.0189  0.0109  0.0109  0.0250 -0.0000  0.0250      1
      62       62       19       62     1.077730  0.0189  0.0109  0.0109  0.0250 -0.0000  0.0250      1
      63       63       19       63     1.077944  0.0189  0.0109  0.0109  0.0250 -0.0000  0.0250      1
      64       64       19       64     1.091049  0.0189  0.0109  0.0109  0.0250 -0.0000  0.0250      1
      65       65       19       65     1.104564  0.0189  0.0109  0.0109  0.0250 -0.0000  0.0250      1
      66       66       19       66     1.111598  0.0189  0.0109  0.0109  0.0250 -0.0000  0.0250      1
      67       67       19       67     1.114681  0.0189  0.0109  0.0109  0.0250 -0.0000  0.0250      1
      68       68       19       68     1.118642  0.0189  0.0109  0.0109  0.0250 -0.0000  0.0250      1
      69       69       19       69     1.129469  0.0189  0.0109  0.0109  0.0250 -0.0000  0.0250      1
      70       70       19       70     1.141692  0.0189  0.0109  0.0109  0.0250 -0.0000  0.0250      1
      71       71       19       71     1.142814  0.0189  0.0109  0.0109  0.0250 -0.0000  0.0250      1
      72       72       19       72     1.145600  0.0189  0.0109  0.0109  0.0250 -0.0000  0.0250      1
      73       73       19       73     1.165123  0.0189  0.0109  0.0109  0.0250 -0.0000  0.0250      1
      74       74       19       74     1.185120  0.0189  0.0109  0.0109  0.0250 -0.0000  0.0250      1
      75       75       19       75     1.191317  0.0189  0.0109  0.0109  0.0250 -0.0000  0.0250      1
      76       76       19       76     1.206316  0.0189  0.0109  0.0109  0.0250 -0.0000  0.0250      1
      77       77       19       77     1.207674  0.0189  0.0109  0.0109  0.0250 -0.0000  0.0250      1
      78       78       19       78     1.225690  0.0189  0.0109  0.0109  0.0250 -0.0000  0.0250      1
      79       79       19       79     1.233086  0.0189  0.0109  0.0109  0.0250 -0.0000  0.0250      1
      80       80       19       80     1.233930  0.0189  0.0109  0.0109  0.0250 -0.0000  0.0250      1
      81       81       19       81     1.243881  0.0189  0.0109  0.0109  0.0250 -0.0000  0.0250      1
      82       82       19       82     1.250832  0.0189  0.0109  0.0109  0.0250 -0.0000  0.0250      1
      83       83       19       83     1.253224  0.0189  0.0109  0.0109  0.0250 -0.0000  0.0250      1
      84       84       19       84     1.273719  0.0189  0.0109  0.0109  0.0250 -0.0000  0.0250      1
      85       85       19       85     1.275207  0.0189  0.0109  0.0109  0.0250 -0.0000  0.0250      1
      86       86       19       86     1.292724  0.0189  0.0109  0.0109  0.0250 -0.0000  0.0250      1
      87       87       19       87     1.296201  0.0189  0.0109  0.0109  0.0250 -0.0000  0.0250      1
      88       88       19       88     1.297022  0.0189  0.0109  0.0109  0.0250 -0.0000  0.0250      1
      89       89       19       89     1.300799  0.0189  0.0109  0.0109  0.0250 -0.0000  0.0250      1
      90       90       19       90     1.301363  0.0189  0.0109  0.0109  0.0250 -0.0000  0.0250      1
      91       91       19       91     1.326478  0.0189  0.0109  0.0109  0.0250 -0.0000  0.0250      1
      92       92       19       92     1.327605  0.0189  0.0109  0.0109  0.0250 -0.0000  0.0250      1
      93       93       19       93     1.335488  0.0189  0.0109  0.0109  0.0250 -0.0000  0.0250      1
      94       94       19       94     1.340138  0.0189  0.0109  0.0109  0.0250 -0.0000  0.0250      1
      95       95       19       95     1.350666  0.0189  0.0109  0.0109  0.0250 -0.0000  0.0250      1
      96       96       19       96     1.360455  0.0189  0.0109  0.0109  0.0250 -0.0000  0.0250      1
      97       97       19       97     1.374137  0.0189  0.0109  0.0109  0.0250 -0.0000  0.0250      1
      98       98       19       98     1.388814  0.0189  0.0109  0.0109  0.0250 -0.0000  0.0250      1
      99       99       19       99     1.396034  0.0189  0.0109  0.0109  0.0250 -0.0000  0.0250      1
