#   index    LocalEnergy         LocalEnergy_sq      LocalPotential      Kinetic             LocalECP            NonLocalECP         ElecElec            IonIon              BlockWeight         BlockCPU            AcceptRatio         
         0   -3.5115822974e+01    1.2338202749e+03   -4.8460813314e+01    1.3344990340e+01   -9.8060728648e+00    3.8765019851e+00   -6.1131429603e+00   -3.6418099474e+01    2.0485718650e+04    5.2164599100e-01    9.9886878617e-01
         1   -3.5127506146e+01    1.2346680076e+03   -4.8448248494e+01    1.3320742348e+01   -9.8435705696e+00    3.9109138091e+00   -6.0974922591e+00   -3.6418099474e+01    2.0487334378e+04    5.2407495500e-01    9.9884798249e-01
         2   -3.5146338248e+01    1.2360966595e+03   -4.8436003058e+01    1.3289664811e+01   -9.8348334633e+00    3.9141176785e+00   -6.0971877995e+00   -3.6418099474e+01    2.0416423972e+04    5.2389086400e-01    9.9887715125e-01
         3   -3.5159007467e+01    1.2369658169e+03   -4.8522338939e+01    1.3363331472e+01   -9.8307725521e+00    3.8341908744e+00   -6.1076577874e+00   -3.6418099474e+01    2.0393635818e+04    4.7955532100e-01    9.9889306907e-01
         4   -3.5161465679e+01    1.2371067836e+03   -4.8483371929e+01    1.3321906250e+01   -9.8255272292e+00    3.8738917942e+00   -6.1136370201e+00   -3.6418099474e+01    2.0429844817e+04    5.2476911900e-01    9.9890731209e-01
         5   -3.5161824916e+01    1.2371485487e+03   -4.8497814484e+01    1.3335989569e+01   -9.6907224601e+00    3.7141924422e+00   -6.1031849922e+00   -3.6418099474e+01    2.0411908115e+04    5.0509986500e-01    9.9890459859e-01
         6   -3.5134336717e+01    1.2351839335e+03   -4.8548096728e+01    1.3413760011e+01   -9.6589179756e+00    3.6545822472e+00   -6.1256615249e+00   -3.6418099474e+01    2.0481603727e+04    5.0755812700e-01    9.9886159189e-01
         7   -3.5146578698e+01    1.2360576705e+03   -4.8475632898e+01    1.3329054201e+01   -9.6265859836e+00    3.6916628030e+00   -6.1226102437e+00   -3.6418099474e+01    2.0404495247e+04    5.0322261100e-01    9.9890257990e-01
         8   -3.5142050554e+01    1.2356921239e+03   -4.8292105354e+01    1.3150054799e+01   -9.7334852220e+00    3.9453061510e+00   -6.0858268085e+00   -3.6418099474e+01    2.0378338758e+04    5.0511399800e-01    9.9887839723e-01
         9   -3.5155763269e+01    1.2366485837e+03   -4.8372518410e+01    1.3216755141e+01   -9.7469795761e+00    3.8967566152e+00   -6.1041959752e+00   -3.6418099474e+01    2.0323369230e+04    4.9812173500e-01    9.9885762090e-01
        10   -3.5155315145e+01    1.2366654402e+03   -4.8499837218e+01    1.3344522073e+01   -9.8193192025e+00    3.8236636902e+00   -6.0860822315e+00   -3.6418099474e+01    2.0277913105e+04    5.2200052000e-01    9.9889378193e-01
        11   -3.5158227607e+01    1.2368675885e+03   -4.8467009764e+01    1.3308782158e+01   -9.7890499997e+00    3.8315462613e+00   -6.0914065519e+00   -3.6418099474e+01    2.0312913089e+04    4.8001142800e-01    9.9887282830e-01
        12   -3.5161567236e+01    1.2371049909e+03   -4.8456052282e+01    1.3294485045e+01   -9.7958858684e+00    3.8452741598e+00   -6.0873410988e+00   -3.6418099474e+01    2.0332500667e+04    5.1329968500e-01    9.9892307260e-01
        13   -3.5139130888e+01    1.2355424382e+03   -4.8475258676e+01    1.3336127788e+01   -9.8584807749e+00    3.8584536874e+00   -6.0571321147e+00   -3.6418099474e+01    2.0468797306e+04    5.1656044500e-01    9.9885377921e-01
        14   -3.5113271066e+01    1.2336653230e+03   -4.8436653532e+01    1.3323382466e+01   -9.8385464596e+00    3.9343150114e+00   -6.1143226101e+00   -3.6418099474e+01    2.0478432456e+04    5.3484204300e-01    9.9886682194e-01
        15   -3.5118769010e+01    1.2340515600e+03   -4.8500705212e+01    1.3381936202e+01   -9.7701521593e+00    3.8408128260e+00   -6.1532664045e+00   -3.6418099474e+01    2.0322568552e+04    5.2447784900e-01    9.9892648061e-01
        16   -3.5133151166e+01    1.2350639135e+03   -4.8494222399e+01    1.3361071233e+01   -9.7631982772e+00    3.8269998909e+00   -6.1399245382e+00   -3.6418099474e+01    2.0305968634e+04    5.0338527700e-01    9.9886914435e-01
        17   -3.5130167272e+01    1.2348591147e+03   -4.8372334276e+01    1.3242167004e+01   -9.7943013792e+00    3.9689843850e+00   -6.1289178074e+00   -3.6418099474e+01    2.0404985250e+04    5.2173744000e-01    9.9889043675e-01
        18   -3.5113096510e+01    1.2336675668e+03   -4.8388415229e+01    1.3275318719e+01   -9.7996696332e+00    3.9478147572e+00   -6.1184608785e+00   -3.6418099474e+01    2.0361716501e+04    5.0793176500e-01    9.9890930006e-01
        19   -3.5121472031e+01    1.2342706746e+03   -4.8485009937e+01    1.3363537906e+01   -9.8023653511e+00    3.8529521687e+00   -6.1174972802e+00   -3.6418099474e+01    2.0250107895e+04    4.7929677700e-01    9.9891192404e-01
        20   -3.5129732631e+01    1.2348367975e+03   -4.8515274453e+01    1.3385541822e+01   -9.7528098282e+00    3.7923489237e+00   -6.1367140746e+00   -3.6418099474e+01    2.0195210063e+04    5.0383839200e-01    9.9890177908e-01
        21   -3.5148397097e+01    1.2361315761e+03   -4.8558422553e+01    1.3410025456e+01   -9.6844059336e+00    3.6617127530e+00   -6.1176298981e+00   -3.6418099474e+01    2.0199193694e+04    4.9470023200e-01    9.9884695646e-01
        22   -3.5146380416e+01    1.2359914048e+03   -4.8439517778e+01    1.3293137362e+01   -9.7445645187e+00    3.8380220250e+00   -6.1148758105e+00   -3.6418099474e+01    2.0272205589e+04    4.7690400700e-01    9.9887407230e-01
        23   -3.5156281270e+01    1.2366715573e+03   -4.8509472070e+01    1.3353190801e+01   -9.7358910475e+00    3.7843260074e+00   -6.1398075558e+00   -3.6418099474e+01    2.0344191416e+04    4.8425280000e-01    9.9890960809e-01
        24   -3.5140445230e+01    1.2355367832e+03   -4.8537917703e+01    1.3397472473e+01   -9.7518619280e+00    3.7881149279e+00   -6.1560712288e+00   -3.6418099474e+01    2.0394795536e+04    5.0345329800e-01    9.9893526107e-01
        25   -3.5127478315e+01    1.2346358483e+03   -4.8466322880e+01    1.3338844565e+01   -9.7974693665e+00    3.8988845123e+00   -6.1496385521e+00   -3.6418099474e+01    2.0523789319e+04    5.2796542100e-01    9.9887778466e-01
        26   -3.5128474342e+01    1.2347082652e+03   -4.8418640646e+01    1.3290166305e+01   -9.8636578243e+00    3.9966902216e+00   -6.1335735695e+00   -3.6418099474e+01    2.0589061449e+04    5.3070647300e-01    9.9888311562e-01
        27   -3.5135928467e+01    1.2352606092e+03   -4.8424902169e+01    1.3288973702e+01   -9.8639822692e+00    3.9970705837e+00   -6.1398910089e+00   -3.6418099474e+01    2.0513685005e+04    5.0528337300e-01    9.9881967898e-01
        28   -3.5134400297e+01    1.2351847978e+03   -4.8448155288e+01    1.3313754991e+01   -9.8867487498e+00    4.0315340380e+00   -6.1748411016e+00   -3.6418099474e+01    2.0550827269e+04    5.5018024400e-01    9.9889484330e-01
        29   -3.5148463384e+01    1.2361542121e+03   -4.8528363003e+01    1.3379899619e+01   -9.8787662975e+00    3.9412808061e+00   -6.1727780377e+00   -3.6418099474e+01    2.0546020002e+04    5.1076692800e-01    9.9890484303e-01
        30   -3.5143323132e+01    1.2357774666e+03   -4.8500212645e+01    1.3356889513e+01   -9.8102904998e+00    3.8989030572e+00   -6.1707257282e+00   -3.6418099474e+01    2.0504056193e+04    5.3880536300e-01    9.9893226409e-01
        31   -3.5160843890e+01    1.2370108797e+03   -4.8498172928e+01    1.3337329038e+01   -9.7322788919e+00    3.8205746174e+00   -6.1683691795e+00   -3.6418099474e+01    2.0580874884e+04    5.6269559200e-01    9.9895519487e-01
        32   -3.5148741321e+01    1.2361768130e+03   -4.8567626436e+01    1.3418885115e+01   -9.7833087432e+00    3.7792246839e+00   -6.1454429021e+00   -3.6418099474e+01    2.0605388441e+04    5.6734728400e-01    9.9884043401e-01
        33   -3.5156701562e+01    1.2367455418e+03   -4.8518722613e+01    1.3362021051e+01   -9.8144254260e+00    3.8224875380e+00   -6.1086852506e+00   -3.6418099474e+01    2.0540355441e+04    5.1640244800e-01    9.9884708485e-01
        34   -3.5163239294e+01    1.2372533472e+03   -4.8441533649e+01    1.3278294355e+01   -9.8295968834e+00    3.9473403458e+00   -6.1411776371e+00   -3.6418099474e+01    2.0543189984e+04    5.6074983400e-01    9.9890979274e-01
        35   -3.5159923327e+01    1.2369790147e+03   -4.8506360432e+01    1.3346437105e+01   -9.8144984653e+00    3.8678027894e+00   -6.1415652820e+00   -3.6418099474e+01    2.0507406426e+04    5.4300768900e-01    9.9890613678e-01
        36   -3.5155824387e+01    1.2366927498e+03   -4.8570065671e+01    1.3414241284e+01   -9.7990776287e+00    3.8232365391e+00   -6.1761251068e+00   -3.6418099474e+01    2.0509785017e+04    5.3914039100e-01    9.9893247235e-01
        37   -3.5166933874e+01    1.2374576647e+03   -4.8351721482e+01    1.3184787609e+01   -9.8837782104e+00    4.0908389804e+00   -6.1406827782e+00   -3.6418099474e+01    2.0510631742e+04    5.7785466800e-01    9.9893585153e-01
        38   -3.5156002677e+01    1.2367134818e+03   -4.8426480234e+01    1.3270477557e+01   -9.8335949125e+00    3.9657331604e+00   -6.1405190074e+00   -3.6418099474e+01    2.0549648466e+04    5.2647570700e-01    9.9883026502e-01
        39   -3.5132079141e+01    1.2350111140e+03   -4.8410355042e+01    1.3278275902e+01   -9.6992582414e+00    3.8481827225e+00   -6.1411800493e+00   -3.6418099474e+01    2.0610122649e+04    5.3292445100e-01    9.9886173059e-01
        40   -3.5141213955e+01    1.2356334610e+03   -4.8444444181e+01    1.3303230226e+01   -9.6454597585e+00    3.7853119812e+00   -6.1661969296e+00   -3.6418099474e+01    2.0671295984e+04    5.4290751300e-01    9.9888058154e-01
        41   -3.5170684178e+01    1.2377158477e+03   -4.8376322064e+01    1.3205637886e+01   -9.6718768869e+00    3.8895309050e+00   -6.1758766077e+00   -3.6418099474e+01    2.0669163789e+04    5.3290823700e-01    9.9892853687e-01
        42   -3.5190352898e+01    1.2391022580e+03   -4.8477339463e+01    1.3286986565e+01   -9.6839072470e+00    3.7928674224e+00   -6.1682001638e+00   -3.6418099474e+01    2.0716331576e+04    5.4667334800e-01    9.9882038865e-01
        43   -3.5172296847e+01    1.2377976187e+03   -4.8478847639e+01    1.3306550792e+01   -9.7212763022e+00    3.8273696374e+00   -6.1668415001e+00   -3.6418099474e+01    2.0813796903e+04    5.4941055200e-01    9.9894291755e-01
        44   -3.5180644067e+01    1.2383913583e+03   -4.8565351056e+01    1.3384706989e+01   -9.7543274026e+00    3.7828647246e+00   -6.1757889041e+00   -3.6418099474e+01    2.0733442524e+04    5.3216463500e-01    9.9885770797e-01
        45   -3.5169955180e+01    1.2376372054e+03   -4.8446715506e+01    1.3276760325e+01   -9.7849335196e+00    3.9152714916e+00   -6.1589540035e+00   -3.6418099474e+01    2.0767699252e+04    5.3063224400e-01    9.9892681719e-01
        46   -3.5161202639e+01    1.2370873667e+03   -4.8441458939e+01    1.3280256300e+01   -9.8422800473e+00    3.9488830138e+00   -6.1299624313e+00   -3.6418099474e+01    2.0667746716e+04    5.5087904600e-01    9.9894586954e-01
        47   -3.5191634004e+01    1.2392507211e+03   -4.8440881183e+01    1.3249247180e+01   -9.8023646162e+00    3.8840854215e+00   -6.1045025145e+00   -3.6418099474e+01    2.0668795573e+04    5.4332784700e-01    9.9891104443e-01
        48   -3.5169803129e+01    1.2376426024e+03   -4.8505402205e+01    1.3335599076e+01   -9.7428735430e+00    3.7696303817e+00   -6.1140595700e+00   -3.6418099474e+01    2.0596250034e+04    5.3838612600e-01    9.9890045855e-01
        49   -3.5159509464e+01    1.2369300260e+03   -4.8431854504e+01    1.3272345041e+01   -9.8287050288e+00    3.8945915893e+00   -6.0796415905e+00   -3.6418099474e+01    2.0565191074e+04    5.4878596700e-01    9.9886590991e-01
        50   -3.5159539661e+01    1.2369465376e+03   -4.8427547079e+01    1.3268007418e+01   -9.8709898507e+00    3.9592688058e+00   -6.0977265597e+00   -3.6418099474e+01    2.0605742783e+04    5.4316120100e-01    9.9889243249e-01
        51   -3.5167339143e+01    1.2374533687e+03   -4.8564902479e+01    1.3397563336e+01   -9.8875295878e+00    3.8627170191e+00   -6.1219904364e+00   -3.6418099474e+01    2.0610957833e+04    5.4033115300e-01    9.9877827302e-01
        52   -3.5175643238e+01    1.2381222557e+03   -4.8621822610e+01    1.3446179372e+01   -9.9382216312e+00    3.8359211737e+00   -6.1014226786e+00   -3.6418099474e+01    2.0644257502e+04    5.4699821300e-01    9.9884245641e-01
        53   -3.5176229470e+01    1.2381268353e+03   -4.8559700413e+01    1.3383470943e+01   -9.9632904404e+00    3.9081605563e+00   -6.0864710546e+00   -3.6418099474e+01    2.0538441472e+04    5.5748048900e-01    9.9889208143e-01
        54   -3.5160011214e+01    1.2369397295e+03   -4.8532308425e+01    1.3372297211e+01   -9.8836564329e+00    3.8687959149e+00   -6.0993484329e+00   -3.6418099474e+01    2.0483905903e+04    5.1731142500e-01    9.9886311326e-01
        55   -3.5166938986e+01    1.2375065800e+03   -4.8657159854e+01    1.3490220868e+01   -9.8839880495e+00    3.7818311914e+00   -6.1369035217e+00   -3.6418099474e+01    2.0513775620e+04    6.1079971100e-01    9.9883860228e-01
        56   -3.5176152550e+01    1.2380845633e+03   -4.8587664854e+01    1.3411512304e+01   -9.9495849649e+00    3.9125866722e+00   -6.1325670866e+00   -3.6418099474e+01    2.0539396882e+04    5.4459167600e-01    9.9884343803e-01
        57   -3.5171417695e+01    1.2377020891e+03   -4.8538633685e+01    1.3367215990e+01   -9.9611299143e+00    3.9350714293e+00   -6.0944757262e+00   -3.6418099474e+01    2.0485487401e+04    5.1469349100e-01    9.9882475205e-01
        58   -3.5179691674e+01    1.2382870762e+03   -4.8506116581e+01    1.3326424907e+01   -9.9713518640e+00    4.0043223457e+00   -6.1209875888e+00   -3.6418099474e+01    2.0371627313e+04    5.0695711000e-01    9.9891445407e-01
        59   -3.5180191579e+01    1.2383619544e+03   -4.8602066577e+01    1.3421874998e+01   -9.9348811225e+00    3.8913839305e+00   -6.1404699109e+00   -3.6418099474e+01    2.0384280836e+04    5.4418288800e-01    9.9890112586e-01
        60   -3.5178257547e+01    1.2382403586e+03   -4.8594308209e+01    1.3416050662e+01   -9.9470056884e+00    3.9406397447e+00   -6.1698427914e+00   -3.6418099474e+01    2.0400791623e+04    4.8980636500e-01    9.9891429972e-01
        61   -3.5148089994e+01    1.2361627658e+03   -4.8525463895e+01    1.3377373901e+01   -9.9145409010e+00    3.9996808815e+00   -6.1925044012e+00   -3.6418099474e+01    2.0460192724e+04    5.1249223700e-01    9.9895620239e-01
        62   -3.5160849425e+01    1.2370124344e+03   -4.8520973372e+01    1.3360123947e+01   -9.8088184811e+00    3.8946224954e+00   -6.1886779122e+00   -3.6418099474e+01    2.0508901689e+04    5.0740234300e-01    9.9877922205e-01
        63   -3.5159664687e+01    1.2369352088e+03   -4.8601623591e+01    1.3441958904e+01   -9.7817948705e+00    3.7733915772e+00   -6.1751208234e+00   -3.6418099474e+01    2.0538437034e+04    5.1873105500e-01    9.9886621315e-01
        64   -3.5158659883e+01    1.2368526891e+03   -4.8509863980e+01    1.3351204097e+01   -9.7804499401e+00    3.8958400780e+00   -6.2071546433e+00   -3.6418099474e+01    2.0521612381e+04    5.5406092000e-01    9.9892792749e-01
        65   -3.5150858961e+01    1.2363196491e+03   -4.8533347845e+01    1.3382488884e+01   -9.8286595325e+00    3.9023377745e+00   -6.1889266130e+00   -3.6418099474e+01    2.0554600403e+04    5.4214664500e-01    9.9885678147e-01
        66   -3.5138333028e+01    1.2354462309e+03   -4.8495515407e+01    1.3357182379e+01   -9.8360896719e+00    3.9557316791e+00   -6.1970579403e+00   -3.6418099474e+01    2.0628216066e+04    5.5544757600e-01    9.9888008807e-01
        67   -3.5142469911e+01    1.2357168562e+03   -4.8471884384e+01    1.3329414473e+01   -9.8401822716e+00    3.9597001569e+00   -6.1733027951e+00   -3.6418099474e+01    2.0663473189e+04    5.5843034300e-01    9.9888025657e-01
        68   -3.5172615997e+01    1.2378531507e+03   -4.8490907941e+01    1.3318291943e+01   -9.8941656066e+00    3.9753418007e+00   -6.1539846607e+00   -3.6418099474e+01    2.0782134158e+04    5.5604501800e-01    9.9888118955e-01
        69   -3.5149408569e+01    1.2362733777e+03   -4.8399325598e+01    1.3249917029e+01   -9.9215139865e+00    4.0687500176e+00   -6.1284621550e+00   -3.6418099474e+01    2.0746378524e+04    5.5510321800e-01    9.9894664372e-01
        70   -3.5160943233e+01    1.2370737267e+03   -4.8339967356e+01    1.3179024123e+01   -9.9231567002e+00    4.1507150481e+00   -6.1494262298e+00   -3.6418099474e+01    2.0858695176e+04    5.3106724200e-01    9.9889404014e-01
        71   -3.5156137037e+01    1.2367020947e+03   -4.8409332799e+01    1.3253195761e+01   -9.8919867269e+00    4.0364332132e+00   -6.1356798110e+00   -3.6418099474e+01    2.0862434561e+04    5.8512302500e-01    9.9891484438e-01
        72   -3.5161512064e+01    1.2370872288e+03   -4.8460344885e+01    1.3298832822e+01   -9.8607738273e+00    3.9572504568e+00   -6.1387220404e+00   -3.6418099474e+01    2.0889360707e+04    5.8914449400e-01    9.9888371489e-01
        73   -3.5150921864e+01    1.2363189086e+03   -4.8607718024e+01    1.3456796161e+01   -9.7620023561e+00    3.7376295621e+00   -6.1652457562e+00   -3.6418099474e+01    2.0780658659e+04    5.5491594200e-01    9.9890368965e-01
        74   -3.5125140823e+01    1.2344713172e+03   -4.8549460711e+01    1.3424319888e+01   -9.7832134219e+00    3.8336115615e+00   -6.1817593766e+00   -3.6418099474e+01    2.0707583438e+04    5.6926273900e-01    9.9886561112e-01
        75   -3.5122676140e+01    1.2343049458e+03   -4.8531333567e+01    1.3408657427e+01   -9.8587622077e+00    3.9075048937e+00   -6.1619767789e+00   -3.6418099474e+01    2.0642933055e+04    5.5092235300e-01    9.9890527612e-01
        76   -3.5134032619e+01    1.2351506609e+03   -4.8665973277e+01    1.3531940657e+01   -9.8223776858e+00    3.7331791808e+00   -6.1586752975e+00   -3.6418099474e+01    2.0587593231e+04    5.3716408100e-01    9.9882414968e-01
        77   -3.5152629633e+01    1.2364715108e+03   -4.8569497051e+01    1.3416867419e+01   -9.8742549489e+00    3.8576456099e+00   -6.1347882383e+00   -3.6418099474e+01    2.0559951061e+04    5.1891099200e-01    9.9885184851e-01
        78   -3.5148910000e+01    1.2362670169e+03   -4.8586686708e+01    1.3437776709e+01   -9.8821072135e+00    3.8424462375e+00   -6.1289262583e+00   -3.6418099474e+01    2.0384257390e+04    5.0161790100e-01    9.9884012671e-01
        79   -3.5159335384e+01    1.2370452930e+03   -4.8450099278e+01    1.3290763893e+01   -9.8711879050e+00    3.9531572362e+00   -6.1139691345e+00   -3.6418099474e+01    2.0324215181e+04    5.0840165400e-01    9.9888755325e-01
        80   -3.5151954911e+01    1.2364468334e+03   -4.8514612232e+01    1.3362657321e+01   -9.8906634036e+00    3.9114584975e+00   -6.1173078519e+00   -3.6418099474e+01    2.0405544703e+04    4.8681499100e-01    9.9889382854e-01
        81   -3.5130495034e+01    1.2349554925e+03   -4.8503585518e+01    1.3373090484e+01   -9.9117415205e+00    3.9469947534e+00   -6.1207392766e+00   -3.6418099474e+01    2.0484392283e+04    5.1320043000e-01    9.9880423642e-01
        82   -3.5132054804e+01    1.2350130005e+03   -4.8452182462e+01    1.3320127658e+01   -9.9205651548e+00    4.0080749395e+00   -6.1215927721e+00   -3.6418099474e+01    2.0561032939e+04    5.4866493500e-01    9.9887122991e-01
        83   -3.5125226397e+01    1.2345082328e+03   -4.8475705311e+01    1.3350478913e+01   -9.8119573335e+00    3.8777948020e+00   -6.1234433049e+00   -3.6418099474e+01    2.0402956481e+04    5.5072165500e-01    9.9888174105e-01
        84   -3.5118244719e+01    1.2340382198e+03   -4.8444136546e+01    1.3325891827e+01   -9.8140347879e+00    3.9408375386e+00   -6.1528398228e+00   -3.6418099474e+01    2.0288936915e+04    5.0335011500e-01    9.9886138056e-01
        85   -3.5144733157e+01    1.2358913459e+03   -4.8456674896e+01    1.3311941740e+01   -9.7980076047e+00    3.8987860746e+00   -6.1393538919e+00   -3.6418099474e+01    2.0266712072e+04    4.9073256300e-01    9.9890033977e-01
        86   -3.5125308848e+01    1.2344877143e+03   -4.8564505122e+01    1.3439196274e+01   -9.8290088792e+00    3.8364261323e+00   -6.1538229010e+00   -3.6418099474e+01    2.0332112668e+04    4.8199343400e-01    9.9883563280e-01
        87   -3.5125470341e+01    1.2345209443e+03   -4.8556898728e+01    1.3431428387e+01   -9.7980378345e+00    3.8108260429e+00   -6.1515874619e+00   -3.6418099474e+01    2.0373605862e+04    5.2084610200e-01    9.9885555852e-01
        88   -3.5128235377e+01    1.2347004855e+03   -4.8411675198e+01    1.3283439821e+01   -9.7933149271e+00    3.9250796629e+00   -6.1253404600e+00   -3.6418099474e+01    2.0330927084e+04    5.0861921300e-01    9.9888294061e-01
        89   -3.5129921498e+01    1.2348600184e+03   -4.8411819711e+01    1.3281898213e+01   -9.7633420335e+00    3.9055340903e+00   -6.1359122942e+00   -3.6418099474e+01    2.0197258216e+04    4.7915518400e-01    9.9888608347e-01
        90   -3.5153010147e+01    1.2365336144e+03   -4.8426083664e+01    1.3273073517e+01   -9.8035325667e+00    3.9376956577e+00   -6.1421472809e+00   -3.6418099474e+01    2.0142878470e+04    5.1587626300e-01    9.9888099140e-01
        91   -3.5146403974e+01    1.2360385582e+03   -4.8567977774e+01    1.3421573800e+01   -9.8800288216e+00    3.8699932553e+00   -6.1398427331e+00   -3.6418099474e+01    2.0187028605e+04    5.3108290500e-01    9.9895431544e-01
        92   -3.5141430367e+01    1.2356291525e+03   -4.8522316260e+01    1.3380885892e+01   -9.8575981830e+00    3.8997634688e+00   -6.1463820713e+00   -3.6418099474e+01    2.0239877699e+04    5.5206249500e-01    9.9886005096e-01
        93   -3.5144897304e+01    1.2358762251e+03   -4.8396799461e+01    1.3251902157e+01   -9.9044436821e+00    4.0821193324e+00   -6.1563756366e+00   -3.6418099474e+01    2.0360972966e+04    4.8296110700e-01    9.9883706245e-01
        94   -3.5149190334e+01    1.2361909840e+03   -4.8335592826e+01    1.3186402492e+01   -9.9545853965e+00    4.1764046752e+00   -6.1393126309e+00   -3.6418099474e+01    2.0302465530e+04    4.9540426300e-01    9.9882306994e-01
        95   -3.5154713107e+01    1.2365540201e+03   -4.8446427207e+01    1.3291714100e+01   -9.9015082789e+00    4.0073174167e+00   -6.1341368704e+00   -3.6418099474e+01    2.0278733692e+04    4.8127662800e-01    9.9889031367e-01
        96   -3.5171779917e+01    1.2377778534e+03   -4.8544638251e+01    1.3372858333e+01   -9.8144317925e+00    3.8428229890e+00   -6.1549299731e+00   -3.6418099474e+01    2.0280308968e+04    4.8811265800e-01    9.9887258840e-01
        97   -3.5156681299e+01    1.2367082537e+03   -4.8588228497e+01    1.3431547198e+01   -9.8032630695e+00    3.7772504496e+00   -6.1441164030e+00   -3.6418099474e+01    2.0272608397e+04    4.8267586100e-01    9.9885292812e-01
        98   -3.5144267160e+01    1.2358356750e+03   -4.8525604828e+01    1.3381337668e+01   -9.8355890915e+00    3.8785548190e+00   -6.1504710817e+00   -3.6418099474e+01    2.0357741101e+04    5.0428034700e-01    9.9886320576e-01
        99   -3.5165483046e+01    1.2373516997e+03   -4.8575082151e+01    1.3409599106e+01   -9.8501324509e+00    3.7813225462e+00   -6.0881727726e+00   -3.6418099474e+01    2.0527632532e+04    5.4292127600e-01    9.9880633374e-01
       100   -3.5164026921e+01    1.2372279080e+03   -4.8470620411e+01    1.3306593490e+01   -9.9293819264e+00    3.9929802486e+00   -6.1161192586e+00   -3.6418099474e+01    2.0627545537e+04    5.2793513300e-01    9.9879140059e-01
       101   -3.5164682573e+01    1.2372722739e+03   -4.8430666521e+01    1.3265983948e+01   -9.9363049468e+00    4.0608076513e+00   -6.1370697510e+00   -3.6418099474e+01    2.0717264904e+04    5.5260339500e-01    9.9888118109e-01
       102   -3.5169621422e+01    1.2376503843e+03   -4.8421465048e+01    1.3251843626e+01   -9.8544948674e+00    3.9875184221e+00   -6.1363891289e+00   -3.6418099474e+01    2.0818589252e+04    5.2782136700e-01    9.9884543596e-01
       103   -3.5178332410e+01    1.2382674163e+03   -4.8517006721e+01    1.3338674311e+01   -9.7966406923e+00    3.8733912331e+00   -6.1756577878e+00   -3.6418099474e+01    2.0904753848e+04    5.8745906200e-01    9.9890822233e-01
       104   -3.5151439080e+01    1.2364100592e+03   -4.8514410343e+01    1.3362971263e+01   -9.8125138981e+00    3.8711855835e+00   -6.1549825546e+00   -3.6418099474e+01    2.1023315320e+04    5.3447098800e-01    9.9885022724e-01
       105   -3.5139283475e+01    1.2354977079e+03   -4.8455077494e+01    1.3315794018e+01   -9.8062835683e+00    3.9411314000e+00   -6.1718258511e+00   -3.6418099474e+01    2.0941914024e+04    5.5642549000e-01    9.9891232449e-01
       106   -3.5161921036e+01    1.2371471946e+03   -4.8425334738e+01    1.3263413702e+01   -9.7948289809e+00    3.9274388681e+00   -6.1398451512e+00   -3.6418099474e+01    2.0858049451e+04    5.5317367700e-01    9.9891624435e-01
       107   -3.5140846783e+01    1.2356367891e+03   -4.8540107747e+01    1.3399260964e+01   -9.7929929985e+00    3.8149420006e+00   -6.1439572746e+00   -3.6418099474e+01    2.0785687822e+04    5.5743022600e-01    9.9882675883e-01
       108   -3.5163609671e+01    1.2372818342e+03   -4.8463156314e+01    1.3299546643e+01   -9.8307416138e+00    3.9484966827e+00   -6.1628119091e+00   -3.6418099474e+01    2.0868168884e+04    5.5727633900e-01    9.9879526319e-01
       109   -3.5179304004e+01    1.2383627009e+03   -4.8337566409e+01    1.3158262404e+01   -9.8022549739e+00    4.0247054736e+00   -6.1419174344e+00   -3.6418099474e+01    2.0899712646e+04    5.4165769700e-01    9.9883960188e-01
       110   -3.5170003319e+01    1.2376812429e+03   -4.8358455227e+01    1.3188451909e+01   -9.7436203785e+00    3.9642765252e+00   -6.1610118998e+00   -3.6418099474e+01    2.0967622903e+04    5.8986240300e-01    9.9886737565e-01
       111   -3.5183591205e+01    1.2386302702e+03   -4.8316388204e+01    1.3132796999e+01   -9.8145698543e+00    4.0990512004e+00   -6.1827700757e+00   -3.6418099474e+01    2.0912120178e+04    5.7866064000e-01    9.9888296782e-01
       112   -3.5170384383e+01    1.2377020739e+03   -4.8303863364e+01    1.3133478981e+01   -9.7815437974e+00    4.0783376453e+00   -6.1825577376e+00   -3.6418099474e+01    2.0970205926e+04    6.0953625100e-01    9.9881809574e-01
       113   -3.5156284002e+01    1.2366696190e+03   -4.8361689378e+01    1.3205405376e+01   -9.6966732009e+00    3.9277727646e+00   -6.1746894675e+00   -3.6418099474e+01    2.1131573037e+04    5.7675544200e-01    9.9891861935e-01
       114   -3.5141236022e+01    1.2356176523e+03   -4.8412322354e+01    1.3271086331e+01   -9.6435118260e+00    3.8098652232e+00   -6.1605762766e+00   -3.6418099474e+01    2.1081544101e+04    5.6286139400e-01    9.9887387387e-01
       115   -3.5123909598e+01    1.2344101299e+03   -4.8303642236e+01    1.3179732638e+01   -9.6273466825e+00    3.9166691090e+00   -6.1748651883e+00   -3.6418099474e+01    2.1107725118e+04    5.4814905800e-01    9.9896171537e-01
       116   -3.5146455221e+01    1.2360100148e+03   -4.8344968943e+01    1.3198513722e+01   -9.7074208844e+00    3.9666950108e+00   -6.1861435948e+00   -3.6418099474e+01    2.1078370055e+04    5.3011303000e-01    9.9887366025e-01
       117   -3.5165888738e+01    1.2373886294e+03   -4.8390783274e+01    1.3224894535e+01   -9.6976309349e+00    3.9119067175e+00   -6.1869595822e+00   -3.6418099474e+01    2.1075862243e+04    5.7073042300e-01    9.9896308445e-01
       118   -3.5155684961e+01    1.2366762306e+03   -4.8411719832e+01    1.3256034871e+01   -9.7065094637e+00    3.9160830075e+00   -6.2031939018e+00   -3.6418099474e+01    2.1047062327e+04    5.4487919500e-01    9.9888880595e-01
       119   -3.5150191030e+01    1.2362987777e+03   -4.8351473237e+01    1.3201282207e+01   -9.6995509816e+00    3.9570785633e+00   -6.1909013444e+00   -3.6418099474e+01    2.0957587156e+04    5.2846603400e-01    9.9887556988e-01
       120   -3.5142519237e+01    1.2357438258e+03   -4.8459498975e+01    1.3316979738e+01   -9.6720014377e+00    3.8251816952e+00   -6.1945797586e+00   -3.6418099474e+01    2.0880021676e+04    5.2911813300e-01    9.9886287465e-01
       121   -3.5169319931e+01    1.2375922907e+03   -4.8388110321e+01    1.3218790390e+01   -9.6969498290e+00    3.9373156914e+00   -6.2103767094e+00   -3.6418099474e+01    2.0717677690e+04    5.6459038100e-01    9.9884325502e-01
       122   -3.5171023876e+01    1.2377647553e+03   -4.8410283028e+01    1.3239259152e+01   -9.6672184324e+00    3.9024381773e+00   -6.2274032987e+00   -3.6418099474e+01    2.0755235550e+04    5.4327867500e-01    9.9892619667e-01
       123   -3.5163816141e+01    1.2372352368e+03   -4.8436235539e+01    1.3272419398e+01   -9.6698421103e+00    3.8527767238e+00   -6.2010706788e+00   -3.6418099474e+01    2.0814127675e+04    5.7334931700e-01    9.9886757489e-01
       124   -3.5155678543e+01    1.2366158145e+03   -4.8546265136e+01    1.3390586592e+01   -9.6417405270e+00    3.7192019057e+00   -6.2056270402e+00   -3.6418099474e+01    2.0815179224e+04    5.4397858000e-01    9.9893979111e-01
       125   -3.5166987890e+01    1.2374445583e+03   -4.8475446731e+01    1.3308458842e+01   -9.7086505010e+00    3.8421959465e+00   -6.1908927027e+00   -3.6418099474e+01    2.0762908595e+04    5.3868831700e-01    9.9895246352e-01
       126   -3.5176347869e+01    1.2381340250e+03   -4.8415515252e+01    1.3239167383e+01   -9.7695923172e+00    3.9595944334e+00   -6.1874178937e+00   -3.6418099474e+01    2.0777046482e+04    5.5315303400e-01    9.9886711363e-01
       127   -3.5165063517e+01    1.2373220998e+03   -4.8376624750e+01    1.3211561233e+01   -9.7735522208e+00    4.0130445582e+00   -6.1980176130e+00   -3.6418099474e+01    2.0780406989e+04    5.4579940300e-01    9.9882963146e-01
       128   -3.5176612057e+01    1.2381504348e+03   -4.8504230013e+01    1.3327617956e+01   -9.7846315706e+00    3.9192462844e+00   -6.2207452527e+00   -3.6418099474e+01    2.0775116538e+04    5.5132582400e-01    9.9889279353e-01
       129   -3.5158239445e+01    1.2368353930e+03   -4.8511493169e+01    1.3353253725e+01   -9.8529648299e+00    3.9796328717e+00   -6.2200617371e+00   -3.6418099474e+01    2.0826928315e+04    5.6320359000e-01    9.9884776033e-01
       130   -3.5132867188e+01    1.2350451073e+03   -4.8421419785e+01    1.3288552596e+01   -9.8044802539e+00    4.0172773927e+00   -6.2161174493e+00   -3.6418099474e+01    2.0854097557e+04    5.4341659900e-01    9.9885985455e-01
       131   -3.5131180700e+01    1.2349493959e+03   -4.8498432872e+01    1.3367252172e+01   -9.7760663621e+00    3.8955296130e+00   -6.1997966490e+00   -3.6418099474e+01    2.0706106149e+04    5.2893152700e-01    9.9890338021e-01
       132   -3.5155329350e+01    1.2366504703e+03   -4.8449590413e+01    1.3294261063e+01   -9.7812079498e+00    3.9592980670e+00   -6.2095810563e+00   -3.6418099474e+01    2.0686333069e+04    5.4762153200e-01    9.9885717048e-01
       133   -3.5165241010e+01    1.2373938403e+03   -4.8459341910e+01    1.3294100900e+01   -9.8451636429e+00    4.0389544811e+00   -6.2350332740e+00   -3.6418099474e+01    2.0681925335e+04    5.2758251000e-01    9.9891037065e-01
       134   -3.5170850624e+01    1.2377827238e+03   -4.8595651862e+01    1.3424801238e+01   -9.8565499096e+00    3.9022273846e+00   -6.2232298630e+00   -3.6418099474e+01    2.0744073152e+04    5.2570311200e-01    9.9891874023e-01
       135   -3.5175300962e+01    1.2380908436e+03   -4.8677617481e+01    1.3502316519e+01   -9.8268195574e+00    3.7526242582e+00   -6.1853227080e+00   -3.6418099474e+01    2.0845044286e+04    5.6718999100e-01    9.9883316885e-01
       136   -3.5184179625e+01    1.2386917141e+03   -4.8546804777e+01    1.3362625151e+01   -9.8850290974e+00    3.8957512053e+00   -6.1394274105e+00   -3.6418099474e+01    2.0844623192e+04    5.2932811100e-01    9.9887760977e-01
       137   -3.5182238338e+01    1.2385596214e+03   -4.8467305707e+01    1.3285067369e+01   -9.9278235244e+00    4.0156441544e+00   -6.1370268628e+00   -3.6418099474e+01    2.0919789472e+04    5.2666299400e-01    9.9892437135e-01
       138   -3.5168850291e+01    1.2376629454e+03   -4.8529873053e+01    1.3361022763e+01   -9.9180979771e+00    3.9187565401e+00   -6.1124321422e+00   -3.6418099474e+01    2.0886751658e+04    5.2737489600e-01    9.9887666192e-01
       139   -3.5167774950e+01    1.2375424335e+03   -4.8623715093e+01    1.3455940143e+01   -9.9201698505e+00    3.8486643853e+00   -6.1341101538e+00   -3.6418099474e+01    2.0887892808e+04    5.6695059400e-01    9.9889552259e-01
       140   -3.5172971152e+01    1.2378639209e+03   -4.8688210222e+01    1.3515239070e+01   -9.8882665766e+00    3.7785241730e+00   -6.1603683443e+00   -3.6418099474e+01    2.0924603634e+04    5.5959774100e-01    9.9886499403e-01
       141   -3.5154988663e+01    1.2366253744e+03   -4.8577542748e+01    1.3422554085e+01   -9.9037595160e+00    3.9432102793e+00   -6.1988940374e+00   -3.6418099474e+01    2.0887622856e+04    5.5031695800e-01    9.9893670851e-01
       142   -3.5158409361e+01    1.2368289418e+03   -4.8485325932e+01    1.3326916571e+01   -9.9246562777e+00    4.0352200962e+00   -6.1777902760e+00   -3.6418099474e+01    2.0929960053e+04    5.3661390300e-01    9.9888424845e-01
       143   -3.5161453855e+01    1.2370662315e+03   -4.8586688590e+01    1.3425234735e+01   -9.8323658196e+00    3.8339776963e+00   -6.1702009924e+00   -3.6418099474e+01    2.0711974823e+04    5.4190208500e-01    9.9890855294e-01
       144   -3.5155475786e+01    1.2366400152e+03   -4.8491513392e+01    1.3336037606e+01   -9.8699013873e+00    3.9335874870e+00   -6.1371000177e+00   -3.6418099474e+01    2.0526615056e+04    5.1976453200e-01    9.9888996374e-01
       145   -3.5131496440e+01    1.2349492982e+03   -4.8525453997e+01    1.3393957558e+01   -9.8507339549e+00    3.9073698502e+00   -6.1639904183e+00   -3.6418099474e+01    2.0288519056e+04    5.1693853100e-01    9.9888937390e-01
       146   -3.5102706239e+01    1.2329205455e+03   -4.8561644538e+01    1.3458938299e+01   -9.8591216810e+00    3.8735669481e+00   -6.1579903305e+00   -3.6418099474e+01    2.0132874076e+04    5.3945312900e-01    9.9884735423e-01
       147   -3.5148379651e+01    1.2362105025e+03   -4.8530157189e+01    1.3381777538e+01   -9.8665184353e+00    3.9166096330e+00   -6.1621489126e+00   -3.6418099474e+01    2.0082020998e+04    4.7236048400e-01    9.9888481787e-01
       148   -3.5149039917e+01    1.2361564222e+03   -4.8473248453e+01    1.3324208537e+01   -9.8431749947e+00    3.9573967506e+00   -6.1693707352e+00   -3.6418099474e+01    2.0190608932e+04    5.1607351400e-01    9.9889609103e-01
       149   -3.5130217492e+01    1.2348582282e+03   -4.8467698483e+01    1.3337480990e+01   -9.8100669825e+00    3.9565214167e+00   -6.1960534426e+00   -3.6418099474e+01    2.0272050990e+04    5.1591459300e-01    9.9885502906e-01
       150   -3.5148912974e+01    1.2361535175e+03   -4.8559978825e+01    1.3411065851e+01   -9.7390680502e+00    3.7952178654e+00   -6.1980291662e+00   -3.6418099474e+01    2.0209776445e+04    4.7940098000e-01    9.9898731761e-01
       151   -3.5158964190e+01    1.2369098635e+03   -4.8539956417e+01    1.3380992227e+01   -9.7223491247e+00    3.8059003192e+00   -6.2054081371e+00   -3.6418099474e+01    2.0204330661e+04    5.0455323000e-01    9.9890033732e-01
       152   -3.5181503314e+01    1.2384972659e+03   -4.8466281215e+01    1.3284777901e+01   -9.7427745100e+00    3.8714761705e+00   -6.1768834009e+00   -3.6418099474e+01    2.0063636089e+04    4.8852218800e-01    9.9887981023e-01
       153   -3.5181175943e+01    1.2384985797e+03   -4.8493648045e+01    1.3312472102e+01   -9.6977687382e+00    3.7605381372e+00   -6.1383179700e+00   -3.6418099474e+01    2.0128222998e+04    4.7573402500e-01    9.9894555963e-01
       154   -3.5163048878e+01    1.2371611290e+03   -4.8526054191e+01    1.3363005313e+01   -9.7433595240e+00    3.7585438862e+00   -6.1231390789e+00   -3.6418099474e+01    2.0059911870e+04    5.0753171400e-01    9.9886022026e-01
       155   -3.5158857056e+01    1.2368487345e+03   -4.8438029064e+01    1.3279172008e+01   -9.7726455246e+00    3.8659660453e+00   -6.1132501103e+00   -3.6418099474e+01    2.0211577749e+04    4.9255749100e-01    9.9886183690e-01
       156   -3.5164304122e+01    1.2372405531e+03   -4.8395725898e+01    1.3231421775e+01   -9.7550409587e+00    3.9172028221e+00   -6.1397882869e+00   -3.6418099474e+01    2.0339955961e+04    4.7892664500e-01    9.9882158312e-01
       157   -3.5157406089e+01    1.2367426150e+03   -4.8438377022e+01    1.3280970933e+01   -9.7988987321e+00    3.9434200758e+00   -6.1647988917e+00   -3.6418099474e+01    2.0372438757e+04    4.7973013400e-01    9.9883412695e-01
       158   -3.5157336592e+01    1.2368352627e+03   -4.8499210842e+01    1.3341874250e+01   -9.8663116732e+00    3.9480668533e+00   -6.1628665477e+00   -3.6418099474e+01    2.0376895041e+04    4.8085553800e-01    9.9890627629e-01
       159   -3.5165043802e+01    1.2373417408e+03   -4.8389048182e+01    1.3224004380e+01   -9.8567162743e+00    3.9922001607e+00   -6.1064325944e+00   -3.6418099474e+01    2.0396134171e+04    5.3098889800e-01    9.9886690811e-01
       160   -3.5160080224e+01    1.2369713730e+03   -4.8477758123e+01    1.3317677899e+01   -9.8323839277e+00    3.8949786599e+00   -6.1222533814e+00   -3.6418099474e+01    2.0309485196e+04    5.2466193900e-01    9.9889376640e-01
       161   -3.5177419188e+01    1.2381806127e+03   -4.8484687602e+01    1.3307268415e+01   -9.8543236171e+00    3.9029407905e+00   -6.1152053014e+00   -3.6418099474e+01    2.0176562826e+04    5.3307371500e-01    9.9898181792e-01
       162   -3.5190678050e+01    1.2391069913e+03   -4.8475250482e+01    1.3284572433e+01   -9.8564838092e+00    3.9180676107e+00   -6.1187348097e+00   -3.6418099474e+01    2.0364652401e+04    5.1599276800e-01    9.9888941134e-01
       163   -3.5180091064e+01    1.2383576796e+03   -4.8568606249e+01    1.3388515185e+01   -9.8112133942e+00    3.8031882981e+00   -6.1424816788e+00   -3.6418099474e+01    2.0496393533e+04    5.3412118500e-01    9.9889672818e-01
       164   -3.5157704769e+01    1.2368382560e+03   -4.8589505064e+01    1.3431800295e+01   -9.8353349135e+00    3.8149928236e+00   -6.1510634998e+00   -3.6418099474e+01    2.0461523759e+04    4.8797997000e-01    9.9888289219e-01
       165   -3.5153237772e+01    1.2365131808e+03   -4.8621221350e+01    1.3467983578e+01   -9.8775642790e+00    3.8084094744e+00   -6.1339670712e+00   -3.6418099474e+01    2.0431555967e+04    5.5926276500e-01    9.9888130663e-01
       166   -3.5157981449e+01    1.2368550561e+03   -4.8670457159e+01    1.3512475709e+01   -9.9693524449e+00    3.8341092948e+00   -6.1171145343e+00   -3.6418099474e+01    2.0526259536e+04    5.6649726500e-01    9.9880813185e-01
       167   -3.5135406213e+01    1.2353078979e+03   -4.8556204800e+01    1.3420798587e+01   -9.9844958348e+00    3.9518928834e+00   -6.1055023749e+00   -3.6418099474e+01    2.0583040182e+04    5.7828323600e-01    9.9889325266e-01
       168   -3.5128984976e+01    1.2347763055e+03   -4.8565201707e+01    1.3436216731e+01   -9.9309158573e+00    3.8906137672e+00   -6.1068001431e+00   -3.6418099474e+01    2.0650975275e+04    5.8657979300e-01    9.9889008755e-01
       169   -3.5119108658e+01    1.2340442781e+03   -4.8610449043e+01    1.3491340386e+01   -9.9478511346e+00    3.8414313906e+00   -6.0859298251e+00   -3.6418099474e+01    2.0644115812e+04    5.6375132300e-01    9.9881373166e-01
       170   -3.5133424678e+01    1.2350645856e+03   -4.8608876662e+01    1.3475451985e+01   -9.9882444966e+00    3.9162966312e+00   -6.1188293227e+00   -3.6418099474e+01    2.0492460506e+04    5.1937323900e-01    9.9884129385e-01
       171   -3.5123945987e+01    1.2343862871e+03   -4.8617583245e+01    1.3493637258e+01   -9.9637298461e+00    3.8854475526e+00   -6.1212014769e+00   -3.6418099474e+01    2.0534314091e+04    5.1920185600e-01    9.9895157420e-01
       172   -3.5123775057e+01    1.2343715560e+03   -4.8600279000e+01    1.3476503943e+01   -9.8918180702e+00    3.8182016369e+00   -6.1085630929e+00   -3.6418099474e+01    2.0362748299e+04    4.8093330400e-01    9.9893390192e-01
       173   -3.5107943726e+01    1.2332311345e+03   -4.8587290606e+01    1.3479346880e+01   -9.7676056766e+00    3.7392340299e+00   -6.1408194850e+00   -3.6418099474e+01    2.0118277852e+04    4.9018057700e-01    9.9887128376e-01
       174   -3.5107228568e+01    1.2331961931e+03   -4.8471084244e+01    1.3363855676e+01   -9.8031247681e+00    3.8931209754e+00   -6.1429809775e+00   -3.6418099474e+01    1.9893384258e+04    5.1323463600e-01    9.9883866197e-01
       175   -3.5107341164e+01    1.2332053759e+03   -4.8426835250e+01    1.3319494085e+01   -9.8350002047e+00    3.9626891634e+00   -6.1364247345e+00   -3.6418099474e+01    1.9739960561e+04    4.7164441000e-01    9.9886753405e-01
       176   -3.5150549460e+01    1.2362364305e+03   -4.8516491276e+01    1.3365941816e+01   -9.7720737003e+00    3.8188051329e+00   -6.1451232341e+00   -3.6418099474e+01    1.9737710117e+04    4.7219282400e-01    9.9885604234e-01
       177   -3.5131861106e+01    1.2349556603e+03   -4.8463994419e+01    1.3332133312e+01   -9.7341213056e+00    3.8778961409e+00   -6.1896697800e+00   -3.6418099474e+01    1.9729421085e+04    4.7214598400e-01    9.9889739430e-01
       178   -3.5135740190e+01    1.2352432195e+03   -4.8462415601e+01    1.3326675411e+01   -9.6956608000e+00    3.8150911940e+00   -6.1637465210e+00   -3.6418099474e+01    1.9780266358e+04    5.4799550900e-01    9.9893093709e-01
       179   -3.5133856239e+01    1.2351323856e+03   -4.8473144504e+01    1.3339288265e+01   -9.7043432256e+00    3.8164229588e+00   -6.1671247625e+00   -3.6418099474e+01    1.9838921829e+04    4.7487433300e-01    9.9886209777e-01
       180   -3.5144045886e+01    1.2358563361e+03   -4.8415979854e+01    1.3271933968e+01   -9.6721668358e+00    3.8359519692e+00   -6.1616655130e+00   -3.6418099474e+01    1.9936451226e+04    4.8944690100e-01    9.9887121858e-01
       181   -3.5118216841e+01    1.2339974964e+03   -4.8388545612e+01    1.3270328771e+01   -9.6696754617e+00    3.8710903047e+00   -6.1718609810e+00   -3.6418099474e+01    1.9838371917e+04    4.9352432900e-01    9.9882986614e-01
       182   -3.5131341218e+01    1.2350134801e+03   -4.8420973885e+01    1.3289632667e+01   -9.6929866925e+00    3.8912815475e+00   -6.2011692656e+00   -3.6418099474e+01    1.9634995134e+04    4.6822059100e-01    9.9892662480e-01
       183   -3.5129640987e+01    1.2348041124e+03   -4.8387961739e+01    1.3258320751e+01   -9.7588148432e+00    3.9798271251e+00   -6.1908745463e+00   -3.6418099474e+01    1.9638800039e+04    5.2115452200e-01    9.9893411910e-01
       184   -3.5156029227e+01    1.2366548079e+03   -4.8542475404e+01    1.3386446177e+01   -9.7781254192e+00    3.8603387009e+00   -6.2065892116e+00   -3.6418099474e+01    1.9830440703e+04    4.8386954700e-01    9.9888837642e-01
       185   -3.5155711610e+01    1.2366475771e+03   -4.8528083104e+01    1.3372371494e+01   -9.8133331640e+00    3.8879288425e+00   -6.1845793080e+00   -3.6418099474e+01    1.9922106932e+04    5.6578582100e-01    9.9885411586e-01
       186   -3.5142612598e+01    1.2357290689e+03   -4.8454280068e+01    1.3311667470e+01   -9.8549213399e+00    3.9830144577e+00   -6.1642737120e+00   -3.6418099474e+01    1.9920725963e+04    4.7194740800e-01    9.9890796807e-01
       187   -3.5139397465e+01    1.2354885600e+03   -4.8509890566e+01    1.3370493102e+01   -9.8745608022e+00    3.9914181567e+00   -6.2086484467e+00   -3.6418099474e+01    1.9998459733e+04    5.1015311900e-01    9.9880690424e-01
       188   -3.5128561908e+01    1.2347146890e+03   -4.8423731720e+01    1.3295169812e+01   -9.8736541790e+00    4.0914791050e+00   -6.2234571719e+00   -3.6418099474e+01    1.9974237679e+04    5.0110265100e-01    9.9897366577e-01
       189   -3.5109202345e+01    1.2333433104e+03   -4.8490815707e+01    1.3381613363e+01   -9.8743313352e+00    4.0373750306e+00   -6.2357599287e+00   -3.6418099474e+01    1.9767604216e+04    4.6887628200e-01    9.9884378862e-01
       190   -3.5131949266e+01    1.2349626020e+03   -4.8576713015e+01    1.3444763749e+01   -9.8378153911e+00    3.9100725653e+00   -6.2308707156e+00   -3.6418099474e+01    1.9747971958e+04    4.7326730600e-01    9.9891473429e-01
       191   -3.5146392994e+01    1.2359782478e+03   -4.8574472573e+01    1.3428079579e+01   -9.7802915674e+00    3.8687682535e+00   -6.2448497854e+00   -3.6418099474e+01    1.9743059516e+04    4.8431995800e-01    9.9885096157e-01
       192   -3.5106466881e+01    1.2331532537e+03   -4.8568537834e+01    1.3462070954e+01   -9.7914000115e+00    3.9036192572e+00   -6.2626576060e+00   -3.6418099474e+01    1.9615735434e+04    4.6999585100e-01    9.9880563971e-01
       193   -3.5126799123e+01    1.2345991686e+03   -4.8540621468e+01    1.3413822345e+01   -9.7884542365e+00    3.9268275910e+00   -6.2608953488e+00   -3.6418099474e+01    1.9770094627e+04    4.9604742100e-01    9.9887444355e-01
       194   -3.5134810556e+01    1.2351770617e+03   -4.8491154884e+01    1.3356344328e+01   -9.8259231694e+00    4.0002700264e+00   -6.2474022667e+00   -3.6418099474e+01    1.9824999543e+04    4.8187275500e-01    9.9895318333e-01
       195   -3.5142364698e+01    1.2357270132e+03   -4.8532880958e+01    1.3390516261e+01   -9.8123774508e+00    3.9319744318e+00   -6.2343784652e+00   -3.6418099474e+01    1.9770037108e+04    4.9225069700e-01    9.9887969354e-01
       196   -3.5143656952e+01    1.2358252173e+03   -4.8527006777e+01    1.3383349825e+01   -9.7775427307e+00    3.8792251332e+00   -6.2105897050e+00   -3.6418099474e+01    1.9741981326e+04    4.7065418100e-01    9.9885452255e-01
       197   -3.5147932247e+01    1.2361013594e+03   -4.8476606480e+01    1.3328674234e+01   -9.7878489377e+00    3.9198685010e+00   -6.1905265691e+00   -3.6418099474e+01    1.9819050326e+04    4.8853912300e-01    9.9884996143e-01
       198   -3.5140990234e+01    1.2356261399e+03   -4.8424925631e+01    1.3283935398e+01   -9.7497309185e+00    3.9205262610e+00   -6.1776214998e+00   -3.6418099474e+01    1.9866177742e+04    5.0678303500e-01    9.9875030568e-01
       199   -3.5122786078e+01    1.2343453824e+03   -4.8443265933e+01    1.3320479854e+01   -9.6830846425e+00    3.8556266416e+00   -6.1977084575e+00   -3.6418099474e+01    1.9882241484e+04    4.7249602900e-01    9.9895813873e-01
