# Index          LocalEnergy            Variance              Weight        NumOfWalkers      AvgSentWalkers         TrialEnergy             DiffEff      LivingFraction
         0   -3.4805790094e+01    9.8768218773e-01    2.0484935318e+03    2.0480000000e+03    0.0000000000e+00   -3.4781724703e+01    9.9493683667e-01    1.0000000000e+00
         1   -3.4819180813e+01    9.6858748483e-01    2.0482770302e+03    2.0480000000e+03    0.0000000000e+00   -3.4817837759e+01    9.9435175564e-01    9.8095703125e-01
         2   -3.4804337768e+01    9.3873914531e-01    2.0354862241e+03    2.0360000000e+03    6.8750000000e-01   -3.4825943790e+01    9.9463804958e-01    9.9263261297e-01
         3   -3.4815356159e+01    9.2291938978e-01    2.0517364250e+03    2.0390000000e+03    5.6250000000e-01   -3.4497888465e+01    9.9474255493e-01    9.9754781756e-01
         4   -3.4806372441e+01    9.3606208349e-01    2.0479752641e+03    2.0520000000e+03    5.0000000000e-01   -3.4906494360e+01    9.9472808038e-01    9.9415204678e-01
         5   -3.4837584069e+01    8.9354245508e-01    2.0525700537e+03    2.0520000000e+03    4.3750000000e-01   -3.4805768533e+01    9.9487384305e-01    9.9463937622e-01
         6   -3.4851981235e+01    8.9362280990e-01    2.0466612908e+03    2.0510000000e+03    5.0000000000e-01   -3.4949033343e+01    9.9358596782e-01    9.9512432960e-01
         7   -3.4847329956e+01    8.5653853245e-01    2.0561626649e+03    2.0550000000e+03    4.3750000000e-01   -3.4819287217e+01    9.9558767764e-01    9.9124087591e-01
         8   -3.4846113423e+01    8.8863632403e-01    2.0429191242e+03    2.0510000000e+03    4.3750000000e-01   -3.5046217680e+01    9.9487872404e-01    9.9073622623e-01
         9   -3.4856259877e+01    8.8034829639e-01    2.0462391821e+03    2.0410000000e+03    5.0000000000e-01   -3.4721914478e+01    9.9613086795e-01    9.9559039686e-01
        10   -3.4886599511e+01    9.0392429818e-01    2.0523454482e+03    2.0500000000e+03    6.8750000000e-01   -3.4813252667e+01    9.9530744077e-01    9.9414634146e-01
        11   -3.4871849521e+01    9.0259125134e-01    2.0463040786e+03    2.0510000000e+03    4.3750000000e-01   -3.4992577163e+01    9.9493766865e-01    9.8927352511e-01
        12   -3.4897328524e+01    8.8528654788e-01    2.0473510599e+03    2.0450000000e+03    5.0000000000e-01   -3.4830428036e+01    9.9483043663e-01    9.9413202934e-01
        13   -3.4911760306e+01    8.8362380061e-01    2.0520184051e+03    2.0510000000e+03    5.0000000000e-01   -3.4881482750e+01    9.9568353016e-01    9.9219892735e-01
        14   -3.4936864534e+01    8.7299959422e-01    2.0475849283e+03    2.0510000000e+03    4.3750000000e-01   -3.5009769778e+01    9.9373100302e-01    9.9317406143e-01
        15   -3.4937834922e+01    8.9235936392e-01    2.0513882547e+03    2.0510000000e+03    3.1250000000e-01   -3.4926729921e+01    9.9498140884e-01    9.9366162847e-01
        16   -3.4931750324e+01    8.9807399696e-01    2.0495159893e+03    2.0530000000e+03    3.7500000000e-01   -3.5020487631e+01    9.9540760171e-01    9.9220652703e-01
        17   -3.4921574077e+01    8.8491116373e-01    2.0533314413e+03    2.0550000000e+03    4.3750000000e-01   -3.4968748091e+01    9.9516182916e-01    9.9270072993e-01
        18   -3.4937268095e+01    8.5822152740e-01    2.0570364457e+03    2.0620000000e+03    4.3750000000e-01   -3.5051567090e+01    9.9372675678e-01    9.9418040737e-01
        19   -3.4931859050e+01    8.7693248100e-01    2.0538054276e+03    2.0630000000e+03    3.7500000000e-01   -3.5157399157e+01    9.9489170845e-01    9.8982064954e-01
        20   -3.4913963835e+01    9.0735006934e-01    2.0479688064e+03    2.0540000000e+03    5.0000000000e-01   -3.5073392616e+01    9.9409775961e-01    9.9123661149e-01
        21   -3.4941723439e+01    8.5797564230e-01    2.0486355133e+03    2.0480000000e+03    4.3750000000e-01   -3.4913948604e+01    9.9447009024e-01    9.9023437500e-01
        22   -3.4943668684e+01    8.4875272032e-01    2.0396727837e+03    2.0390000000e+03    3.7500000000e-01   -3.4928153898e+01    9.9545425042e-01    9.9411476214e-01
        23   -3.4965276520e+01    8.2711960007e-01    2.0431060195e+03    2.0420000000e+03    5.0000000000e-01   -3.4929044340e+01    9.9467482370e-01    9.9510284035e-01
        24   -3.4985063170e+01    7.8986056006e-01    2.0475310081e+03    2.0460000000e+03    6.2500000000e-01   -3.4938765621e+01    9.9521860081e-01    9.9364613881e-01
        25   -3.4984302535e+01    8.2083161973e-01    2.0525020712e+03    2.0510000000e+03    4.3750000000e-01   -3.4949710103e+01    9.9409064151e-01    9.9414919551e-01
        26   -3.4996716382e+01    8.1056573433e-01    2.0542837935e+03    2.0530000000e+03    5.0000000000e-01   -3.4957862228e+01    9.9511252380e-01    9.9171943497e-01
        27   -3.5009925921e+01    8.2596943101e-01    2.0506541402e+03    2.0490000000e+03    5.0000000000e-01   -3.4964594213e+01    9.9445331501e-01    9.9170326989e-01
        28   -3.5015097989e+01    8.1975975108e-01    2.0487876139e+03    2.0470000000e+03    6.2500000000e-01   -3.4968875189e+01    9.9535625172e-01    9.9706888129e-01
        29   -3.4993150517e+01    8.2208573536e-01    2.0562402414e+03    2.0550000000e+03    4.3750000000e-01   -3.4973244334e+01    9.9470295525e-01    9.9172749392e-01
        30   -3.4999534612e+01    8.5929322617e-01    2.0487011552e+03    2.0480000000e+03    4.3750000000e-01   -3.4978904382e+01    9.9456163505e-01    9.9462890625e-01
        31   -3.5002192404e+01    8.0917888697e-01    2.0499213219e+03    2.0490000000e+03    4.3750000000e-01   -3.4977471721e+01    9.9564103365e-01    9.9316739873e-01
        32   -3.5001802148e+01    8.1558178014e-01    2.0428214243e+03    2.0420000000e+03    3.7500000000e-01   -3.4980155706e+01    9.9536369656e-01    9.9657198825e-01
        33   -3.5009392634e+01    8.5102352443e-01    2.0540649947e+03    2.0530000000e+03    2.5000000000e-01   -3.4978423439e+01    9.9493610747e-01    9.9171943497e-01
        34   -3.5008907053e+01    8.2824183860e-01    2.0479297218e+03    2.0470000000e+03    4.3750000000e-01   -3.4985943532e+01    9.9485761630e-01    9.9462628236e-01
        35   -3.5023200770e+01    8.4490497652e-01    2.0492082412e+03    2.0480000000e+03    2.5000000000e-01   -3.4984680207e+01    9.9486623040e-01    9.9462890625e-01
        36   -3.5020000037e+01    8.6514933522e-01    2.0573750280e+03    2.0560000000e+03    5.0000000000e-01   -3.4987709701e+01    9.9553805398e-01    9.9416342412e-01
        37   -3.5008338508e+01    8.4200914980e-01    2.0567743327e+03    2.0560000000e+03    3.7500000000e-01   -3.4993621243e+01    9.9549354379e-01    9.9464980545e-01
        38   -3.5006759189e+01    8.5783194424e-01    2.0503945120e+03    2.0500000000e+03    3.1250000000e-01   -3.4994400588e+01    9.9505883758e-01    9.9365853659e-01
        39   -3.5027324130e+01    7.7280192878e-01    2.0510020387e+03    2.0500000000e+03    3.7500000000e-01   -3.4992169373e+01    9.9565807682e-01    9.9170731707e-01
        40   -3.5039529747e+01    8.4031313780e-01    2.0556782390e+03    2.0540000000e+03    5.6250000000e-01   -3.4994281790e+01    9.9534359794e-01    9.9513145083e-01
        41   -3.5051885426e+01    8.9416842585e-01    2.0669098872e+03    2.0650000000e+03    5.0000000000e-01   -3.4998783569e+01    9.9467316989e-01    9.9322033898e-01
        42   -3.5027864671e+01    8.3575033388e-01    2.0734747336e+03    2.0720000000e+03    5.0000000000e-01   -3.5006816233e+01    9.9552367302e-01    9.9420849421e-01
        43   -3.5046313076e+01    8.4793526511e-01    2.0781436090e+03    2.0770000000e+03    5.0000000000e-01   -3.5011302122e+01    9.9500345521e-01    9.8940779971e-01
        44   -3.5079323921e+01    9.9962382483e-01    2.0668078640e+03    2.0650000000e+03    6.2500000000e-01   -3.5015525184e+01    9.9477861715e-01    9.9128329298e-01
        45   -3.5081051601e+01    9.0566323172e-01    2.0634733597e+03    2.0610000000e+03    5.6250000000e-01   -3.5013191908e+01    9.9443435988e-01    9.9563318777e-01
        46   -3.5062807295e+01    8.9159021378e-01    2.0652806778e+03    2.0630000000e+03    4.3750000000e-01   -3.5014538834e+01    9.9455927023e-01    9.9466795928e-01
        47   -3.5068079933e+01    9.5901816750e-01    2.0638619665e+03    2.0620000000e+03    3.7500000000e-01   -3.5017480810e+01    9.9417954299e-01    9.9709020369e-01
        48   -3.5063815979e+01    9.1149200618e-01    2.0676802477e+03    2.0660000000e+03    3.1250000000e-01   -3.5018900838e+01    9.9483703629e-01    9.9467570184e-01
        49   -3.5078300151e+01    8.3010967248e-01    2.0659461715e+03    2.0640000000e+03    3.7500000000e-01   -3.5022564037e+01    9.9529062095e-01    9.9418604651e-01
        50   -3.5061046328e+01    7.9131434658e-01    2.0638147223e+03    2.0620000000e+03    3.7500000000e-01   -3.5023901685e+01    9.9573573793e-01    9.9612027158e-01
        51   -3.5060437394e+01    8.4446427417e-01    2.0724054150e+03    2.0710000000e+03    3.7500000000e-01   -3.5024349099e+01    9.9564136376e-01    9.9661999034e-01
        52   -3.5064315348e+01    8.2301797907e-01    2.0923785793e+03    2.0910000000e+03    3.7500000000e-01   -3.5029871137e+01    9.9511686021e-01    9.9282639885e-01
        53   -3.5074215829e+01    8.6401536703e-01    2.0932314460e+03    2.0920000000e+03    4.3750000000e-01   -3.5040865405e+01    9.9536460831e-01    9.9426386233e-01
        54   -3.5065736685e+01    7.9249840475e-01    2.0950709004e+03    2.0940000000e+03    5.6250000000e-01   -3.5042884346e+01    9.9470439622e-01    9.9570200573e-01
        55   -3.5086917693e+01    8.5759152444e-01    2.0982393930e+03    2.0970000000e+03    3.7500000000e-01   -3.5045039799e+01    9.9482089008e-01    9.8712446352e-01
        56   -3.5099586309e+01    8.4079057380e-01    2.0900468575e+03    2.0880000000e+03    6.2500000000e-01   -3.5048345500e+01    9.9451184265e-01    9.9425287356e-01
        57   -3.5092771669e+01    7.9642921326e-01    2.0910444506e+03    2.0890000000e+03    4.3750000000e-01   -3.5046473261e+01    9.9427919428e-01    9.9281953088e-01
        58   -3.5098089028e+01    8.1364308212e-01    2.0909764280e+03    2.0890000000e+03    5.0000000000e-01   -3.5048703643e+01    9.9533380867e-01    9.9569171853e-01
        59   -3.5075028434e+01    7.5229928628e-01    2.0974925441e+03    2.0960000000e+03    4.3750000000e-01   -3.5050470737e+01    9.9589380639e-01    9.9332061069e-01
        60   -3.5098672095e+01    7.7926221255e-01    2.0973495458e+03    2.0960000000e+03    4.3750000000e-01   -3.5054715322e+01    9.9515815981e-01    9.9427480916e-01
        61   -3.5103273091e+01    7.8830854616e-01    2.0998645880e+03    2.0980000000e+03    3.7500000000e-01   -3.5056301673e+01    9.9420197562e-01    9.8951382269e-01
        62   -3.5094674188e+01    8.0845338307e-01    2.0876830266e+03    2.0860000000e+03    5.6250000000e-01   -3.5059185396e+01    9.9491192796e-01    9.9664429530e-01
        63   -3.5095637064e+01    8.1367518062e-01    2.0935015807e+03    2.0920000000e+03    3.7500000000e-01   -3.5054774315e+01    9.9514874886e-01    9.9617590822e-01
        64   -3.5088682546e+01    8.3593169059e-01    2.0992801501e+03    2.0980000000e+03    5.0000000000e-01   -3.5058922387e+01    9.9527796990e-01    9.9285033365e-01
        65   -3.5074179084e+01    7.8065516441e-01    2.0948242103e+03    2.0940000000e+03    4.3750000000e-01   -3.5062828482e+01    9.9477698809e-01    9.9570200573e-01
        66   -3.5068618757e+01    7.8456092900e-01    2.1013633169e+03    2.1010000000e+03    4.3750000000e-01   -3.5061488000e+01    9.9465657933e-01    9.9524036173e-01
        67   -3.5090313718e+01    7.6293345724e-01    2.0994917548e+03    2.0990000000e+03    2.5000000000e-01   -3.5065237388e+01    9.9447452186e-01    9.9428299190e-01
        68   -3.5102952814e+01    7.5196323265e-01    2.1003319648e+03    2.0990000000e+03    5.6250000000e-01   -3.5065404660e+01    9.9448737091e-01    9.9714149595e-01
        69   -3.5106504711e+01    7.3877449676e-01    2.1074996281e+03    2.1060000000e+03    5.0000000000e-01   -3.5067077833e+01    9.9482706138e-01    9.9477682811e-01
        70   -3.5110332185e+01    7.3438058785e-01    2.1055079837e+03    2.1040000000e+03    4.3750000000e-01   -3.5071777828e+01    9.9542873746e-01    9.9667300380e-01
        71   -3.5103556020e+01    8.1569249028e-01    2.1144330598e+03    2.1130000000e+03    4.3750000000e-01   -3.5072149862e+01    9.9520600215e-01    9.9337434927e-01
        72   -3.5088606508e+01    7.6647392572e-01    2.1188000338e+03    2.1180000000e+03    5.0000000000e-01   -3.5077516345e+01    9.9374738997e-01    9.9008498584e-01
        73   -3.5091249681e+01    7.4335014793e-01    2.1033941911e+03    2.1030000000e+03    5.6250000000e-01   -3.5080391101e+01    9.9527874202e-01    9.9144079886e-01
        74   -3.5096462043e+01    7.9081104748e-01    2.0958520691e+03    2.0950000000e+03    3.7500000000e-01   -3.5073923975e+01    9.9570945374e-01    9.9618138425e-01
        75   -3.5107701291e+01    7.3926027516e-01    2.1012729717e+03    2.1000000000e+03    5.0000000000e-01   -3.5071226870e+01    9.9460642038e-01    9.9142857143e-01
        76   -3.5105628431e+01    7.8435326630e-01    2.0953724013e+03    2.0940000000e+03    4.3750000000e-01   -3.5074873788e+01    9.9452536211e-01    9.9331423114e-01
        77   -3.5128695458e+01    7.3601032637e-01    2.0969135986e+03    2.0950000000e+03    4.3750000000e-01   -3.5073051820e+01    9.9609719885e-01    9.9570405728e-01
        78   -3.5126342640e+01    7.2105764971e-01    2.1001179105e+03    2.0980000000e+03    3.1250000000e-01   -3.5075140715e+01    9.9548822240e-01    9.9332697807e-01
        79   -3.5100337850e+01    6.6810815034e-01    2.0934362533e+03    2.0920000000e+03    3.7500000000e-01   -3.5077935535e+01    9.9542184722e-01    9.9569789675e-01
        80   -3.5098719130e+01    6.8155125605e-01    2.0919180051e+03    2.0910000000e+03    3.1250000000e-01   -3.5075541102e+01    9.9550497691e-01    9.9665231946e-01
        81   -3.5084367716e+01    6.8915105014e-01    2.0965741755e+03    2.0960000000e+03    4.3750000000e-01   -3.5075555288e+01    9.9525460653e-01    9.9713740458e-01
        82   -3.5094523174e+01    7.0628260362e-01    2.0993426191e+03    2.0990000000e+03    4.3750000000e-01   -3.5078262961e+01    9.9559122168e-01    9.9428299190e-01
        83   -3.5085311912e+01    7.1374865493e-01    2.1013532723e+03    2.1010000000e+03    4.3750000000e-01   -3.5080212728e+01    9.9507063470e-01    9.9524036173e-01
        84   -3.5084511563e+01    7.4109649062e-01    2.1040919628e+03    2.1040000000e+03    3.7500000000e-01   -3.5081636581e+01    9.9472793204e-01    9.9572243346e-01
        85   -3.5095237358e+01    7.4951725501e-01    2.1032161007e+03    2.1030000000e+03    4.3750000000e-01   -3.5083378921e+01    9.9491996535e-01    9.9048977651e-01
        86   -3.5097291741e+01    7.5217273335e-01    2.0945509028e+03    2.0940000000e+03    3.7500000000e-01   -3.5083551640e+01    9.9568782756e-01    9.9426934097e-01
        87   -3.5090045958e+01    7.3131476287e-01    2.0945480977e+03    2.0940000000e+03    3.1250000000e-01   -3.5080025304e+01    9.9504785985e-01    9.9188156638e-01
        88   -3.5090504573e+01    7.2633654246e-01    2.0934957700e+03    2.0930000000e+03    4.3750000000e-01   -3.5080501849e+01    9.9407795230e-01    9.9283325370e-01
        89   -3.5081319960e+01    7.0960546187e-01    2.0982877709e+03    2.0980000000e+03    5.0000000000e-01   -3.5080469989e+01    9.9498788039e-01    9.9571020019e-01
        90   -3.5071372296e+01    7.4614669821e-01    2.1016883387e+03    2.1020000000e+03    3.7500000000e-01   -3.5083082390e+01    9.9504997937e-01    9.9191246432e-01
        91   -3.5077392699e+01    7.3516623752e-01    2.1016581803e+03    2.1020000000e+03    3.7500000000e-01   -3.5084878448e+01    9.9499207465e-01    9.9429115128e-01
        92   -3.5086778669e+01    7.1438156105e-01    2.1018772142e+03    2.1020000000e+03    3.7500000000e-01   -3.5085119536e+01    9.9518025008e-01    9.9000951475e-01
        93   -3.5098694384e+01    7.2288073373e-01    2.0933764454e+03    2.0930000000e+03    3.1250000000e-01   -3.5085600765e+01    9.9548500886e-01    9.9426660296e-01
        94   -3.5117347103e+01    7.5841301319e-01    2.1001997827e+03    2.0990000000e+03    5.6250000000e-01   -3.5082076043e+01    9.9419854284e-01    9.9475940924e-01
        95   -3.5082680669e+01    7.3513195581e-01    2.0945174116e+03    2.0940000000e+03    3.7500000000e-01   -3.5086092706e+01    9.9431236612e-01    9.9617956065e-01
        96   -3.5088158558e+01    7.3361067637e-01    2.1051081628e+03    2.1050000000e+03    3.1250000000e-01   -3.5083669679e+01    9.9496139370e-01    9.9382422803e-01
        97   -3.5117991950e+01    7.2667332790e-01    2.1045643461e+03    2.1040000000e+03    5.0000000000e-01   -3.5089063332e+01    9.9512861446e-01    9.9477186312e-01
        98   -3.5115667513e+01    7.3504930607e-01    2.1050951503e+03    2.1040000000e+03    4.3750000000e-01   -3.5089528451e+01    9.9449092521e-01    9.9477186312e-01
        99   -3.5137899121e+01    8.0424204787e-01    2.1114794073e+03    2.1100000000e+03    5.6250000000e-01   -3.5090456380e+01    9.9464371512e-01    9.9383886256e-01
       100   -3.5134793744e+01    7.2390874313e-01    2.1076400975e+03    2.1060000000e+03    4.3750000000e-01   -3.5094421301e+01    9.9446447671e-01    9.9335232669e-01
       101   -3.5135822117e+01    7.5543560535e-01    2.1158902971e+03    2.1140000000e+03    4.3750000000e-01   -3.5093476621e+01    9.9475419353e-01    9.9432355724e-01
       102   -3.5139786910e+01    7.5581539522e-01    2.1176832343e+03    2.1160000000e+03    4.3750000000e-01   -3.5098249877e+01    9.9471079784e-01    9.9432892250e-01
       103   -3.5128966812e+01    7.8291478992e-01    2.1223604014e+03    2.1210000000e+03    4.3750000000e-01   -3.5099990247e+01    9.9432765459e-01    9.9387081565e-01
       104   -3.5129846453e+01    7.2074249492e-01    2.1221450598e+03    2.1210000000e+03    5.0000000000e-01   -3.5102939716e+01    9.9542839063e-01    9.9434229137e-01
       105   -3.5127721948e+01    7.4868304776e-01    2.1219935079e+03    2.1210000000e+03    5.6250000000e-01   -3.5103574388e+01    9.9412331199e-01    9.9434229137e-01
       106   -3.5136016433e+01    7.4112286627e-01    2.1291899842e+03    2.1280000000e+03    5.6250000000e-01   -3.5104197288e+01    9.9495970313e-01    9.9483082707e-01
       107   -3.5144946019e+01    7.9910118944e-01    2.1251931389e+03    2.1240000000e+03    3.7500000000e-01   -3.5108356620e+01    9.9578934041e-01    9.9293785311e-01
       108   -3.5147199158e+01    8.3826375727e-01    2.1296839441e+03    2.1280000000e+03    5.6250000000e-01   -3.5107335272e+01    9.9556104381e-01    9.9436090226e-01
       109   -3.5146459222e+01    7.8048225238e-01    2.1365396757e+03    2.1350000000e+03    5.6250000000e-01   -3.5110309798e+01    9.9533694740e-01    9.9391100703e-01
       110   -3.5139058635e+01    7.3211894779e-01    2.1401555243e+03    2.1390000000e+03    3.1250000000e-01   -3.5114359973e+01    9.9438068768e-01    9.9485741000e-01
       111   -3.5132329646e+01    7.4961401330e-01    2.1478951714e+03    2.1470000000e+03    5.0000000000e-01   -3.5116787439e+01    9.9528015388e-01    9.9161620866e-01
       112   -3.5141782783e+01    8.1510329184e-01    2.1396484197e+03    2.1390000000e+03    5.6250000000e-01   -3.5121044669e+01    9.9419676409e-01    9.9485741000e-01
       113   -3.5142831907e+01    7.8127424560e-01    2.1430219831e+03    2.1420000000e+03    3.1250000000e-01   -3.5117932906e+01    9.9485672247e-01    9.9766573296e-01
       114   -3.5129895581e+01    7.5474516209e-01    2.1586159357e+03    2.1580000000e+03    4.3750000000e-01   -3.5120238959e+01    9.9585353171e-01    9.9351251158e-01
       115   -3.5130749884e+01    7.9476161171e-01    2.1551548669e+03    2.1550000000e+03    5.0000000000e-01   -3.5128068282e+01    9.9512869838e-01    9.9164733179e-01
       116   -3.5149930040e+01    9.2188663846e-01    2.1514533226e+03    2.1510000000e+03    6.2500000000e-01   -3.5127039508e+01    9.9389521687e-01    9.9163179916e-01
       117   -3.5144072628e+01    8.0884316257e-01    2.1447124122e+03    2.1440000000e+03    4.3750000000e-01   -3.5126082247e+01    9.9453146168e-01    9.9393656716e-01
       118   -3.5147427843e+01    7.7459359620e-01    2.1529566515e+03    2.1520000000e+03    5.6250000000e-01   -3.5123630570e+01    9.9502047675e-01    9.9581784387e-01
       119   -3.5128353470e+01    7.8612741730e-01    2.1533450665e+03    2.1530000000e+03    3.1250000000e-01   -3.5128173639e+01    9.9490067849e-01    9.9349744542e-01
       120   -3.5148999641e+01    7.5162102936e-01    2.1504350095e+03    2.1500000000e+03    4.3750000000e-01   -3.5128855615e+01    9.9414059459e-01    9.9395348837e-01
       121   -3.5129993876e+01    7.4482551448e-01    2.1575320030e+03    2.1570000000e+03    5.0000000000e-01   -3.5128199356e+01    9.9605365919e-01    9.9119146963e-01
       122   -3.5128876137e+01    7.1427104785e-01    2.1540211660e+03    2.1540000000e+03    4.3750000000e-01   -3.5131990270e+01    9.9484403347e-01    9.9489322191e-01
       123   -3.5117456455e+01    7.2618898913e-01    2.1525933253e+03    2.1530000000e+03    5.0000000000e-01   -3.5130837301e+01    9.9504342416e-01    9.9581978634e-01
       124   -3.5118241209e+01    7.5419190152e-01    2.1564147695e+03    2.1570000000e+03    4.3750000000e-01   -3.5130530861e+01    9.9495543132e-01    9.9675475197e-01
       125   -3.5133812265e+01    7.7163900936e-01    2.1626277803e+03    2.1630000000e+03    3.7500000000e-01   -3.5132661895e+01    9.9458251423e-01    9.9676375405e-01
       126   -3.5141794825e+01    7.4694602888e-01    2.1700268648e+03    2.1700000000e+03    4.3750000000e-01   -3.5136036416e+01    9.9492418483e-01    9.9493087558e-01
       127   -3.5135268786e+01    7.3059252770e-01    2.1789270477e+03    2.1790000000e+03    6.8750000000e-01   -3.5140014708e+01    9.9437389298e-01    9.9219825608e-01
       128   -3.5132773031e+01    7.1655256175e-01    2.1766965258e+03    2.1770000000e+03    3.7500000000e-01   -3.5144599680e+01    9.9491614400e-01    9.9219108865e-01
       129   -3.5141360209e+01    7.7173508681e-01    2.1809291543e+03    2.1810000000e+03    3.7500000000e-01   -3.5144035497e+01    9.9495973349e-01    9.8899587345e-01
       130   -3.5175146764e+01    7.4870979072e-01    2.1736144456e+03    2.1730000000e+03    5.0000000000e-01   -3.5146507850e+01    9.9503752790e-01    9.9217671422e-01
       131   -3.5178958917e+01    7.4534097095e-01    2.1685147854e+03    2.1670000000e+03    4.3750000000e-01   -3.5143972832e+01    9.9487523362e-01    9.9215505307e-01
       132   -3.5150430001e+01    7.3271927650e-01    2.1660035537e+03    2.1650000000e+03    5.0000000000e-01   -3.5142467783e+01    9.9548166875e-01    9.9168591224e-01
       133   -3.5145323685e+01    7.3325995276e-01    2.1582705111e+03    2.1580000000e+03    5.0000000000e-01   -3.5141885538e+01    9.9533232671e-01    9.9536607970e-01
       134   -3.5121412299e+01    7.1263709526e-01    2.1647085512e+03    2.1650000000e+03    4.3750000000e-01   -3.5138830524e+01    9.9513052936e-01    9.9491916859e-01
       135   -3.5146583139e+01    7.4346846932e-01    2.1656253442e+03    2.1660000000e+03    4.3750000000e-01   -3.5142113614e+01    9.9531875663e-01    9.9399815328e-01
       136   -3.5138499711e+01    7.1929975847e-01    2.1709779705e+03    2.1710000000e+03    3.1250000000e-01   -3.5143053349e+01    9.9442547249e-01    9.9309074159e-01
       137   -3.5135067424e+01    7.2877785803e-01    2.1625909782e+03    2.1630000000e+03    5.0000000000e-01   -3.5145960322e+01    9.9463312672e-01    9.9260286639e-01
       138   -3.5136100099e+01    7.2053182106e-01    2.1566332180e+03    2.1570000000e+03    3.7500000000e-01   -3.5142491482e+01    9.9515783513e-01    9.9304589708e-01
       139   -3.5135030001e+01    7.3992596671e-01    2.1477353894e+03    2.1480000000e+03    5.6250000000e-01   -3.5140136560e+01    9.9541227894e-01    9.9534450652e-01
       140   -3.5104258772e+01    7.4093149461e-01    2.1512430577e+03    2.1520000000e+03    3.7500000000e-01   -3.5136390380e+01    9.9474155966e-01    9.9349442379e-01
       141   -3.5126682910e+01    7.5579727144e-01    2.1500462946e+03    2.1510000000e+03    5.0000000000e-01   -3.5138149669e+01    9.9518008911e-01    9.9395629940e-01
       142   -3.5140009611e+01    7.2616328395e-01    2.1487480220e+03    2.1490000000e+03    3.7500000000e-01   -3.5137902344e+01    9.9519244329e-01    9.9488134016e-01
       143   -3.5108079259e+01    7.0744977430e-01    2.1513553799e+03    2.1520000000e+03    5.0000000000e-01   -3.5137710790e+01    9.9510566564e-01    9.9395910781e-01
       144   -3.5128463034e+01    7.6821774725e-01    2.1561478657e+03    2.1570000000e+03    4.3750000000e-01   -3.5139071793e+01    9.9445239307e-01    9.9490032452e-01
       145   -3.5140248513e+01    7.5556967677e-01    2.1546785405e+03    2.1550000000e+03    3.7500000000e-01   -3.5141605979e+01    9.9449993342e-01    9.9396751740e-01
       146   -3.5158453324e+01    6.8316744330e-01    2.1533159865e+03    2.1530000000e+03    4.3750000000e-01   -3.5141321924e+01    9.9492053346e-01    9.9396191361e-01
       147   -3.5151388503e+01    6.6423033650e-01    2.1566083559e+03    2.1560000000e+03    5.6250000000e-01   -3.5141224072e+01    9.9531476836e-01    9.9489795918e-01
       148   -3.5129214654e+01    6.7281122021e-01    2.1599066110e+03    2.1600000000e+03    3.7500000000e-01   -3.5143223050e+01    9.9485208073e-01    9.9490740741e-01
       149   -3.5123807414e+01    6.9968715794e-01    2.1571383241e+03    2.1580000000e+03    3.1250000000e-01   -3.5145043228e+01    9.9509752481e-01    9.9258572753e-01
       150   -3.5132236718e+01    7.1825087110e-01    2.1543679899e+03    2.1550000000e+03    4.3750000000e-01   -3.5144006624e+01    9.9454965804e-01    9.9350348028e-01
       151   -3.5143247556e+01    7.6766738160e-01    2.1497085702e+03    2.1500000000e+03    3.1250000000e-01   -3.5143028015e+01    9.9498325499e-01    9.9441860465e-01
       152   -3.5156894672e+01    7.1803945591e-01    2.1543910682e+03    2.1540000000e+03    5.6250000000e-01   -3.5141248147e+01    9.9512978791e-01    9.9257195915e-01
       153   -3.5141560420e+01    7.2437547450e-01    2.1511835157e+03    2.1510000000e+03    5.0000000000e-01   -3.5143906048e+01    9.9462877641e-01    9.9256159926e-01
       154   -3.5156987374e+01    7.2447803926e-01    2.1593695587e+03    2.1590000000e+03    4.3750000000e-01   -3.5142776533e+01    9.9476736528e-01    9.9583140343e-01
       155   -3.5153678222e+01    7.3237301288e-01    2.1652881954e+03    2.1650000000e+03    4.3750000000e-01   -3.5147044050e+01    9.9492240301e-01    9.9538106236e-01
       156   -3.5147546896e+01    7.1525978311e-01    2.1639414721e+03    2.1640000000e+03    3.1250000000e-01   -3.5150219348e+01    9.9492194955e-01    9.9445471349e-01
       157   -3.5139215013e+01    6.9041759599e-01    2.1667359142e+03    2.1670000000e+03    5.6250000000e-01   -3.5149984182e+01    9.9468369805e-01    9.9676972773e-01
       158   -3.5144218083e+01    7.1225914048e-01    2.1705473055e+03    2.1710000000e+03    3.7500000000e-01   -3.5151595719e+01    9.9534350776e-01    9.9216950714e-01
       159   -3.5138402354e+01    7.0446771784e-01    2.1665235633e+03    2.1670000000e+03    5.0000000000e-01   -3.5153705599e+01    9.9511881900e-01    9.9353945547e-01
       160   -3.5163359298e+01    7.4532209244e-01    2.1619123346e+03    2.1620000000e+03    5.0000000000e-01   -3.5152155890e+01    9.9474329160e-01    9.9491211841e-01
       161   -3.5154092323e+01    7.1134473717e-01    2.1582328993e+03    2.1580000000e+03    3.1250000000e-01   -3.5150503686e+01    9.9508107213e-01    9.9304911956e-01
       162   -3.5145947640e+01    7.0653765464e-01    2.1561254868e+03    2.1560000000e+03    4.3750000000e-01   -3.5149206767e+01    9.9542889790e-01    9.9536178108e-01
       163   -3.5136615466e+01    6.5953028040e-01    2.1596766857e+03    2.1600000000e+03    4.3750000000e-01   -3.5148573662e+01    9.9482471824e-01    9.9212962963e-01
       164   -3.5127502077e+01    7.2004559652e-01    2.1481882914e+03    2.1490000000e+03    5.6250000000e-01   -3.5150493577e+01    9.9465909264e-01    9.9441600745e-01
       165   -3.5134198466e+01    7.2987254720e-01    2.1514300820e+03    2.1520000000e+03    5.0000000000e-01   -3.5145367490e+01    9.9536109392e-01    9.9302973978e-01
       166   -3.5140703080e+01    7.1246687961e-01    2.1496129125e+03    2.1500000000e+03    4.3750000000e-01   -3.5147126065e+01    9.9453663063e-01    9.9534883721e-01
       167   -3.5125675817e+01    7.2040743775e-01    2.1523927487e+03    2.1530000000e+03    4.3750000000e-01   -3.5146572545e+01    9.9461561735e-01    9.9489084998e-01
       168   -3.5110442441e+01    7.2743126021e-01    2.1586788788e+03    2.1600000000e+03    3.1250000000e-01   -3.5148050885e+01    9.9523068028e-01    9.9675925926e-01
       169   -3.5143064780e+01    7.2852134391e-01    2.1618388013e+03    2.1630000000e+03    3.7500000000e-01   -3.5151048421e+01    9.9494137539e-01    9.9121590384e-01
       170   -3.5142729668e+01    7.2059816613e-01    2.1596535449e+03    2.1600000000e+03    5.0000000000e-01   -3.5152808833e+01    9.9536820448e-01    9.9166666667e-01
       171   -3.5158675895e+01    7.4578504752e-01    2.1640718694e+03    2.1640000000e+03    5.6250000000e-01   -3.5152088988e+01    9.9487234970e-01    9.9260628466e-01
       172   -3.5163064809e+01    7.2672627291e-01    2.1572394000e+03    2.1570000000e+03    2.5000000000e-01   -3.5154525320e+01    9.9481782055e-01    9.9675475197e-01
       173   -3.5150444535e+01    7.2049710877e-01    2.1672071136e+03    2.1670000000e+03    3.7500000000e-01   -3.5151779223e+01    9.9482911567e-01    9.9353945547e-01
       174   -3.5153616941e+01    7.0491310607e-01    2.1628518636e+03    2.1630000000e+03    5.0000000000e-01   -3.5156717941e+01    9.9449187587e-01    9.9306518724e-01
       175   -3.5143622548e+01    7.4695594672e-01    2.1577428180e+03    2.1580000000e+03    3.7500000000e-01   -3.5155051302e+01    9.9481770222e-01    9.9536607970e-01
       176   -3.5125826001e+01    6.9865494085e-01    2.1592036196e+03    2.1600000000e+03    3.7500000000e-01   -3.5152962835e+01    9.9531298759e-01    9.9398148148e-01
       177   -3.5143550959e+01    7.4610156687e-01    2.1632529152e+03    2.1640000000e+03    5.0000000000e-01   -3.5153799242e+01    9.9472413467e-01    9.9353049908e-01
       178   -3.5137413596e+01    7.1527579574e-01    2.1603035606e+03    2.1610000000e+03    3.7500000000e-01   -3.5155942646e+01    9.9519970336e-01    9.9490976400e-01
       179   -3.5146707238e+01    7.0330289776e-01    2.1634680317e+03    2.1640000000e+03    4.3750000000e-01   -3.5154806127e+01    9.9528035954e-01    9.9306839187e-01
       180   -3.5171208374e+01    7.1778597544e-01    2.1641424486e+03    2.1640000000e+03    4.3750000000e-01   -3.5156552921e+01    9.9407885693e-01    9.9445471349e-01
       181   -3.5148522680e+01    7.8029058784e-01    2.1691697399e+03    2.1690000000e+03    6.2500000000e-01   -3.5157296305e+01    9.9479708977e-01    9.9585062241e-01
       182   -3.5147618256e+01    7.3652665364e-01    2.1835321293e+03    2.1840000000e+03    5.0000000000e-01   -3.5159902945e+01    9.9490479276e-01    9.9267399267e-01
       183   -3.5152508802e+01    7.6189312126e-01    2.1813735727e+03    2.1820000000e+03    3.7500000000e-01   -3.5166779544e+01    9.9477093212e-01    9.9266727773e-01
       184   -3.5132883606e+01    7.4446846994e-01    2.1820536118e+03    2.1830000000e+03    5.6250000000e-01   -3.5166094208e+01    9.9485022329e-01    9.9358680715e-01
       185   -3.5142007043e+01    7.5232301280e-01    2.1787325056e+03    2.1800000000e+03    3.7500000000e-01   -3.5166587002e+01    9.9447144109e-01    9.9357798165e-01
       186   -3.5148411203e+01    7.2493568787e-01    2.1801600566e+03    2.1810000000e+03    4.3750000000e-01   -3.5165297705e+01    9.9502438741e-01    9.9495644200e-01
       187   -3.5138899394e+01    7.3210745791e-01    2.1850467834e+03    2.1860000000e+03    5.6250000000e-01   -3.5166222131e+01    9.9564370152e-01    9.9588289113e-01
       188   -3.5131761162e+01    7.0952612571e-01    2.1894865233e+03    2.1910000000e+03    3.7500000000e-01   -3.5168670670e+01    9.9466482207e-01    9.9406663624e-01
       189   -3.5136834975e+01    6.7669919127e-01    2.1853038346e+03    2.1870000000e+03    3.1250000000e-01   -3.5170865359e+01    9.9434579436e-01    9.9679926840e-01
       190   -3.5136158769e+01    7.5329046626e-01    2.1864847309e+03    2.1880000000e+03    2.5000000000e-01   -3.5169145962e+01    9.9528420419e-01    9.9360146252e-01
       191   -3.5142934605e+01    7.1744236701e-01    2.1856546712e+03    2.1870000000e+03    3.7500000000e-01   -3.5169872770e+01    9.9460243712e-01    9.9359853681e-01
       192   -3.5132957145e+01    7.3536149653e-01    2.1825777158e+03    2.1840000000e+03    4.3750000000e-01   -3.5169716864e+01    9.9495820357e-01    9.9175824176e-01
       193   -3.5132453248e+01    7.1299998439e-01    2.1734193543e+03    2.1750000000e+03    4.3750000000e-01   -3.5168471614e+01    9.9462507406e-01    9.9172413793e-01
       194   -3.5123956885e+01    7.1693404911e-01    2.1684786391e+03    2.1700000000e+03    4.3750000000e-01   -3.5164425425e+01    9.9530459673e-01    9.9262672811e-01
       195   -3.5140998053e+01    7.2229903099e-01    2.1687363894e+03    2.1700000000e+03    6.2500000000e-01   -3.5162257989e+01    9.9522813697e-01    9.9124423963e-01
       196   -3.5132544278e+01    6.7902691784e-01    2.1650261692e+03    2.1660000000e+03    5.0000000000e-01   -3.5162580834e+01    9.9474687136e-01    9.9492151431e-01
       197   -3.5129557916e+01    6.4946488821e-01    2.1687323143e+03    2.1700000000e+03    5.0000000000e-01   -3.5161022517e+01    9.9515015490e-01    9.9585253456e-01
       198   -3.5126506405e+01    6.7537754341e-01    2.1694550694e+03    2.1710000000e+03    5.0000000000e-01   -3.5162868295e+01    9.9482738609e-01    9.9585444496e-01
       199   -3.5145403456e+01    6.6817215609e-01    2.1798280144e+03    2.1810000000e+03    5.6250000000e-01   -3.5163318357e+01    9.9544759792e-01    9.9449793673e-01
