#  Band    State   TwistIndex BandIndex Energy      Kx      Ky      Kz      K1      K2      K3    KmK 
       0        0       10        0    -0.262502  0.1993  0.1151  0.0287  0.2632 -0.0000  0.0000      1
       1        1       10        1    -0.242085  0.1993  0.1151  0.0287  0.2632 -0.0000  0.0000      1
       2        2       10        2    -0.200500  0.1993  0.1151  0.0287  0.2632 -0.0000  0.0000      1
       3        3       10        3    -0.149077  0.1993  0.1151  0.0287  0.2632 -0.0000  0.0000      1
       4        4       10        4    -0.128133  0.1993  0.1151  0.0287  0.2632 -0.0000  0.0000      1
       5        5       10        5     0.061060  0.1993  0.1151  0.0287  0.2632 -0.0000  0.0000      1
       6        6       10        6     0.077754  0.1993  0.1151  0.0287  0.2632 -0.0000  0.0000      1
       7        7       10        7     0.091044  0.1993  0.1151  0.0287  0.2632 -0.0000  0.0000      1
       8        8       10        8     0.107775  0.1993  0.1151  0.0287  0.2632 -0.0000  0.0000      1
       9        9       10        9     0.125338  0.1993  0.1151  0.0287  0.2632 -0.0000  0.0000      1
      10       10       10       10     0.133280  0.1993  0.1151  0.0287  0.2632 -0.0000  0.0000      1
      11       11       10       11     0.175093  0.1993  0.1151  0.0287  0.2632 -0.0000  0.0000      1
      12       12       10       12     0.176402  0.1993  0.1151  0.0287  0.2632 -0.0000  0.0000      1
      13       13       10       13     0.187914  0.1993  0.1151  0.0287  0.2632 -0.0000  0.0000      1
      14       14       10       14     0.248002  0.1993  0.1151  0.0287  0.2632 -0.0000  0.0000      1
      15       15       10       15     0.266238  0.1993  0.1151  0.0287  0.2632 -0.0000  0.0000      1
      16       16       10       16     0.266435  0.1993  0.1151  0.0287  0.2632 -0.0000  0.0000      1
      17       17       10       17     0.307562  0.1993  0.1151  0.0287  0.2632 -0.0000  0.0000      1
      18       18       10       18     0.310180  0.1993  0.1151  0.0287  0.2632 -0.0000  0.0000      1
      19       19       10       19     0.355595  0.1993  0.1151  0.0287  0.2632 -0.0000  0.0000      1
      20       20       10       20     0.362002  0.1993  0.1151  0.0287  0.2632 -0.0000  0.0000      1
      21       21       10       21     0.428268  0.1993  0.1151  0.0287  0.2632 -0.0000  0.0000      1
      22       22       10       22     0.441509  0.1993  0.1151  0.0287  0.2632 -0.0000  0.0000      1
      23       23       10       23     0.479387  0.1993  0.1151  0.0287  0.2632 -0.0000  0.0000      1
      24       24       10       24     0.489308  0.1993  0.1151  0.0287  0.2632 -0.0000  0.0000      1
      25       25       10       25     0.497902  0.1993  0.1151  0.0287  0.2632 -0.0000  0.0000      1
      26       26       10       26     0.524481  0.1993  0.1151  0.0287  0.2632 -0.0000  0.0000      1
      27       27       10       27     0.530240  0.1993  0.1151  0.0287  0.2632 -0.0000  0.0000      1
      28       28       10       28     0.552688  0.1993  0.1151  0.0287  0.2632 -0.0000  0.0000      1
      29       29       10       29     0.567648  0.1993  0.1151  0.0287  0.2632 -0.0000  0.0000      1
      30       30       10       30     0.571185  0.1993  0.1151  0.0287  0.2632 -0.0000  0.0000      1
      31       31       10       31     0.586449  0.1993  0.1151  0.0287  0.2632 -0.0000  0.0000      1
      32       32       10       32     0.590961  0.1993  0.1151  0.0287  0.2632 -0.0000  0.0000      1
      33       33       10       33     0.598539  0.1993  0.1151  0.0287  0.2632 -0.0000  0.0000      1
      34       34       10       34     0.632826  0.1993  0.1151  0.0287  0.2632 -0.0000  0.0000      1
      35       35       10       35     0.639907  0.1993  0.1151  0.0287  0.2632 -0.0000  0.0000      1
      36       36       10       36     0.679124  0.1993  0.1151  0.0287  0.2632 -0.0000  0.0000      1
      37       37       10       37     0.692143  0.1993  0.1151  0.0287  0.2632 -0.0000  0.0000      1
      38       38       10       38     0.705967  0.1993  0.1151  0.0287  0.2632 -0.0000  0.0000      1
      39       39       10       39     0.706025  0.1993  0.1151  0.0287  0.2632 -0.0000  0.0000      1
      40       40       10       40     0.781752  0.1993  0.1151  0.0287  0.2632 -0.0000  0.0000      1
      41       41       10       41     0.793769  0.1993  0.1151  0.0287  0.2632 -0.0000  0.0000      1
      42       42       10       42     0.801549  0.1993  0.1151  0.0287  0.2632 -0.0000  0.0000      1
      43       43       10       43     0.809457  0.1993  0.1151  0.0287  0.2632 -0.0000  0.0000      1
      44       44       10       44     0.814419  0.1993  0.1151  0.0287  0.2632 -0.0000  0.0000      1
      45       45       10       45     0.832068  0.1993  0.1151  0.0287  0.2632 -0.0000  0.0000      1
      46       46       10       46     0.834199  0.1993  0.1151  0.0287  0.2632 -0.0000  0.0000      1
      47       47       10       47     0.838089  0.1993  0.1151  0.0287  0.2632 -0.0000  0.0000      1
      48       48       10       48     0.845761  0.1993  0.1151  0.0287  0.2632 -0.0000  0.0000      1
      49       49       10       49     0.859465  0.1993  0.1151  0.0287  0.2632 -0.0000  0.0000      1
      50       50       10       50     0.864125  0.1993  0.1151  0.0287  0.2632 -0.0000  0.0000      1
      51       51       10       51     0.864438  0.1993  0.1151  0.0287  0.2632 -0.0000  0.0000      1
      52       52       10       52     0.876199  0.1993  0.1151  0.0287  0.2632 -0.0000  0.0000      1
      53       53       10       53     0.881903  0.1993  0.1151  0.0287  0.2632 -0.0000  0.0000      1
      54       54       10       54     0.883998  0.1993  0.1151  0.0287  0.2632 -0.0000  0.0000      1
      55       55       10       55     0.909815  0.1993  0.1151  0.0287  0.2632 -0.0000  0.0000      1
      56       56       10       56     0.921520  0.1993  0.1151  0.0287  0.2632 -0.0000  0.0000      1
      57       57       10       57     0.969521  0.1993  0.1151  0.0287  0.2632 -0.0000  0.0000      1
      58       58       10       58     0.996137  0.1993  0.1151  0.0287  0.2632 -0.0000  0.0000      1
      59       59       10       59     0.998730  0.1993  0.1151  0.0287  0.2632 -0.0000  0.0000      1
      60       60       10       60     1.007359  0.1993  0.1151  0.0287  0.2632 -0.0000  0.0000      1
      61       61       10       61     1.018217  0.1993  0.1151  0.0287  0.2632 -0.0000  0.0000      1
      62       62       10       62     1.037124  0.1993  0.1151  0.0287  0.2632 -0.0000  0.0000      1
      63       63       10       63     1.043149  0.1993  0.1151  0.0287  0.2632 -0.0000  0.0000      1
      64       64       10       64     1.050999  0.1993  0.1151  0.0287  0.2632 -0.0000  0.0000      1
      65       65       10       65     1.062761  0.1993  0.1151  0.0287  0.2632 -0.0000  0.0000      1
      66       66       10       66     1.088942  0.1993  0.1151  0.0287  0.2632 -0.0000  0.0000      1
      67       67       10       67     1.097186  0.1993  0.1151  0.0287  0.2632 -0.0000  0.0000      1
      68       68       10       68     1.118027  0.1993  0.1151  0.0287  0.2632 -0.0000  0.0000      1
      69       69       10       69     1.121372  0.1993  0.1151  0.0287  0.2632 -0.0000  0.0000      1
      70       70       10       70     1.127220  0.1993  0.1151  0.0287  0.2632 -0.0000  0.0000      1
      71       71       10       71     1.136764  0.1993  0.1151  0.0287  0.2632 -0.0000  0.0000      1
      72       72       10       72     1.152126  0.1993  0.1151  0.0287  0.2632 -0.0000  0.0000      1
      73       73       10       73     1.167038  0.1993  0.1151  0.0287  0.2632 -0.0000  0.0000      1
      74       74       10       74     1.182901  0.1993  0.1151  0.0287  0.2632 -0.0000  0.0000      1
      75       75       10       75     1.186530  0.1993  0.1151  0.0287  0.2632 -0.0000  0.0000      1
      76       76       10       76     1.190190  0.1993  0.1151  0.0287  0.2632 -0.0000  0.0000      1
      77       77       10       77     1.193330  0.1993  0.1151  0.0287  0.2632 -0.0000  0.0000      1
      78       78       10       78     1.216231  0.1993  0.1151  0.0287  0.2632 -0.0000  0.0000      1
      79       79       10       79     1.216537  0.1993  0.1151  0.0287  0.2632 -0.0000  0.0000      1
      80       80       10       80     1.224227  0.1993  0.1151  0.0287  0.2632 -0.0000  0.0000      1
      81       81       10       81     1.234618  0.1993  0.1151  0.0287  0.2632 -0.0000  0.0000      1
      82       82       10       82     1.247642  0.1993  0.1151  0.0287  0.2632 -0.0000  0.0000      1
      83       83       10       83     1.255757  0.1993  0.1151  0.0287  0.2632 -0.0000  0.0000      1
      84       84       10       84     1.261341  0.1993  0.1151  0.0287  0.2632 -0.0000  0.0000      1
      85       85       10       85     1.270465  0.1993  0.1151  0.0287  0.2632 -0.0000  0.0000      1
      86       86       10       86     1.280507  0.1993  0.1151  0.0287  0.2632 -0.0000  0.0000      1
      87       87       10       87     1.290345  0.1993  0.1151  0.0287  0.2632 -0.0000  0.0000      1
      88       88       10       88     1.296814  0.1993  0.1151  0.0287  0.2632 -0.0000  0.0000      1
      89       89       10       89     1.302677  0.1993  0.1151  0.0287  0.2632 -0.0000  0.0000      1
      90       90       10       90     1.304874  0.1993  0.1151  0.0287  0.2632 -0.0000  0.0000      1
      91       91       10       91     1.312860  0.1993  0.1151  0.0287  0.2632 -0.0000  0.0000      1
      92       92       10       92     1.330265  0.1993  0.1151  0.0287  0.2632 -0.0000  0.0000      1
      93       93       10       93     1.332786  0.1993  0.1151  0.0287  0.2632 -0.0000  0.0000      1
      94       94       10       94     1.348118  0.1993  0.1151  0.0287  0.2632 -0.0000  0.0000      1
      95       95       10       95     1.356382  0.1993  0.1151  0.0287  0.2632 -0.0000  0.0000      1
      96       96       10       96     1.362222  0.1993  0.1151  0.0287  0.2632 -0.0000  0.0000      1
      97       97       10       97     1.383862  0.1993  0.1151  0.0287  0.2632 -0.0000  0.0000      1
      98       98       10       98     1.386103  0.1993  0.1151  0.0287  0.2632 -0.0000  0.0000      1
      99       99       10       99     1.391080  0.1993  0.1151  0.0287  0.2632 -0.0000  0.0000      1
