#  Band    State   TwistIndex BandIndex Energy      Kx      Ky      Kz      K1      K2      K3    KmK 
       0        0        6        0    -0.243332  0.2651  0.1531  0.1526  0.3500 -0.0000  0.3500      1
       1        1        6        1    -0.237246  0.2651  0.1531  0.1526  0.3500 -0.0000  0.3500      1
       2        2        6        2    -0.190105  0.2651  0.1531  0.1526  0.3500 -0.0000  0.3500      1
       3        3        6        3    -0.164205  0.2651  0.1531  0.1526  0.3500 -0.0000  0.3500      1
       4        4        6        4    -0.145194  0.2651  0.1531  0.1526  0.3500 -0.0000  0.3500      1
       5        5        6        5     0.042246  0.2651  0.1531  0.1526  0.3500 -0.0000  0.3500      1
       6        6        6        6     0.060607  0.2651  0.1531  0.1526  0.3500 -0.0000  0.3500      1
       7        7        6        7     0.090080  0.2651  0.1531  0.1526  0.3500 -0.0000  0.3500      1
       8        8        6        8     0.096399  0.2651  0.1531  0.1526  0.3500 -0.0000  0.3500      1
       9        9        6        9     0.111630  0.2651  0.1531  0.1526  0.3500 -0.0000  0.3500      1
      10       10        6       10     0.118071  0.2651  0.1531  0.1526  0.3500 -0.0000  0.3500      1
      11       11        6       11     0.171240  0.2651  0.1531  0.1526  0.3500 -0.0000  0.3500      1
      12       12        6       12     0.174791  0.2651  0.1531  0.1526  0.3500 -0.0000  0.3500      1
      13       13        6       13     0.182668  0.2651  0.1531  0.1526  0.3500 -0.0000  0.3500      1
      14       14        6       14     0.247436  0.2651  0.1531  0.1526  0.3500 -0.0000  0.3500      1
      15       15        6       15     0.258598  0.2651  0.1531  0.1526  0.3500 -0.0000  0.3500      1
      16       16        6       16     0.263455  0.2651  0.1531  0.1526  0.3500 -0.0000  0.3500      1
      17       17        6       17     0.315686  0.2651  0.1531  0.1526  0.3500 -0.0000  0.3500      1
      18       18        6       18     0.330667  0.2651  0.1531  0.1526  0.3500 -0.0000  0.3500      1
      19       19        6       19     0.359049  0.2651  0.1531  0.1526  0.3500 -0.0000  0.3500      1
      20       20        6       20     0.380579  0.2651  0.1531  0.1526  0.3500 -0.0000  0.3500      1
      21       21        6       21     0.398927  0.2651  0.1531  0.1526  0.3500 -0.0000  0.3500      1
      22       22        6       22     0.476350  0.2651  0.1531  0.1526  0.3500 -0.0000  0.3500      1
      23       23        6       23     0.497734  0.2651  0.1531  0.1526  0.3500 -0.0000  0.3500      1
      24       24        6       24     0.521118  0.2651  0.1531  0.1526  0.3500 -0.0000  0.3500      1
      25       25        6       25     0.523049  0.2651  0.1531  0.1526  0.3500 -0.0000  0.3500      1
      26       26        6       26     0.528485  0.2651  0.1531  0.1526  0.3500 -0.0000  0.3500      1
      27       27        6       27     0.534028  0.2651  0.1531  0.1526  0.3500 -0.0000  0.3500      1
      28       28        6       28     0.563299  0.2651  0.1531  0.1526  0.3500 -0.0000  0.3500      1
      29       29        6       29     0.606899  0.2651  0.1531  0.1526  0.3500 -0.0000  0.3500      1
      30       30        6       30     0.614181  0.2651  0.1531  0.1526  0.3500 -0.0000  0.3500      1
      31       31        6       31     0.628729  0.2651  0.1531  0.1526  0.3500 -0.0000  0.3500      1
      32       32        6       32     0.643468  0.2651  0.1531  0.1526  0.3500 -0.0000  0.3500      1
      33       33        6       33     0.652633  0.2651  0.1531  0.1526  0.3500 -0.0000  0.3500      1
      34       34        6       34     0.653956  0.2651  0.1531  0.1526  0.3500 -0.0000  0.3500      1
      35       35        6       35     0.670614  0.2651  0.1531  0.1526  0.3500 -0.0000  0.3500      1
      36       36        6       36     0.695057  0.2651  0.1531  0.1526  0.3500 -0.0000  0.3500      1
      37       37        6       37     0.705798  0.2651  0.1531  0.1526  0.3500 -0.0000  0.3500      1
      38       38        6       38     0.715250  0.2651  0.1531  0.1526  0.3500 -0.0000  0.3500      1
      39       39        6       39     0.729591  0.2651  0.1531  0.1526  0.3500 -0.0000  0.3500      1
      40       40        6       40     0.739020  0.2651  0.1531  0.1526  0.3500 -0.0000  0.3500      1
      41       41        6       41     0.743619  0.2651  0.1531  0.1526  0.3500 -0.0000  0.3500      1
      42       42        6       42     0.748947  0.2651  0.1531  0.1526  0.3500 -0.0000  0.3500      1
      43       43        6       43     0.758744  0.2651  0.1531  0.1526  0.3500 -0.0000  0.3500      1
      44       44        6       44     0.760848  0.2651  0.1531  0.1526  0.3500 -0.0000  0.3500      1
      45       45        6       45     0.769740  0.2651  0.1531  0.1526  0.3500 -0.0000  0.3500      1
      46       46        6       46     0.812429  0.2651  0.1531  0.1526  0.3500 -0.0000  0.3500      1
      47       47        6       47     0.817752  0.2651  0.1531  0.1526  0.3500 -0.0000  0.3500      1
      48       48        6       48     0.833219  0.2651  0.1531  0.1526  0.3500 -0.0000  0.3500      1
      49       49        6       49     0.859611  0.2651  0.1531  0.1526  0.3500 -0.0000  0.3500      1
      50       50        6       50     0.873311  0.2651  0.1531  0.1526  0.3500 -0.0000  0.3500      1
      51       51        6       51     0.879601  0.2651  0.1531  0.1526  0.3500 -0.0000  0.3500      1
      52       52        6       52     0.882755  0.2651  0.1531  0.1526  0.3500 -0.0000  0.3500      1
      53       53        6       53     0.905114  0.2651  0.1531  0.1526  0.3500 -0.0000  0.3500      1
      54       54        6       54     0.909712  0.2651  0.1531  0.1526  0.3500 -0.0000  0.3500      1
      55       55        6       55     0.933385  0.2651  0.1531  0.1526  0.3500 -0.0000  0.3500      1
      56       56        6       56     0.956488  0.2651  0.1531  0.1526  0.3500 -0.0000  0.3500      1
      57       57        6       57     0.970564  0.2651  0.1531  0.1526  0.3500 -0.0000  0.3500      1
      58       58        6       58     0.984766  0.2651  0.1531  0.1526  0.3500 -0.0000  0.3500      1
      59       59        6       59     0.986799  0.2651  0.1531  0.1526  0.3500 -0.0000  0.3500      1
      60       60        6       60     0.995378  0.2651  0.1531  0.1526  0.3500 -0.0000  0.3500      1
      61       61        6       61     0.997402  0.2651  0.1531  0.1526  0.3500 -0.0000  0.3500      1
      62       62        6       62     1.020458  0.2651  0.1531  0.1526  0.3500 -0.0000  0.3500      1
      63       63        6       63     1.035456  0.2651  0.1531  0.1526  0.3500 -0.0000  0.3500      1
      64       64        6       64     1.039099  0.2651  0.1531  0.1526  0.3500 -0.0000  0.3500      1
      65       65        6       65     1.041850  0.2651  0.1531  0.1526  0.3500 -0.0000  0.3500      1
      66       66        6       66     1.068547  0.2651  0.1531  0.1526  0.3500 -0.0000  0.3500      1
      67       67        6       67     1.070845  0.2651  0.1531  0.1526  0.3500 -0.0000  0.3500      1
      68       68        6       68     1.075160  0.2651  0.1531  0.1526  0.3500 -0.0000  0.3500      1
      69       69        6       69     1.075308  0.2651  0.1531  0.1526  0.3500 -0.0000  0.3500      1
      70       70        6       70     1.091612  0.2651  0.1531  0.1526  0.3500 -0.0000  0.3500      1
      71       71        6       71     1.114462  0.2651  0.1531  0.1526  0.3500 -0.0000  0.3500      1
      72       72        6       72     1.131211  0.2651  0.1531  0.1526  0.3500 -0.0000  0.3500      1
      73       73        6       73     1.131920  0.2651  0.1531  0.1526  0.3500 -0.0000  0.3500      1
      74       74        6       74     1.132659  0.2651  0.1531  0.1526  0.3500 -0.0000  0.3500      1
      75       75        6       75     1.147177  0.2651  0.1531  0.1526  0.3500 -0.0000  0.3500      1
      76       76        6       76     1.160949  0.2651  0.1531  0.1526  0.3500 -0.0000  0.3500      1
      77       77        6       77     1.173226  0.2651  0.1531  0.1526  0.3500 -0.0000  0.3500      1
      78       78        6       78     1.185365  0.2651  0.1531  0.1526  0.3500 -0.0000  0.3500      1
      79       79        6       79     1.197537  0.2651  0.1531  0.1526  0.3500 -0.0000  0.3500      1
      80       80        6       80     1.198898  0.2651  0.1531  0.1526  0.3500 -0.0000  0.3500      1
      81       81        6       81     1.229668  0.2651  0.1531  0.1526  0.3500 -0.0000  0.3500      1
      82       82        6       82     1.233133  0.2651  0.1531  0.1526  0.3500 -0.0000  0.3500      1
      83       83        6       83     1.238442  0.2651  0.1531  0.1526  0.3500 -0.0000  0.3500      1
      84       84        6       84     1.249252  0.2651  0.1531  0.1526  0.3500 -0.0000  0.3500      1
      85       85        6       85     1.256986  0.2651  0.1531  0.1526  0.3500 -0.0000  0.3500      1
      86       86        6       86     1.272063  0.2651  0.1531  0.1526  0.3500 -0.0000  0.3500      1
      87       87        6       87     1.283846  0.2651  0.1531  0.1526  0.3500 -0.0000  0.3500      1
      88       88        6       88     1.289074  0.2651  0.1531  0.1526  0.3500 -0.0000  0.3500      1
      89       89        6       89     1.290681  0.2651  0.1531  0.1526  0.3500 -0.0000  0.3500      1
      90       90        6       90     1.309090  0.2651  0.1531  0.1526  0.3500 -0.0000  0.3500      1
      91       91        6       91     1.313671  0.2651  0.1531  0.1526  0.3500 -0.0000  0.3500      1
      92       92        6       92     1.335846  0.2651  0.1531  0.1526  0.3500 -0.0000  0.3500      1
      93       93        6       93     1.341421  0.2651  0.1531  0.1526  0.3500 -0.0000  0.3500      1
      94       94        6       94     1.341557  0.2651  0.1531  0.1526  0.3500 -0.0000  0.3500      1
      95       95        6       95     1.372221  0.2651  0.1531  0.1526  0.3500 -0.0000  0.3500      1
      96       96        6       96     1.375749  0.2651  0.1531  0.1526  0.3500 -0.0000  0.3500      1
      97       97        6       97     1.376434  0.2651  0.1531  0.1526  0.3500 -0.0000  0.3500      1
      98       98        6       98     1.391154  0.2651  0.1531  0.1526  0.3500 -0.0000  0.3500      1
      99       99        6       99     1.406480  0.2651  0.1531  0.1526  0.3500 -0.0000  0.3500      1
