#  Band    State   TwistIndex BandIndex Energy      Kx      Ky      Kz      K1      K2      K3    KmK 
       0        0        6        0    -0.276039  0.1196  0.0690  0.0172  0.1579  0.0000 -0.0000      1
       1        1        6        1    -0.252760  0.1196  0.0690  0.0172  0.1579  0.0000 -0.0000      1
       2        2        6        2    -0.208486  0.1196  0.0690  0.0172  0.1579  0.0000 -0.0000      1
       3        3        6        3    -0.133649  0.1196  0.0690  0.0172  0.1579  0.0000 -0.0000      1
       4        4        6        4    -0.116253  0.1196  0.0690  0.0172  0.1579  0.0000 -0.0000      1
       5        5        6        5     0.092015  0.1196  0.0690  0.0172  0.1579  0.0000 -0.0000      1
       6        6        6        6     0.094418  0.1196  0.0690  0.0172  0.1579  0.0000 -0.0000      1
       7        7        6        7     0.118847  0.1196  0.0690  0.0172  0.1579  0.0000 -0.0000      1
       8        8        6        8     0.121863  0.1196  0.0690  0.0172  0.1579  0.0000 -0.0000      1
       9        9        6        9     0.145833  0.1196  0.0690  0.0172  0.1579  0.0000 -0.0000      1
      10       10        6       10     0.160689  0.1196  0.0690  0.0172  0.1579  0.0000 -0.0000      1
      11       11        6       11     0.170757  0.1196  0.0690  0.0172  0.1579  0.0000 -0.0000      1
      12       12        6       12     0.171785  0.1196  0.0690  0.0172  0.1579  0.0000 -0.0000      1
      13       13        6       13     0.189017  0.1196  0.0690  0.0172  0.1579  0.0000 -0.0000      1
      14       14        6       14     0.256245  0.1196  0.0690  0.0172  0.1579  0.0000 -0.0000      1
      15       15        6       15     0.261458  0.1196  0.0690  0.0172  0.1579  0.0000 -0.0000      1
      16       16        6       16     0.267191  0.1196  0.0690  0.0172  0.1579  0.0000 -0.0000      1
      17       17        6       17     0.284607  0.1196  0.0690  0.0172  0.1579  0.0000 -0.0000      1
      18       18        6       18     0.287276  0.1196  0.0690  0.0172  0.1579  0.0000 -0.0000      1
      19       19        6       19     0.316319  0.1196  0.0690  0.0172  0.1579  0.0000 -0.0000      1
      20       20        6       20     0.381333  0.1196  0.0690  0.0172  0.1579  0.0000 -0.0000      1
      21       21        6       21     0.410667  0.1196  0.0690  0.0172  0.1579  0.0000 -0.0000      1
      22       22        6       22     0.455102  0.1196  0.0690  0.0172  0.1579  0.0000 -0.0000      1
      23       23        6       23     0.458120  0.1196  0.0690  0.0172  0.1579  0.0000 -0.0000      1
      24       24        6       24     0.474798  0.1196  0.0690  0.0172  0.1579  0.0000 -0.0000      1
      25       25        6       25     0.484454  0.1196  0.0690  0.0172  0.1579  0.0000 -0.0000      1
      26       26        6       26     0.488646  0.1196  0.0690  0.0172  0.1579  0.0000 -0.0000      1
      27       27        6       27     0.502285  0.1196  0.0690  0.0172  0.1579  0.0000 -0.0000      1
      28       28        6       28     0.537819  0.1196  0.0690  0.0172  0.1579  0.0000 -0.0000      1
      29       29        6       29     0.540202  0.1196  0.0690  0.0172  0.1579  0.0000 -0.0000      1
      30       30        6       30     0.565095  0.1196  0.0690  0.0172  0.1579  0.0000 -0.0000      1
      31       31        6       31     0.566714  0.1196  0.0690  0.0172  0.1579  0.0000 -0.0000      1
      32       32        6       32     0.569671  0.1196  0.0690  0.0172  0.1579  0.0000 -0.0000      1
      33       33        6       33     0.575241  0.1196  0.0690  0.0172  0.1579  0.0000 -0.0000      1
      34       34        6       34     0.598452  0.1196  0.0690  0.0172  0.1579  0.0000 -0.0000      1
      35       35        6       35     0.616662  0.1196  0.0690  0.0172  0.1579  0.0000 -0.0000      1
      36       36        6       36     0.617494  0.1196  0.0690  0.0172  0.1579  0.0000 -0.0000      1
      37       37        6       37     0.651466  0.1196  0.0690  0.0172  0.1579  0.0000 -0.0000      1
      38       38        6       38     0.665297  0.1196  0.0690  0.0172  0.1579  0.0000 -0.0000      1
      39       39        6       39     0.721132  0.1196  0.0690  0.0172  0.1579  0.0000 -0.0000      1
      40       40        6       40     0.756583  0.1196  0.0690  0.0172  0.1579  0.0000 -0.0000      1
      41       41        6       41     0.772587  0.1196  0.0690  0.0172  0.1579  0.0000 -0.0000      1
      42       42        6       42     0.778144  0.1196  0.0690  0.0172  0.1579  0.0000 -0.0000      1
      43       43        6       43     0.792050  0.1196  0.0690  0.0172  0.1579  0.0000 -0.0000      1
      44       44        6       44     0.823240  0.1196  0.0690  0.0172  0.1579  0.0000 -0.0000      1
      45       45        6       45     0.850705  0.1196  0.0690  0.0172  0.1579  0.0000 -0.0000      1
      46       46        6       46     0.852515  0.1196  0.0690  0.0172  0.1579  0.0000 -0.0000      1
      47       47        6       47     0.859910  0.1196  0.0690  0.0172  0.1579  0.0000 -0.0000      1
      48       48        6       48     0.878693  0.1196  0.0690  0.0172  0.1579  0.0000 -0.0000      1
      49       49        6       49     0.890232  0.1196  0.0690  0.0172  0.1579  0.0000 -0.0000      1
      50       50        6       50     0.903542  0.1196  0.0690  0.0172  0.1579  0.0000 -0.0000      1
      51       51        6       51     0.904318  0.1196  0.0690  0.0172  0.1579  0.0000 -0.0000      1
      52       52        6       52     0.919815  0.1196  0.0690  0.0172  0.1579  0.0000 -0.0000      1
      53       53        6       53     0.941753  0.1196  0.0690  0.0172  0.1579  0.0000 -0.0000      1
      54       54        6       54     0.948512  0.1196  0.0690  0.0172  0.1579  0.0000 -0.0000      1
      55       55        6       55     0.949623  0.1196  0.0690  0.0172  0.1579  0.0000 -0.0000      1
      56       56        6       56     0.958649  0.1196  0.0690  0.0172  0.1579  0.0000 -0.0000      1
      57       57        6       57     0.963924  0.1196  0.0690  0.0172  0.1579  0.0000 -0.0000      1
      58       58        6       58     0.993424  0.1196  0.0690  0.0172  0.1579  0.0000 -0.0000      1
      59       59        6       59     1.004088  0.1196  0.0690  0.0172  0.1579  0.0000 -0.0000      1
      60       60        6       60     1.029266  0.1196  0.0690  0.0172  0.1579  0.0000 -0.0000      1
      61       61        6       61     1.036988  0.1196  0.0690  0.0172  0.1579  0.0000 -0.0000      1
      62       62        6       62     1.052628  0.1196  0.0690  0.0172  0.1579  0.0000 -0.0000      1
      63       63        6       63     1.081226  0.1196  0.0690  0.0172  0.1579  0.0000 -0.0000      1
      64       64        6       64     1.089800  0.1196  0.0690  0.0172  0.1579  0.0000 -0.0000      1
      65       65        6       65     1.100883  0.1196  0.0690  0.0172  0.1579  0.0000 -0.0000      1
      66       66        6       66     1.107694  0.1196  0.0690  0.0172  0.1579  0.0000 -0.0000      1
      67       67        6       67     1.111532  0.1196  0.0690  0.0172  0.1579  0.0000 -0.0000      1
      68       68        6       68     1.127824  0.1196  0.0690  0.0172  0.1579  0.0000 -0.0000      1
      69       69        6       69     1.129571  0.1196  0.0690  0.0172  0.1579  0.0000 -0.0000      1
      70       70        6       70     1.135310  0.1196  0.0690  0.0172  0.1579  0.0000 -0.0000      1
      71       71        6       71     1.137531  0.1196  0.0690  0.0172  0.1579  0.0000 -0.0000      1
      72       72        6       72     1.159526  0.1196  0.0690  0.0172  0.1579  0.0000 -0.0000      1
      73       73        6       73     1.195592  0.1196  0.0690  0.0172  0.1579  0.0000 -0.0000      1
      74       74        6       74     1.197860  0.1196  0.0690  0.0172  0.1579  0.0000 -0.0000      1
      75       75        6       75     1.204135  0.1196  0.0690  0.0172  0.1579  0.0000 -0.0000      1
      76       76        6       76     1.218186  0.1196  0.0690  0.0172  0.1579  0.0000 -0.0000      1
      77       77        6       77     1.219485  0.1196  0.0690  0.0172  0.1579  0.0000 -0.0000      1
      78       78        6       78     1.231971  0.1196  0.0690  0.0172  0.1579  0.0000 -0.0000      1
      79       79        6       79     1.233149  0.1196  0.0690  0.0172  0.1579  0.0000 -0.0000      1
      80       80        6       80     1.245188  0.1196  0.0690  0.0172  0.1579  0.0000 -0.0000      1
      81       81        6       81     1.256766  0.1196  0.0690  0.0172  0.1579  0.0000 -0.0000      1
      82       82        6       82     1.256922  0.1196  0.0690  0.0172  0.1579  0.0000 -0.0000      1
      83       83        6       83     1.266036  0.1196  0.0690  0.0172  0.1579  0.0000 -0.0000      1
      84       84        6       84     1.266438  0.1196  0.0690  0.0172  0.1579  0.0000 -0.0000      1
      85       85        6       85     1.281005  0.1196  0.0690  0.0172  0.1579  0.0000 -0.0000      1
      86       86        6       86     1.282943  0.1196  0.0690  0.0172  0.1579  0.0000 -0.0000      1
      87       87        6       87     1.294243  0.1196  0.0690  0.0172  0.1579  0.0000 -0.0000      1
      88       88        6       88     1.301923  0.1196  0.0690  0.0172  0.1579  0.0000 -0.0000      1
      89       89        6       89     1.309729  0.1196  0.0690  0.0172  0.1579  0.0000 -0.0000      1
      90       90        6       90     1.314314  0.1196  0.0690  0.0172  0.1579  0.0000 -0.0000      1
      91       91        6       91     1.326583  0.1196  0.0690  0.0172  0.1579  0.0000 -0.0000      1
      92       92        6       92     1.328254  0.1196  0.0690  0.0172  0.1579  0.0000 -0.0000      1
      93       93        6       93     1.334830  0.1196  0.0690  0.0172  0.1579  0.0000 -0.0000      1
      94       94        6       94     1.338426  0.1196  0.0690  0.0172  0.1579  0.0000 -0.0000      1
      95       95        6       95     1.340304  0.1196  0.0690  0.0172  0.1579  0.0000 -0.0000      1
      96       96        6       96     1.342635  0.1196  0.0690  0.0172  0.1579  0.0000 -0.0000      1
      97       97        6       97     1.349801  0.1196  0.0690  0.0172  0.1579  0.0000 -0.0000      1
      98       98        6       98     1.361705  0.1196  0.0690  0.0172  0.1579  0.0000 -0.0000      1
      99       99        6       99     1.376149  0.1196  0.0690  0.0172  0.1579  0.0000 -0.0000      1
