#   index    LocalEnergy         LocalEnergy_sq      LocalPotential      Kinetic             LocalECP            NonLocalECP         ElecElec            IonIon              BlockWeight         BlockCPU            AcceptRatio         
         0   -3.5427663457e+01    1.2557856622e+03   -4.8189940973e+01    1.2762277516e+01   -9.2115321586e+00    3.7396061351e+00   -6.2999154752e+00   -3.6418099474e+01    2.0469295951e+04    2.2742756450e+00    9.9901724619e-01
         1   -3.5436429155e+01    1.2564184194e+03   -4.8189460377e+01    1.2753031222e+01   -9.2379612619e+00    3.7703119148e+00   -6.3037115553e+00   -3.6418099474e+01    2.0466873701e+04    2.2643893460e+00    9.9891737852e-01
         2   -3.5447456581e+01    1.2572213653e+03   -4.8136438425e+01    1.2688981845e+01   -9.2694366584e+00    3.8587530030e+00   -6.3076552959e+00   -3.6418099474e+01    2.0478850350e+04    2.2764738680e+00    9.9897794738e-01
         3   -3.5450678110e+01    1.2574177979e+03   -4.8169434843e+01    1.2718756734e+01   -9.3216505183e+00    3.8433263398e+00   -6.2730111906e+00   -3.6418099474e+01    2.0476363150e+04    2.2807796020e+00    9.9900754891e-01
         4   -3.5416731154e+01    1.2550103691e+03   -4.8137630242e+01    1.2720899087e+01   -9.2445478404e+00    3.8080144227e+00   -6.2829973497e+00   -3.6418099474e+01    2.0395191788e+04    2.2746069990e+00    9.9899859944e-01
         5   -3.5435894945e+01    1.2563548768e+03   -4.8170317898e+01    1.2734422953e+01   -9.3249603449e+00    3.8763163682e+00   -6.3035744472e+00   -3.6418099474e+01    2.0118629530e+04    2.2434229480e+00    9.9896493197e-01
         6   -3.5450440779e+01    1.2574254390e+03   -4.8179965218e+01    1.2729524439e+01   -9.3022251256e+00    3.8607110297e+00   -6.3203516480e+00   -3.6418099474e+01    2.0011186957e+04    2.2439969150e+00    9.9898948782e-01
         7   -3.5442449784e+01    1.2568549423e+03   -4.8185552337e+01    1.2743102553e+01   -9.2364657220e+00    3.8128338233e+00   -6.3438209640e+00   -3.6418099474e+01    1.9884242354e+04    2.2420503150e+00    9.9899925258e-01
         8   -3.5453790507e+01    1.2577153538e+03   -4.8188179947e+01    1.2734389440e+01   -9.1631897572e+00    3.7502247838e+00   -6.3571154995e+00   -3.6418099474e+01    1.9905890125e+04    2.2487774740e+00    9.9895359189e-01
         9   -3.5484662251e+01    1.2599202792e+03   -4.8179925572e+01    1.2695263320e+01   -9.2342303664e+00    3.8105038207e+00   -6.3380995518e+00   -3.6418099474e+01    2.0024377347e+04    2.2637363870e+00    9.9896847606e-01
        10   -3.5491658536e+01    1.2605160123e+03   -4.8174222174e+01    1.2682563639e+01   -9.2848342677e+00    3.8678145298e+00   -6.3391029622e+00   -3.6418099474e+01    2.0215827212e+04    2.3622631040e+00    9.9901368120e-01
        11   -3.5489507581e+01    1.2603398367e+03   -4.8174610811e+01    1.2685103231e+01   -9.2236246426e+00    3.7939248075e+00   -6.3268115021e+00   -3.6418099474e+01    2.0276076720e+04    2.2577764170e+00    9.9898850348e-01
        12   -3.5488002533e+01    1.2601966641e+03   -4.8126896261e+01    1.2638893729e+01   -9.2797944002e+00    3.8606007422e+00   -6.2896031293e+00   -3.6418099474e+01    2.0337040127e+04    2.2583909580e+00    9.9895118163e-01
        13   -3.5477673475e+01    1.2593857650e+03   -4.8163256808e+01    1.2685583334e+01   -9.3694503197e+00    3.9068235507e+00   -6.2825305652e+00   -3.6418099474e+01    2.0376394365e+04    2.2478620730e+00    9.9892359261e-01
        14   -3.5461384207e+01    1.2582321574e+03   -4.8259436070e+01    1.2798051863e+01   -9.3939534004e+00    3.8498809668e+00   -6.2972641619e+00   -3.6418099474e+01    2.0296036165e+04    2.2543270030e+00    9.9895993186e-01
        15   -3.5457841718e+01    1.2579708351e+03   -4.8244247253e+01    1.2786405535e+01   -9.4081551577e+00    3.8594450974e+00   -6.2774377186e+00   -3.6418099474e+01    2.0292220176e+04    2.2671496390e+00    9.9891401536e-01
        16   -3.5454941719e+01    1.2577431223e+03   -4.8281350391e+01    1.2826408672e+01   -9.4224957472e+00    3.8211557303e+00   -6.2619109001e+00   -3.6418099474e+01    2.0251181185e+04    2.2644688500e+00    9.9898941799e-01
        17   -3.5459082908e+01    1.2580251370e+03   -4.8297631741e+01    1.2838548832e+01   -9.3998732710e+00    3.7894019337e+00   -6.2690609292e+00   -3.6418099474e+01    2.0392533940e+04    2.2579751930e+00    9.9896142745e-01
        18   -3.5471913360e+01    1.2589332260e+03   -4.8263370020e+01    1.2791456660e+01   -9.3682298425e+00    3.7986497697e+00   -6.2756904733e+00   -3.6418099474e+01    2.0322990366e+04    2.2452227360e+00    9.9897175761e-01
        19   -3.5452362456e+01    1.2575555261e+03   -4.8182101867e+01    1.2729739411e+01   -9.3581453437e+00    3.8767106983e+00   -6.2825677472e+00   -3.6418099474e+01    2.0261300966e+04    2.2291491020e+00    9.9898115309e-01
        20   -3.5448019696e+01    1.2572498467e+03   -4.8141327466e+01    1.2693307770e+01   -9.2385348352e+00    3.8053236812e+00   -6.2900168377e+00   -3.6418099474e+01    2.0255193833e+04    2.2286884480e+00    9.9905314384e-01
        21   -3.5428922641e+01    1.2558823223e+03   -4.8201761293e+01    1.2772838651e+01   -9.1898017122e+00    3.7281320919e+00   -6.3219921980e+00   -3.6418099474e+01    2.0175841110e+04    2.2341734300e+00    9.9900887061e-01
        22   -3.5434069284e+01    1.2562539716e+03   -4.8235108526e+01    1.2801039242e+01   -9.2612980564e+00    3.7464572883e+00   -6.3021682834e+00   -3.6418099474e+01    2.0118818891e+04    2.2169055290e+00    9.9898643851e-01
        23   -3.5447572399e+01    1.2572120298e+03   -4.8236246701e+01    1.2788674302e+01   -9.2946138069e+00    3.7539413871e+00   -6.2774748070e+00   -3.6418099474e+01    2.0057121198e+04    2.2135381730e+00    9.9895644122e-01
        24   -3.5452121895e+01    1.2575250125e+03   -4.8219885650e+01    1.2767763755e+01   -9.2746302611e+00    3.7398816285e+00   -6.2670375434e+00   -3.6418099474e+01    2.0063273469e+04    2.2100571240e+00    9.9895314058e-01
        25   -3.5442054331e+01    1.2568213882e+03   -4.8180439954e+01    1.2738385623e+01   -9.2635691005e+00    3.8329778784e+00   -6.3317492573e+00   -3.6418099474e+01    2.0049207802e+04    2.2146224750e+00    9.9898101699e-01
        26   -3.5443878970e+01    1.2569748098e+03   -4.8244273084e+01    1.2800394114e+01   -9.2060932870e+00    3.7148370275e+00   -6.3349173499e+00   -3.6418099474e+01    1.9917238306e+04    2.1952196890e+00    9.9905127764e-01
        27   -3.5445661771e+01    1.2571260856e+03   -4.8269738992e+01    1.2824077221e+01   -9.1513348416e+00    3.6083282407e+00   -6.3086329169e+00   -3.6418099474e+01    1.9927581568e+04    2.1996663170e+00    9.9904099865e-01
        28   -3.5443131032e+01    1.2569414071e+03   -4.8192596113e+01    1.2749465080e+01   -9.1299047567e+00    3.6410308514e+00   -6.2856227331e+00   -3.6418099474e+01    2.0106305885e+04    2.2232831080e+00    9.9896081288e-01
        29   -3.5448074985e+01    1.2572519293e+03   -4.8151731370e+01    1.2703656385e+01   -9.1428449111e+00    3.6651673543e+00   -6.2559543391e+00   -3.6418099474e+01    2.0177947580e+04    2.2199540080e+00    9.9891313583e-01
        30   -3.5448432524e+01    1.2573474198e+03   -4.8255050832e+01    1.2806618308e+01   -9.2392604013e+00    3.6935117160e+00   -6.2912026724e+00   -3.6418099474e+01    2.0358027610e+04    2.2338239500e+00    9.9902986541e-01
        31   -3.5440279309e+01    1.2567267046e+03   -4.8168318540e+01    1.2728039232e+01   -9.2930159218e+00    3.8294354236e+00   -6.2866385680e+00   -3.6418099474e+01    2.0505140062e+04    2.2699383660e+00    9.9895859456e-01
        32   -3.5422392043e+01    1.2554542031e+03   -4.8181910193e+01    1.2759518150e+01   -9.2923853342e+00    3.8032022171e+00   -6.2746276014e+00   -3.6418099474e+01    2.0358916464e+04    2.2382937960e+00    9.9897753739e-01
        33   -3.5428267197e+01    1.2558550637e+03   -4.8186342284e+01    1.2758075087e+01   -9.3273606655e+00    3.8151766922e+00   -6.2560588369e+00   -3.6418099474e+01    2.0331378723e+04    2.2252899970e+00    9.9897959184e-01
        34   -3.5470514014e+01    1.2588901011e+03   -4.8247197946e+01    1.2776683933e+01   -9.3362362052e+00    3.7656706085e+00   -6.2585328755e+00   -3.6418099474e+01    2.0408469023e+04    2.2429098380e+00    9.9904955611e-01
        35   -3.5474693767e+01    1.2592083204e+03   -4.8189702284e+01    1.2715008517e+01   -9.3357581185e+00    3.8346283593e+00   -6.2704730510e+00   -3.6418099474e+01    2.0554078283e+04    2.2651902690e+00    9.9895029545e-01
        36   -3.5452836670e+01    1.2576464983e+03   -4.8199650248e+01    1.2746813578e+01   -9.3814635647e+00    3.8658794643e+00   -6.2659666736e+00   -3.6418099474e+01    2.0669766262e+04    2.2775723170e+00    9.9897031181e-01
        37   -3.5440264916e+01    1.2567397948e+03   -4.8259922512e+01    1.2819657596e+01   -9.4137149821e+00    3.8383911468e+00   -6.2664992027e+00   -3.6418099474e+01    2.0537883192e+04    2.2876388260e+00    9.9901764415e-01
        38   -3.5441615811e+01    1.2568401262e+03   -4.8184619034e+01    1.2743003223e+01   -9.4228856609e+00    3.9397050962e+00   -6.2833389948e+00   -3.6418099474e+01    2.0598614207e+04    2.2893457950e+00    9.9897374735e-01
        39   -3.5451438876e+01    1.2575747234e+03   -4.8221167046e+01    1.2769728170e+01   -9.3870869032e+00    3.8792537859e+00   -6.2952344544e+00   -3.6418099474e+01    2.0823652267e+04    2.2867511380e+00    9.9895053811e-01
        40   -3.5449495941e+01    1.2573992519e+03   -4.8133504573e+01    1.2684008632e+01   -9.3500870080e+00    3.9289083568e+00   -6.2942264473e+00   -3.6418099474e+01    2.0793032354e+04    2.2824211920e+00    9.9905206108e-01
        41   -3.5447795088e+01    1.2572634921e+03   -4.8135081735e+01    1.2687286647e+01   -9.3040806561e+00    3.8866771462e+00   -6.2995787510e+00   -3.6418099474e+01    2.0760236135e+04    2.2882853990e+00    9.9896799406e-01
        42   -3.5431978071e+01    1.2561494054e+03   -4.8111338824e+01    1.2679360753e+01   -9.3005384939e+00    3.8972047956e+00   -6.2899056518e+00   -3.6418099474e+01    2.0684096599e+04    2.2806751550e+00    9.9895049368e-01
        43   -3.5441481685e+01    1.2568843178e+03   -4.8209110692e+01    1.2767629007e+01   -9.3290695168e+00    3.8238969755e+00   -6.2858386764e+00   -3.6418099474e+01    2.0718869881e+04    2.2837882290e+00    9.9900219208e-01
        44   -3.5435278855e+01    1.2563721026e+03   -4.8296031667e+01    1.2860752812e+01   -9.4224608981e+00    3.8372902456e+00   -6.2927615406e+00   -3.6418099474e+01    2.0724391735e+04    2.2744271460e+00    9.9900420371e-01
        45   -3.5425688146e+01    1.2557102860e+03   -4.8289908849e+01    1.2864220703e+01   -9.4720590919e+00    3.9111285943e+00   -6.3108788776e+00   -3.6418099474e+01    2.0684590156e+04    2.2831599250e+00    9.9897303306e-01
        46   -3.5443928335e+01    1.2570542097e+03   -4.8202958050e+01    1.2759029715e+01   -9.4316820262e+00    3.9456075448e+00   -6.2987840942e+00   -3.6418099474e+01    2.0709407780e+04    2.2837338540e+00    9.9904994103e-01
        47   -3.5444031475e+01    1.2570230561e+03   -4.8217110168e+01    1.2773078692e+01   -9.4643469207e+00    3.9877550843e+00   -6.3224188570e+00   -3.6418099474e+01    2.0660948142e+04    2.2867142240e+00    9.9890423649e-01
        48   -3.5448619365e+01    1.2573324918e+03   -4.8139785300e+01    1.2691165935e+01   -9.4689429072e+00    4.0481095751e+00   -6.3008524936e+00   -3.6418099474e+01    2.0694388384e+04    2.2808736910e+00    9.9896120211e-01
        49   -3.5459816342e+01    1.2581192046e+03   -4.8188350414e+01    1.2728534072e+01   -9.4349119749e+00    3.9574706238e+00   -6.2928095883e+00   -3.6418099474e+01    2.0691887056e+04    2.2803586880e+00    9.9892815719e-01
        50   -3.5464133305e+01    1.2584361679e+03   -4.8144488551e+01    1.2680355246e+01   -9.4578944190e+00    4.0130846368e+00   -6.2815792949e+00   -3.6418099474e+01    2.0809689432e+04    2.2766910340e+00    9.9904578843e-01
        51   -3.5478549146e+01    1.2595540681e+03   -4.8227593336e+01    1.2749044190e+01   -9.5334736379e+00    3.9875701362e+00   -6.2635903602e+00   -3.6418099474e+01    2.0971300860e+04    2.3027286260e+00    9.9907525358e-01
        52   -3.5489081064e+01    1.2602421591e+03   -4.8197173008e+01    1.2708091943e+01   -9.5581077568e+00    4.0511394156e+00   -6.2721051922e+00   -3.6418099474e+01    2.0987931418e+04    2.2974400400e+00    9.9896694918e-01
        53   -3.5499228867e+01    1.2609766991e+03   -4.8155600799e+01    1.2656371932e+01   -9.5249825741e+00    4.0851890664e+00   -6.2977078175e+00   -3.6418099474e+01    2.0929343705e+04    2.2887401910e+00    9.9896052380e-01
        54   -3.5467124983e+01    1.2586288154e+03   -4.8089021141e+01    1.2621896158e+01   -9.4691948346e+00    4.0952737424e+00   -6.2970005743e+00   -3.6418099474e+01    2.0965253343e+04    2.3144297420e+00    9.9896946903e-01
        55   -3.5457962692e+01    1.2580099247e+03   -4.8190184572e+01    1.2732221881e+01   -9.3109059043e+00    3.8356003082e+00   -6.2967795022e+00   -3.6418099474e+01    2.0853024542e+04    2.2989698130e+00    9.9894686010e-01
        56   -3.5456082651e+01    1.2578757202e+03   -4.8125273202e+01    1.2669190551e+01   -9.2384724983e+00    3.8158375794e+00   -6.2845388089e+00   -3.6418099474e+01    2.0788576622e+04    2.2932836020e+00    9.9896933426e-01
        57   -3.5427330160e+01    1.2558095129e+03   -4.8068506735e+01    1.2641176575e+01   -9.2397647800e+00    3.8993427653e+00   -6.3099852464e+00   -3.6418099474e+01    2.0871010699e+04    2.3037428380e+00    9.9897372742e-01
        58   -3.5427301861e+01    1.2557684350e+03   -4.8187996613e+01    1.2760694753e+01   -9.2338195323e+00    3.7614147080e+00   -6.2974923150e+00   -3.6418099474e+01    2.0850866056e+04    2.2963693330e+00    9.9906862074e-01
        59   -3.5434652867e+01    1.2562902460e+03   -4.8214418653e+01    1.2779765786e+01   -9.2180068139e+00    3.7054818521e+00   -6.2837942167e+00   -3.6418099474e+01    2.0842328742e+04    2.2938663600e+00    9.9897738952e-01
        60   -3.5443734735e+01    1.2569516004e+03   -4.8193554190e+01    1.2749819455e+01   -9.2089219813e+00    3.7006276139e+00   -6.2671603484e+00   -3.6418099474e+01    2.0778395828e+04    2.3012968700e+00    9.9900158784e-01
        61   -3.5437359439e+01    1.2565681762e+03   -4.8128385809e+01    1.2691026370e+01   -9.2581808940e+00    3.8217595760e+00   -6.2738650167e+00   -3.6418099474e+01    2.0593781380e+04    2.2946147000e+00    9.9905330615e-01
        62   -3.5447057275e+01    1.2572847259e+03   -4.8104814488e+01    1.2657757212e+01   -9.3382256375e+00    3.9221768382e+00   -6.2706662141e+00   -3.6418099474e+01    2.0520962232e+04    2.2827709370e+00    9.9900460111e-01
        63   -3.5466310245e+01    1.2587133951e+03   -4.8187633594e+01    1.2721323349e+01   -9.3257879227e+00    3.8249825360e+00   -6.2687287329e+00   -3.6418099474e+01    2.0424638341e+04    2.2556911880e+00    9.9896295312e-01
        64   -3.5456650651e+01    1.2578859741e+03   -4.8160810840e+01    1.2704160189e+01   -9.2387216894e+00    3.7337168652e+00   -6.2377065417e+00   -3.6418099474e+01    2.0465362170e+04    2.2606303040e+00    9.9894064839e-01
        65   -3.5437988033e+01    1.2565576164e+03   -4.8239422002e+01    1.2801433970e+01   -9.2494044115e+00    3.7070607823e+00   -6.2789788990e+00   -3.6418099474e+01    2.0513005719e+04    2.2939260730e+00    9.9898859427e-01
        66   -3.5430814292e+01    1.2560314658e+03   -4.8180309013e+01    1.2749494721e+01   -9.2681080902e+00    3.8006054646e+00   -6.2947069133e+00   -3.6418099474e+01    2.0430171369e+04    2.2601404540e+00    9.9896705770e-01
        67   -3.5428442787e+01    1.2558465570e+03   -4.8145555585e+01    1.2717112798e+01   -9.3399786433e+00    3.9056068250e+00   -6.2930842928e+00   -3.6418099474e+01    2.0494178350e+04    2.2803908500e+00    9.9897904427e-01
        68   -3.5448509217e+01    1.2574172187e+03   -4.8199775408e+01    1.2751266191e+01   -9.3839751488e+00    3.8786744415e+00   -6.2763752266e+00   -3.6418099474e+01    2.0409330014e+04    2.2479396250e+00    9.9900958914e-01
        69   -3.5445354954e+01    1.2570589628e+03   -4.8243458444e+01    1.2798103490e+01   -9.3972193434e+00    3.8666711817e+00   -6.2948108078e+00   -3.6418099474e+01    2.0320280377e+04    2.2376914100e+00    9.9899641451e-01
        70   -3.5451477037e+01    1.2574819144e+03   -4.8274094453e+01    1.2822617416e+01   -9.4223538836e+00    3.8793226366e+00   -6.3129637317e+00   -3.6418099474e+01    2.0272243552e+04    2.2226659280e+00    9.9897631968e-01
        71   -3.5441858690e+01    1.2567841940e+03   -4.8267701081e+01    1.2825842390e+01   -9.4288364507e+00    3.9002499524e+00   -6.3210151081e+00   -3.6418099474e+01    2.0178914023e+04    2.2225037980e+00    9.9899112187e-01
        72   -3.5435643198e+01    1.2563377789e+03   -4.8245208064e+01    1.2809564866e+01   -9.3975746702e+00    3.8813888794e+00   -6.3109227994e+00   -3.6418099474e+01    2.0217978557e+04    2.2230437160e+00    9.9894895638e-01
        73   -3.5453825061e+01    1.2576576533e+03   -4.8263963845e+01    1.2810138785e+01   -9.3231791243e+00    3.7805658692e+00   -6.3032511158e+00   -3.6418099474e+01    2.0312177196e+04    2.2278319970e+00    9.9896075121e-01
        74   -3.5444020959e+01    1.2569790550e+03   -4.8200834379e+01    1.2756813420e+01   -9.3346021934e+00    3.8488033584e+00   -6.2969360697e+00   -3.6418099474e+01    2.0406590469e+04    2.2416475150e+00    9.9889393695e-01
        75   -3.5457137139e+01    1.2578916983e+03   -4.8304530948e+01    1.2847393809e+01   -9.3736296342e+00    3.7632031956e+00   -6.2760050352e+00   -3.6418099474e+01    2.0475264964e+04    2.2631677080e+00    9.9905106128e-01
        76   -3.5455242532e+01    1.2577476644e+03   -4.8315354717e+01    1.2860112185e+01   -9.3878947587e+00    3.7436462425e+00   -6.2530067266e+00   -3.6418099474e+01    2.0469409323e+04    2.2597512800e+00    9.9895655937e-01
        77   -3.5427551978e+01    1.2557768279e+03   -4.8276012476e+01    1.2848460499e+01   -9.3980477556e+00    3.8247788338e+00   -6.2846440805e+00   -3.6418099474e+01    2.0487405833e+04    2.2898206820e+00    9.9902749505e-01
        78   -3.5428459135e+01    1.2558630120e+03   -4.8196835554e+01    1.2768376419e+01   -9.4322666203e+00    3.9297898076e+00   -6.2762592671e+00   -3.6418099474e+01    2.0557673161e+04    2.2904979680e+00    9.9900132693e-01
        79   -3.5409892529e+01    1.2545856119e+03   -4.8213889911e+01    1.2803997382e+01   -9.4159438296e+00    3.8690447354e+00   -6.2488913427e+00   -3.6418099474e+01    2.0508473173e+04    2.3033017670e+00    9.9897471783e-01
        80   -3.5415061813e+01    1.2549216963e+03   -4.8286573390e+01    1.2871511577e+01   -9.3370203235e+00    3.7393515911e+00   -6.2708051839e+00   -3.6418099474e+01    2.0396765157e+04    2.2563045550e+00    9.9901450067e-01
        81   -3.5445155998e+01    1.2570979813e+03   -4.8304579185e+01    1.2859423187e+01   -9.3013784296e+00    3.7040138655e+00   -6.2891151468e+00   -3.6418099474e+01    2.0333973135e+04    2.2463111820e+00    9.9898481080e-01
        82   -3.5469509280e+01    1.2588231150e+03   -4.8204034935e+01    1.2734525655e+01   -9.2790109793e+00    3.7823398482e+00   -6.2892643302e+00   -3.6418099474e+01    2.0432733151e+04    2.2584236220e+00    9.9902095164e-01
        83   -3.5461402261e+01    1.2582561892e+03   -4.8244199690e+01    1.2782797429e+01   -9.3749571800e+00    3.8428416525e+00   -6.2939846884e+00   -3.6418099474e+01    2.0470588029e+04    2.2729128190e+00    9.9895306960e-01
        84   -3.5452725203e+01    1.2576017156e+03   -4.8253854045e+01    1.2801128842e+01   -9.3190107083e+00    3.7927392577e+00   -6.3094831204e+00   -3.6418099474e+01    2.0441052979e+04    2.2594394480e+00    9.9894464635e-01
        85   -3.5456029187e+01    1.2578098313e+03   -4.8222807681e+01    1.2766778494e+01   -9.2224872036e+00    3.7704513724e+00   -6.3526723758e+00   -3.6418099474e+01    2.0505227049e+04    2.2772743990e+00    9.9905419152e-01
        86   -3.5451625997e+01    1.2574882824e+03   -4.8191844547e+01    1.2740218550e+01   -9.2712839140e+00    3.8197039444e+00   -6.3221651035e+00   -3.6418099474e+01    2.0497113625e+04    2.2787929930e+00    9.9900333847e-01
        87   -3.5451947500e+01    1.2574868631e+03   -4.8232948948e+01    1.2781001448e+01   -9.2790510173e+00    3.7835328240e+00   -6.3193312804e+00   -3.6418099474e+01    2.0333879867e+04    2.2343397140e+00    9.9894431017e-01
        88   -3.5444763277e+01    1.2570048366e+03   -4.8359142655e+01    1.2914379378e+01   -9.3008254410e+00    3.7035270212e+00   -6.3437447614e+00   -3.6418099474e+01    2.0310701544e+04    2.2270617620e+00    9.9894140817e-01
        89   -3.5452157708e+01    1.2575812183e+03   -4.8353862072e+01    1.2901704364e+01   -9.3519832534e+00    3.7262987998e+00   -6.3100781440e+00   -3.6418099474e+01    2.0369750755e+04    2.2373176860e+00    9.9896897093e-01
        90   -3.5447895374e+01    1.2572411154e+03   -4.8296647362e+01    1.2848751988e+01   -9.3619297937e+00    3.8065509140e+00   -6.3231690079e+00   -3.6418099474e+01    2.0326030583e+04    2.2303014330e+00    9.9896503251e-01
        91   -3.5452853885e+01    1.2576420351e+03   -4.8312468834e+01    1.2859614949e+01   -9.3246785174e+00    3.7277894127e+00   -6.2974802552e+00   -3.6418099474e+01    2.0442175344e+04    2.2420541040e+00    9.9894644517e-01
        92   -3.5444693202e+01    1.2570369802e+03   -4.8252659696e+01    1.2807966494e+01   -9.3441235201e+00    3.8281321594e+00   -6.3185688611e+00   -3.6418099474e+01    2.0304158472e+04    2.2367879930e+00    9.9891471068e-01
        93   -3.5465666734e+01    1.2585356599e+03   -4.8208157435e+01    1.2742490702e+01   -9.3767623578e+00    3.9013023678e+00   -6.3145979713e+00   -3.6418099474e+01    2.0147478404e+04    2.2174870780e+00    9.9900700065e-01
        94   -3.5429696852e+01    1.2559815296e+03   -4.8180980299e+01    1.2751283448e+01   -9.4028477367e+00    3.9361407463e+00   -6.2961738348e+00   -3.6418099474e+01    2.0127690682e+04    2.2213304160e+00    9.9900813366e-01
        95   -3.5441317610e+01    1.2567740176e+03   -4.8295959076e+01    1.2854641466e+01   -9.3781966943e+00    3.8020730167e+00   -6.3017359241e+00   -3.6418099474e+01    2.0130531790e+04    2.2241818380e+00    9.9892479223e-01
        96   -3.5436848838e+01    1.2564382651e+03   -4.8333833244e+01    1.2896984407e+01   -9.3579858085e+00    3.7535859618e+00   -6.3113339235e+00   -3.6418099474e+01    2.0150936888e+04    2.2307751800e+00    9.9899149238e-01
        97   -3.5438146234e+01    1.2565230021e+03   -4.8305699272e+01    1.2867553038e+01   -9.3401397496e+00    3.7493580899e+00   -6.2968181380e+00   -3.6418099474e+01    2.0069807774e+04    2.2219011820e+00    9.9905321906e-01
        98   -3.5445677642e+01    1.2570869265e+03   -4.8345764435e+01    1.2900086793e+01   -9.3575763839e+00    3.7293612004e+00   -6.2994497773e+00   -3.6418099474e+01    2.0017611831e+04    2.2123546280e+00    9.9899534611e-01
        99   -3.5451616837e+01    1.2575197854e+03   -4.8216088228e+01    1.2764471391e+01   -9.3578481073e+00    3.8556333714e+00   -6.2957740183e+00   -3.6418099474e+01    2.0061455350e+04    2.2094274260e+00    9.9897969359e-01
       100   -3.5458486882e+01    1.2580193382e+03   -4.8235406321e+01    1.2776919439e+01   -9.3295135801e+00    3.7969967302e+00   -6.2847899970e+00   -3.6418099474e+01    2.0092144760e+04    2.2088833690e+00    9.9898116670e-01
       101   -3.5433311432e+01    1.2562269541e+03   -4.8163169084e+01    1.2729857652e+01   -9.3802110215e+00    3.9093379826e+00   -6.2741965705e+00   -3.6418099474e+01    2.0256176468e+04    2.2364375250e+00    9.9899329332e-01
       102   -3.5433946228e+01    1.2562638636e+03   -4.8204312485e+01    1.2770366258e+01   -9.4235433500e+00    3.9000473342e+00   -6.2627169955e+00   -3.6418099474e+01    2.0276996832e+04    2.2296575540e+00    9.9898729094e-01
       103   -3.5432444028e+01    1.2561599925e+03   -4.8304908316e+01    1.2872464288e+01   -9.3770088920e+00    3.7671322381e+00   -6.2769321876e+00   -3.6418099474e+01    2.0369537428e+04    2.2419917130e+00    9.9890080222e-01
       104   -3.5446300370e+01    1.2571099607e+03   -4.8251359402e+01    1.2805059033e+01   -9.3257943821e+00    3.7686660451e+00   -6.2761315911e+00   -3.6418099474e+01    2.0328729310e+04    2.2375086460e+00    9.9893004723e-01
       105   -3.5446060378e+01    1.2571058372e+03   -4.8167502314e+01    1.2721441936e+01   -9.2826255497e+00    3.8165240511e+00   -6.2833013416e+00   -3.6418099474e+01    2.0320419648e+04    2.2395861590e+00    9.9894890778e-01
       106   -3.5447052799e+01    1.2571560853e+03   -4.8149058638e+01    1.2702005838e+01   -9.2716002904e+00    3.8532542702e+00   -6.3126131433e+00   -3.6418099474e+01    2.0337899883e+04    2.2384392850e+00    9.9894281359e-01
       107   -3.5451430819e+01    1.2574993646e+03   -4.8092658890e+01    1.2641228071e+01   -9.2865602985e+00    3.9275706061e+00   -6.3155697233e+00   -3.6418099474e+01    2.0533162899e+04    2.2808284220e+00    9.9900856461e-01
       108   -3.5472565878e+01    1.2589930529e+03   -4.8224862362e+01    1.2752296484e+01   -9.3194343229e+00    3.8190920761e+00   -6.3064206412e+00   -3.6418099474e+01    2.0646293057e+04    2.2989897830e+00    9.9897751573e-01
       109   -3.5472817612e+01    1.2590093214e+03   -4.8104406185e+01    1.2631588572e+01   -9.3364292473e+00    3.9568813000e+00   -6.3067587632e+00   -3.6418099474e+01    2.0753593407e+04    2.2832686090e+00    9.9903274885e-01
       110   -3.5453181361e+01    1.2576226482e+03   -4.8157205975e+01    1.2704024614e+01   -9.3411382536e+00    3.9339376235e+00   -6.3319058703e+00   -3.6418099474e+01    2.0711549339e+04    2.2898365670e+00    9.9902062887e-01
       111   -3.5459282286e+01    1.2580554709e+03   -4.8222962719e+01    1.2763680433e+01   -9.3446093844e+00    3.8824295845e+00   -6.3426834445e+00   -3.6418099474e+01    2.0575857838e+04    2.2822855330e+00    9.9897066482e-01
       112   -3.5463681045e+01    1.2583546535e+03   -4.8201359861e+01    1.2737678816e+01   -9.2827518487e+00    3.8250045438e+00   -6.3255130817e+00   -3.6418099474e+01    2.0561162172e+04    2.2901110990e+00    9.9898549818e-01
       113   -3.5443681427e+01    1.2569821894e+03   -4.8127123772e+01    1.2683442345e+01   -9.2251942835e+00    3.8491229037e+00   -6.3329529183e+00   -3.6418099474e+01    2.0623547903e+04    2.2787416050e+00    9.9899571969e-01
       114   -3.5466308162e+01    1.2586059615e+03   -4.8188085124e+01    1.2721776963e+01   -9.2293745115e+00    3.8119252625e+00   -6.3525364014e+00   -3.6418099474e+01    2.0665210523e+04    2.2876378030e+00    9.9892151983e-01
       115   -3.5460884079e+01    1.2581680040e+03   -4.8102773109e+01    1.2641889030e+01   -9.2435767532e+00    3.9092660686e+00   -6.3503629504e+00   -3.6418099474e+01    2.0671304668e+04    2.2823512310e+00    9.9891842955e-01
       116   -3.5465636542e+01    1.2584946161e+03   -4.8250110098e+01    1.2784473556e+01   -9.2169937779e+00    3.7513727890e+00   -6.3663896344e+00   -3.6418099474e+01    2.0567352835e+04    2.2919457270e+00    9.9902400056e-01
       117   -3.5473502896e+01    1.2590698760e+03   -4.8190398244e+01    1.2716895347e+01   -9.1941928140e+00    3.7245175378e+00   -6.3026234932e+00   -3.6418099474e+01    2.0507519382e+04    2.2690266140e+00    9.9904369395e-01
       118   -3.5466141168e+01    1.2585471837e+03   -4.8224236084e+01    1.2758094916e+01   -9.2114479892e+00    3.7026595924e+00   -6.2973482127e+00   -3.6418099474e+01    2.0576578912e+04    2.2845766590e+00    9.9895672763e-01
       119   -3.5463298261e+01    1.2583630344e+03   -4.8241328160e+01    1.2778029899e+01   -9.2609769741e+00    3.7591154553e+00   -6.3213671668e+00   -3.6418099474e+01    2.0717604627e+04    2.2952123100e+00    9.9896392886e-01
       120   -3.5449670735e+01    1.2573676876e+03   -4.8153586600e+01    1.2703915866e+01   -9.2957500623e+00    3.8604481463e+00   -6.3001852102e+00   -3.6418099474e+01    2.0823790187e+04    2.3007847500e+00    9.9901913039e-01
       121   -3.5454033677e+01    1.2576869784e+03   -4.8162099572e+01    1.2708065895e+01   -9.2434688144e+00    3.8038299126e+00   -6.3043611961e+00   -3.6418099474e+01    2.0873743065e+04    2.3052257700e+00    9.9902490095e-01
       122   -3.5462306074e+01    1.2583164513e+03   -4.8125744248e+01    1.2663438174e+01   -9.3357854349e+00    3.9331581523e+00   -6.3050174908e+00   -3.6418099474e+01    2.1006189867e+04    2.3174288090e+00    9.9901232805e-01
       123   -3.5441053974e+01    1.2567859134e+03   -4.8059788764e+01    1.2618734789e+01   -9.3297874466e+00    3.9997832813e+00   -6.3116851241e+00   -3.6418099474e+01    2.0988080487e+04    2.3164981390e+00    9.9900486510e-01
       124   -3.5450250863e+01    1.2574642672e+03   -4.8212843504e+01    1.2762592642e+01   -9.2250778123e+00    3.7509669464e+00   -6.3206331641e+00   -3.6418099474e+01    2.0948994820e+04    2.3040732220e+00    9.9895348996e-01
       125   -3.5463175837e+01    1.2583846379e+03   -4.8143046074e+01    1.2679870236e+01   -9.2395687904e+00    3.8323435559e+00   -6.3177213649e+00   -3.6418099474e+01    2.0810948650e+04    2.3005035620e+00    9.9900812718e-01
       126   -3.5466138593e+01    1.2585837874e+03   -4.8259904440e+01    1.2793765847e+01   -9.2922207016e+00    3.7843354433e+00   -6.3339197080e+00   -3.6418099474e+01    2.0782463851e+04    2.2978964660e+00    9.9892592491e-01
       127   -3.5441728314e+01    1.2568200748e+03   -4.8309718234e+01    1.2867989920e+01   -9.2734388016e+00    3.7360319809e+00   -6.3542119393e+00   -3.6418099474e+01    2.0652653825e+04    2.2855830720e+00    9.9906633839e-01
       128   -3.5433406522e+01    1.2561798095e+03   -4.8237051026e+01    1.2803644504e+01   -9.3261738142e+00    3.8712010116e+00   -6.3639787493e+00   -3.6418099474e+01    2.0566590820e+04    2.2863364810e+00    9.9896004778e-01
       129   -3.5419301405e+01    1.2551981887e+03   -4.8141582465e+01    1.2722281060e+01   -9.2912779694e+00    3.9179815357e+00   -6.3501865570e+00   -3.6418099474e+01    2.0594423913e+04    2.2941998880e+00    9.9900148391e-01
       130   -3.5427001952e+01    1.2557353349e+03   -4.8167747351e+01    1.2740745399e+01   -9.2725236368e+00    3.8868490551e+00   -6.3639732956e+00   -3.6418099474e+01    2.0487953343e+04    2.2733534220e+00    9.9904322730e-01
       131   -3.5416323857e+01    1.2549939497e+03   -4.8113011620e+01    1.2696687763e+01   -9.2827403630e+00    3.9237882095e+00   -6.3359599921e+00   -3.6418099474e+01    2.0378321981e+04    2.2422543800e+00    9.9897153229e-01
       132   -3.5418911136e+01    1.2552274775e+03   -4.8153415795e+01    1.2734504660e+01   -9.2638606570e+00    3.8434144193e+00   -6.3148700833e+00   -3.6418099474e+01    2.0426422437e+04    2.2663559950e+00    9.9897045251e-01
       133   -3.5414029303e+01    1.2548535998e+03   -4.8137680780e+01    1.2723651477e+01   -9.3054882808e+00    3.9113892230e+00   -6.3254822477e+00   -3.6418099474e+01    2.0398351925e+04    2.2535449230e+00    9.9892883397e-01
       134   -3.5426968249e+01    1.2558042372e+03   -4.8112739408e+01    1.2685771159e+01   -9.3380968033e+00    3.9522978148e+00   -6.3088409458e+00   -3.6418099474e+01    2.0458496911e+04    2.2750783980e+00    9.9898772000e-01
       135   -3.5431494258e+01    1.2561245903e+03   -4.8064712019e+01    1.2633217761e+01   -9.3439932690e+00    3.9964392733e+00   -6.2990585492e+00   -3.6418099474e+01    2.0328092433e+04    2.2363095800e+00    9.9898636779e-01
       136   -3.5412466689e+01    1.2548376430e+03   -4.8023893899e+01    1.2611427210e+01   -9.3005474495e+00    3.9788879155e+00   -6.2841348910e+00   -3.6418099474e+01    2.0212950007e+04    2.2253346820e+00    9.9896662097e-01
       137   -3.5442036741e+01    1.2568940800e+03   -4.8095968306e+01    1.2653931565e+01   -9.2347488576e+00    3.8488299068e+00   -6.2919498808e+00   -3.6418099474e+01    2.0165467113e+04    2.2213706910e+00    9.9896208235e-01
       138   -3.5421470464e+01    1.2553796801e+03   -4.8182539170e+01    1.2761068706e+01   -9.3108645249e+00    3.8580349951e+00   -6.3116101657e+00   -3.6418099474e+01    2.0073912213e+04    2.2096274980e+00    9.9905354919e-01
       139   -3.5411061036e+01    1.2546445175e+03   -4.8201547099e+01    1.2790486063e+01   -9.3723487125e+00    3.8977751993e+00   -6.3088741113e+00   -3.6418099474e+01    2.0036734147e+04    2.2237439620e+00    9.9898595666e-01
       140   -3.5440378548e+01    1.2567400386e+03   -4.8128539005e+01    1.2688160456e+01   -9.3706343199e+00    3.9468713959e+00   -6.2866766063e+00   -3.6418099474e+01    2.0043590353e+04    2.2157415890e+00    9.9892898130e-01
       141   -3.5455388894e+01    1.2577845978e+03   -4.8112399912e+01    1.2657011019e+01   -9.3369965662e+00    3.9089085734e+00   -6.2662124454e+00   -3.6418099474e+01    2.0230087700e+04    2.2300165750e+00    9.9897409275e-01
       142   -3.5448517577e+01    1.2573215068e+03   -4.8138703032e+01    1.2690185456e+01   -9.3660257990e+00    3.9010328360e+00   -6.2556105953e+00   -3.6418099474e+01    2.0228613604e+04    2.2268783610e+00    9.9900764221e-01
       143   -3.5461669353e+01    1.2582705585e+03   -4.8116261233e+01    1.2654591880e+01   -9.3769574903e+00    3.9658101484e+00   -6.2870144166e+00   -3.6418099474e+01    2.0313467908e+04    2.3368306540e+00    9.9898707821e-01
       144   -3.5465471053e+01    1.2585346343e+03   -4.8082993949e+01    1.2617522896e+01   -9.2910664557e+00    3.9323481772e+00   -6.3061761962e+00   -3.6418099474e+01    2.0466810211e+04    2.2690065670e+00    9.9894583255e-01
       145   -3.5455183905e+01    1.2577690364e+03   -4.8071658374e+01    1.2616474469e+01   -9.3220597771e+00    3.9780379538e+00   -6.3095370762e+00   -3.6418099474e+01    2.0568024058e+04    2.2961349830e+00    9.9895463607e-01
       146   -3.5448117698e+01    1.2572603178e+03   -4.8161637894e+01    1.2713520196e+01   -9.3291402339e+00    3.8830677910e+00   -6.2974659767e+00   -3.6418099474e+01    2.0599543897e+04    2.2990226890e+00    9.9904997677e-01
       147   -3.5441083621e+01    1.2567622145e+03   -4.8180638078e+01    1.2739554457e+01   -9.3956748957e+00    3.9259779818e+00   -6.2928416898e+00   -3.6418099474e+01    2.0408080395e+04    2.2769653160e+00    9.9902354003e-01
       148   -3.5441848833e+01    1.2568569593e+03   -4.8168230589e+01    1.2726381756e+01   -9.3775504663e+00    3.9363727940e+00   -6.3089534424e+00   -3.6418099474e+01    2.0188226714e+04    2.2345245380e+00    9.9894203483e-01
       149   -3.5470080206e+01    1.2588294445e+03   -4.8149834178e+01    1.2679753973e+01   -9.3592872122e+00    3.9450445378e+00   -6.3174920296e+00   -3.6418099474e+01    2.0138697661e+04    2.2323694400e+00    9.9897457369e-01
       150   -3.5458876566e+01    1.2580604390e+03   -4.8128803086e+01    1.2669926519e+01   -9.3184469417e+00    3.9337255460e+00   -6.3259822159e+00   -3.6418099474e+01    2.0084901862e+04    2.2183788740e+00    9.9898436889e-01
       151   -3.5448313524e+01    1.2573236042e+03   -4.8160051369e+01    1.2711737845e+01   -9.3073190861e+00    3.8812183251e+00   -6.3158511339e+00   -3.6418099474e+01    2.0124875100e+04    2.2353627640e+00    9.9897761401e-01
       152   -3.5423842542e+01    1.2556059213e+03   -4.8238745670e+01    1.2814903129e+01   -9.3110661529e+00    3.7855275427e+00   -6.2951075861e+00   -3.6418099474e+01    2.0249826500e+04    2.2408357540e+00    9.9897722383e-01
       153   -3.5432647302e+01    1.2562221472e+03   -4.8207236361e+01    1.2774589059e+01   -9.3483029672e+00    3.8518677466e+00   -6.2927016664e+00   -3.6418099474e+01    2.0351154573e+04    2.2497564240e+00    9.9902085337e-01
       154   -3.5437059290e+01    1.2565344971e+03   -4.8122872635e+01    1.2685813345e+01   -9.3456213941e+00    3.9380169941e+00   -6.2971687604e+00   -3.6418099474e+01    2.0333905475e+04    2.2491724310e+00    9.9908672591e-01
       155   -3.5436979345e+01    1.2565183006e+03   -4.8176680327e+01    1.2739700982e+01   -9.2931586598e+00    3.8412049587e+00   -6.3066271520e+00   -3.6418099474e+01    2.0228213338e+04    2.2354533440e+00    9.9894417921e-01
       156   -3.5438183716e+01    1.2565510744e+03   -4.8201652126e+01    1.2763468410e+01   -9.3486907417e+00    3.8868176135e+00   -6.3216795238e+00   -3.6418099474e+01    2.0134491679e+04    2.2270597510e+00    9.9897467555e-01
       157   -3.5432229787e+01    1.2561056975e+03   -4.8139476743e+01    1.2707246956e+01   -9.3473720728e+00    3.9493038708e+00   -6.3233090670e+00   -3.6418099474e+01    2.0159057128e+04    2.2366023400e+00    9.9895296677e-01
       158   -3.5426111429e+01    1.2556654081e+03   -4.8172359483e+01    1.2746248054e+01   -9.3192457479e+00    3.9089866278e+00   -6.3440008882e+00   -3.6418099474e+01    2.0040843489e+04    2.2331713060e+00    9.9896640458e-01
       159   -3.5440385310e+01    1.2566604385e+03   -4.8194128602e+01    1.2753743292e+01   -9.3218869953e+00    3.8737441595e+00   -6.3278862918e+00   -3.6418099474e+01    2.0030786080e+04    2.2230446800e+00    9.9890867072e-01
       160   -3.5439229664e+01    1.2566165861e+03   -4.8168512919e+01    1.2729283255e+01   -9.3792328863e+00    3.9337324441e+00   -6.3049130027e+00   -3.6418099474e+01    2.0066203928e+04    2.2236817390e+00    9.9901030987e-01
       161   -3.5436437073e+01    1.2563965367e+03   -4.8201983725e+01    1.2765546651e+01   -9.4091502080e+00    3.9617135297e+00   -6.3364475724e+00   -3.6418099474e+01    2.0026205128e+04    2.2171503800e+00    9.9896909423e-01
       162   -3.5415708060e+01    1.2549267657e+03   -4.8207209816e+01    1.2791501757e+01   -9.4212688450e+00    3.9688649923e+00   -6.3367064896e+00   -3.6418099474e+01    1.9982842634e+04    2.2393488670e+00    9.9900634794e-01
       163   -3.5428031516e+01    1.2558188497e+03   -4.8192195764e+01    1.2764164248e+01   -9.3669444918e+00    3.8976532830e+00   -6.3048050814e+00   -3.6418099474e+01    1.9923255273e+04    2.2114939610e+00    9.9900863367e-01
       164   -3.5428392386e+01    1.2558750891e+03   -4.8166485707e+01    1.2738093321e+01   -9.3223726946e+00    3.8787215888e+00   -6.3047351271e+00   -3.6418099474e+01    1.9933765296e+04    2.2106688720e+00    9.9904138356e-01
       165   -3.5439580556e+01    1.2567055600e+03   -4.8185363714e+01    1.2745783158e+01   -9.3092618914e+00    3.8437302462e+00   -6.3017325947e+00   -3.6418099474e+01    2.0112934969e+04    2.2203702600e+00    9.9903570896e-01
       166   -3.5461403199e+01    1.2582337490e+03   -4.8130615707e+01    1.2669212508e+01   -9.2870678430e+00    3.8878702611e+00   -6.3133186511e+00   -3.6418099474e+01    2.0238366612e+04    2.2320087710e+00    9.9895150073e-01
       167   -3.5449694591e+01    1.2573884252e+03   -4.8076154010e+01    1.2626459420e+01   -9.2603684980e+00    3.9252243776e+00   -6.3229104159e+00   -3.6418099474e+01    2.0290595769e+04    2.2311397100e+00    9.9894378098e-01
       168   -3.5454502440e+01    1.2577529753e+03   -4.8063013757e+01    1.2608511317e+01   -9.2963603534e+00    3.9732749644e+00   -6.3218288938e+00   -3.6418099474e+01    2.0215870098e+04    2.2240657150e+00    9.9896984818e-01
       169   -3.5462570972e+01    1.2583390585e+03   -4.8093476656e+01    1.2630905684e+01   -9.3729927114e+00    4.0233859783e+00   -6.3257704484e+00   -3.6418099474e+01    2.0262523216e+04    2.2285670400e+00    9.9896861050e-01
       170   -3.5451621883e+01    1.2575485759e+03   -4.8200604907e+01    1.2748983024e+01   -9.3272648329e+00    3.8941569317e+00   -6.3493975312e+00   -3.6418099474e+01    2.0207471043e+04    2.2186713100e+00    9.9895706649e-01
       171   -3.5451192034e+01    1.2574878850e+03   -4.8161976250e+01    1.2710784215e+01   -9.2603894902e+00    3.8532731698e+00   -6.3367604550e+00   -3.6418099474e+01    2.0175818645e+04    2.2145335450e+00    9.9899613325e-01
       172   -3.5442277337e+01    1.2568557988e+03   -4.8200450610e+01    1.2758173273e+01   -9.2514708892e+00    3.7985684820e+00   -6.3294487286e+00   -3.6418099474e+01    2.0344542192e+04    2.2275921830e+00    9.9897302118e-01
       173   -3.5442902032e+01    1.2569024788e+03   -4.8175485537e+01    1.2732583505e+01   -9.3473903723e+00    3.8945554115e+00   -6.3045511021e+00   -3.6418099474e+01    2.0480253128e+04    2.2873041900e+00    9.9902348518e-01
       174   -3.5439618275e+01    1.2566573494e+03   -4.8198241924e+01    1.2758623649e+01   -9.3802853403e+00    3.9011582846e+00   -6.3010153943e+00   -3.6418099474e+01    2.0297905637e+04    2.2403008350e+00    9.9893726335e-01
       175   -3.5462395469e+01    1.2582893608e+03   -4.8200534410e+01    1.2738138941e+01   -9.4159996994e+00    3.9200213871e+00   -6.2864566235e+00   -3.6418099474e+01    2.0253485714e+04    2.2272054980e+00    9.9899460970e-01
       176   -3.5444965698e+01    1.2570680646e+03   -4.8221788765e+01    1.2776823068e+01   -9.4322604111e+00    3.9298252477e+00   -6.3012541278e+00   -3.6418099474e+01    2.0256747787e+04    2.2281607470e+00    9.9893324400e-01
       177   -3.5445264735e+01    1.2570664499e+03   -4.8317056066e+01    1.2871791330e+01   -9.3717996326e+00    3.7913284526e+00   -6.3184854114e+00   -3.6418099474e+01    2.0213051955e+04    2.2215756500e+00    9.9898570086e-01
       178   -3.5453984833e+01    1.2576784259e+03   -4.8201940810e+01    1.2747955977e+01   -9.4273489173e+00    3.9169350894e+00   -6.2734275079e+00   -3.6418099474e+01    2.0162548074e+04    2.2394388400e+00    9.9891216532e-01
       179   -3.5463463974e+01    1.2583419066e+03   -4.8145767738e+01    1.2682303764e+01   -9.4321415005e+00    3.9905456560e+00   -6.2860724195e+00   -3.6418099474e+01    2.0275457349e+04    2.2453889710e+00    9.9902741560e-01
       180   -3.5456508692e+01    1.2578897015e+03   -4.8192100796e+01    1.2735592105e+01   -9.4211674805e+00    3.9410974610e+00   -6.2939313027e+00   -3.6418099474e+01    2.0409527040e+04    2.2485585920e+00    9.9894643995e-01
       181   -3.5463780006e+01    1.2583897671e+03   -4.8178883838e+01    1.2715103832e+01   -9.3352060803e+00    3.8427821844e+00   -6.2683604680e+00   -3.6418099474e+01    2.0355380672e+04    2.2333284460e+00    9.9899092358e-01
       182   -3.5451686636e+01    1.2575316037e+03   -4.8311896182e+01    1.2860209546e+01   -9.3253176701e+00    3.7104075725e+00   -6.2788866104e+00   -3.6418099474e+01    2.0356143774e+04    2.2359435810e+00    9.9899282696e-01
       183   -3.5453877614e+01    1.2576761988e+03   -4.8292552739e+01    1.2838675125e+01   -9.3148306258e+00    3.7287295512e+00   -6.2883521897e+00   -3.6418099474e+01    2.0476362497e+04    2.2630442200e+00    9.9890284319e-01
       184   -3.5464311345e+01    1.2584153321e+03   -4.8245315015e+01    1.2781003670e+01   -9.2951832864e+00    3.7628309697e+00   -6.2948632240e+00   -3.6418099474e+01    2.0470252028e+04    2.2735137620e+00    9.9898268293e-01
       185   -3.5486861407e+01    1.2600424340e+03   -4.8221056198e+01    1.2734194790e+01   -9.3068516201e+00    3.7919489246e+00   -6.2880540281e+00   -3.6418099474e+01    2.0459150908e+04    2.2594349800e+00    9.9893298965e-01
       186   -3.5468958125e+01    1.2587760865e+03   -4.8212944192e+01    1.2743986068e+01   -9.3578124684e+00    3.8434643735e+00   -6.2804966234e+00   -3.6418099474e+01    2.0470302044e+04    2.2721314210e+00    9.9898786838e-01
       187   -3.5467972268e+01    1.2586948946e+03   -4.8150986715e+01    1.2683014447e+01   -9.3840515232e+00    3.9429763141e+00   -6.2918120321e+00   -3.6418099474e+01    2.0523345130e+04    2.2820056510e+00    9.9892260135e-01
       188   -3.5440772219e+01    1.2567582893e+03   -4.8167769797e+01    1.2726997578e+01   -9.3464876960e+00    3.8875152860e+00   -6.2906979127e+00   -3.6418099474e+01    2.0635975517e+04    2.2926663410e+00    9.9897039585e-01
       189   -3.5450315175e+01    1.2574208100e+03   -4.8129563012e+01    1.2679247837e+01   -9.3727377864e+00    3.9488174679e+00   -6.2875432192e+00   -3.6418099474e+01    2.0661262176e+04    2.2979600730e+00    9.9896294965e-01
       190   -3.5478234111e+01    1.2594205640e+03   -4.8047430873e+01    1.2569196762e+01   -9.3566365449e+00    4.0229391270e+00   -6.2956339811e+00   -3.6418099474e+01    2.0667436338e+04    2.2954898580e+00    9.9901480217e-01
       191   -3.5464741956e+01    1.2584433315e+03   -4.8214728131e+01    1.2749986175e+01   -9.1977391791e+00    3.7033373187e+00   -6.3022267967e+00   -3.6418099474e+01    2.0707556488e+04    2.3007223370e+00    9.9895135530e-01
       192   -3.5459450905e+01    1.2580786276e+03   -4.8171676816e+01    1.2712225911e+01   -9.2860775341e+00    3.8370343390e+00   -6.3045341471e+00   -3.6418099474e+01    2.0583305712e+04    2.2913727730e+00    9.9896927968e-01
       193   -3.5454811423e+01    1.2577814419e+03   -4.8166316552e+01    1.2711505128e+01   -9.2719352416e+00    3.8162279451e+00   -6.2925097811e+00   -3.6418099474e+01    2.0479010474e+04    2.2683104900e+00    9.9899543761e-01
       194   -3.5470023197e+01    1.2588469460e+03   -4.8216137574e+01    1.2746114377e+01   -9.2287929491e+00    3.7098932321e+00   -6.2791383831e+00   -3.6418099474e+01    2.0416054694e+04    2.2452801150e+00    9.9900613815e-01
       195   -3.5445453913e+01    1.2570634270e+03   -4.8186508521e+01    1.2741054607e+01   -9.2805219486e+00    3.7918431289e+00   -6.2797302266e+00   -3.6418099474e+01    2.0390131078e+04    2.2449373880e+00    9.9896482870e-01
       196   -3.5440929775e+01    1.2567100722e+03   -4.8136801876e+01    1.2695872101e+01   -9.3601908498e+00    3.8845131778e+00   -6.2430247299e+00   -3.6418099474e+01    2.0322153963e+04    2.2317723620e+00    9.9892270165e-01
       197   -3.5440616789e+01    1.2566964051e+03   -4.8172743674e+01    1.2732126885e+01   -9.4456501373e+00    3.9286179137e+00   -6.2376119765e+00   -3.6418099474e+01    2.0291252632e+04    2.2313445240e+00    9.9889113400e-01
       198   -3.5450201099e+01    1.2573701345e+03   -4.8118950918e+01    1.2668749819e+01   -9.3727120096e+00    3.9345017193e+00   -6.2626411531e+00   -3.6418099474e+01    2.0327775549e+04    2.2400151380e+00    9.9894224146e-01
       199   -3.5451769499e+01    1.2575178408e+03   -4.8279368130e+01    1.2827598631e+01   -9.3042747846e+00    3.7440246143e+00   -6.3010184858e+00   -3.6418099474e+01    2.0363890769e+04    2.2452667200e+00    9.9893183381e-01
