#  Band    State   TwistIndex BandIndex Energy      Kx      Ky      Kz      K1      K2      K3    KmK 
       0        0        4        0    -0.235210  0.3030  0.1749  0.1744  0.4000  0.0000  0.4000      1
       1        1        4        1    -0.227437  0.3030  0.1749  0.1744  0.4000  0.0000  0.4000      1
       2        2        4        2    -0.195463  0.3030  0.1749  0.1744  0.4000  0.0000  0.4000      1
       3        3        4        3    -0.164705  0.3030  0.1749  0.1744  0.4000  0.0000  0.4000      1
       4        4        4        4    -0.156182  0.3030  0.1749  0.1744  0.4000  0.0000  0.4000      1
       5        5        4        5     0.036985  0.3030  0.1749  0.1744  0.4000  0.0000  0.4000      1
       6        6        4        6     0.053238  0.3030  0.1749  0.1744  0.4000  0.0000  0.4000      1
       7        7        4        7     0.078724  0.3030  0.1749  0.1744  0.4000  0.0000  0.4000      1
       8        8        4        8     0.090562  0.3030  0.1749  0.1744  0.4000  0.0000  0.4000      1
       9        9        4        9     0.119406  0.3030  0.1749  0.1744  0.4000  0.0000  0.4000      1
      10       10        4       10     0.119441  0.3030  0.1749  0.1744  0.4000  0.0000  0.4000      1
      11       11        4       11     0.163430  0.3030  0.1749  0.1744  0.4000  0.0000  0.4000      1
      12       12        4       12     0.164835  0.3030  0.1749  0.1744  0.4000  0.0000  0.4000      1
      13       13        4       13     0.177981  0.3030  0.1749  0.1744  0.4000  0.0000  0.4000      1
      14       14        4       14     0.248411  0.3030  0.1749  0.1744  0.4000  0.0000  0.4000      1
      15       15        4       15     0.262270  0.3030  0.1749  0.1744  0.4000  0.0000  0.4000      1
      16       16        4       16     0.273572  0.3030  0.1749  0.1744  0.4000  0.0000  0.4000      1
      17       17        4       17     0.312238  0.3030  0.1749  0.1744  0.4000  0.0000  0.4000      1
      18       18        4       18     0.326540  0.3030  0.1749  0.1744  0.4000  0.0000  0.4000      1
      19       19        4       19     0.350553  0.3030  0.1749  0.1744  0.4000  0.0000  0.4000      1
      20       20        4       20     0.390842  0.3030  0.1749  0.1744  0.4000  0.0000  0.4000      1
      21       21        4       21     0.405525  0.3030  0.1749  0.1744  0.4000  0.0000  0.4000      1
      22       22        4       22     0.494410  0.3030  0.1749  0.1744  0.4000  0.0000  0.4000      1
      23       23        4       23     0.503482  0.3030  0.1749  0.1744  0.4000  0.0000  0.4000      1
      24       24        4       24     0.525126  0.3030  0.1749  0.1744  0.4000  0.0000  0.4000      1
      25       25        4       25     0.540661  0.3030  0.1749  0.1744  0.4000  0.0000  0.4000      1
      26       26        4       26     0.541042  0.3030  0.1749  0.1744  0.4000  0.0000  0.4000      1
      27       27        4       27     0.550912  0.3030  0.1749  0.1744  0.4000  0.0000  0.4000      1
      28       28        4       28     0.583315  0.3030  0.1749  0.1744  0.4000  0.0000  0.4000      1
      29       29        4       29     0.615540  0.3030  0.1749  0.1744  0.4000  0.0000  0.4000      1
      30       30        4       30     0.628515  0.3030  0.1749  0.1744  0.4000  0.0000  0.4000      1
      31       31        4       31     0.644463  0.3030  0.1749  0.1744  0.4000  0.0000  0.4000      1
      32       32        4       32     0.652497  0.3030  0.1749  0.1744  0.4000  0.0000  0.4000      1
      33       33        4       33     0.660089  0.3030  0.1749  0.1744  0.4000  0.0000  0.4000      1
      34       34        4       34     0.666538  0.3030  0.1749  0.1744  0.4000  0.0000  0.4000      1
      35       35        4       35     0.671304  0.3030  0.1749  0.1744  0.4000  0.0000  0.4000      1
      36       36        4       36     0.697153  0.3030  0.1749  0.1744  0.4000  0.0000  0.4000      1
      37       37        4       37     0.700060  0.3030  0.1749  0.1744  0.4000  0.0000  0.4000      1
      38       38        4       38     0.702353  0.3030  0.1749  0.1744  0.4000  0.0000  0.4000      1
      39       39        4       39     0.727816  0.3030  0.1749  0.1744  0.4000  0.0000  0.4000      1
      40       40        4       40     0.730744  0.3030  0.1749  0.1744  0.4000  0.0000  0.4000      1
      41       41        4       41     0.743895  0.3030  0.1749  0.1744  0.4000  0.0000  0.4000      1
      42       42        4       42     0.752698  0.3030  0.1749  0.1744  0.4000  0.0000  0.4000      1
      43       43        4       43     0.764529  0.3030  0.1749  0.1744  0.4000  0.0000  0.4000      1
      44       44        4       44     0.767792  0.3030  0.1749  0.1744  0.4000  0.0000  0.4000      1
      45       45        4       45     0.785702  0.3030  0.1749  0.1744  0.4000  0.0000  0.4000      1
      46       46        4       46     0.790144  0.3030  0.1749  0.1744  0.4000  0.0000  0.4000      1
      47       47        4       47     0.798380  0.3030  0.1749  0.1744  0.4000  0.0000  0.4000      1
      48       48        4       48     0.827005  0.3030  0.1749  0.1744  0.4000  0.0000  0.4000      1
      49       49        4       49     0.841026  0.3030  0.1749  0.1744  0.4000  0.0000  0.4000      1
      50       50        4       50     0.847260  0.3030  0.1749  0.1744  0.4000  0.0000  0.4000      1
      51       51        4       51     0.882013  0.3030  0.1749  0.1744  0.4000  0.0000  0.4000      1
      52       52        4       52     0.892305  0.3030  0.1749  0.1744  0.4000  0.0000  0.4000      1
      53       53        4       53     0.903723  0.3030  0.1749  0.1744  0.4000  0.0000  0.4000      1
      54       54        4       54     0.915198  0.3030  0.1749  0.1744  0.4000  0.0000  0.4000      1
      55       55        4       55     0.927148  0.3030  0.1749  0.1744  0.4000  0.0000  0.4000      1
      56       56        4       56     0.947910  0.3030  0.1749  0.1744  0.4000  0.0000  0.4000      1
      57       57        4       57     0.950861  0.3030  0.1749  0.1744  0.4000  0.0000  0.4000      1
      58       58        4       58     0.965419  0.3030  0.1749  0.1744  0.4000  0.0000  0.4000      1
      59       59        4       59     0.977904  0.3030  0.1749  0.1744  0.4000  0.0000  0.4000      1
      60       60        4       60     0.986278  0.3030  0.1749  0.1744  0.4000  0.0000  0.4000      1
      61       61        4       61     0.998293  0.3030  0.1749  0.1744  0.4000  0.0000  0.4000      1
      62       62        4       62     1.006213  0.3030  0.1749  0.1744  0.4000  0.0000  0.4000      1
      63       63        4       63     1.025963  0.3030  0.1749  0.1744  0.4000  0.0000  0.4000      1
      64       64        4       64     1.033848  0.3030  0.1749  0.1744  0.4000  0.0000  0.4000      1
      65       65        4       65     1.052820  0.3030  0.1749  0.1744  0.4000  0.0000  0.4000      1
      66       66        4       66     1.058322  0.3030  0.1749  0.1744  0.4000  0.0000  0.4000      1
      67       67        4       67     1.074572  0.3030  0.1749  0.1744  0.4000  0.0000  0.4000      1
      68       68        4       68     1.083281  0.3030  0.1749  0.1744  0.4000  0.0000  0.4000      1
      69       69        4       69     1.088081  0.3030  0.1749  0.1744  0.4000  0.0000  0.4000      1
      70       70        4       70     1.095758  0.3030  0.1749  0.1744  0.4000  0.0000  0.4000      1
      71       71        4       71     1.102554  0.3030  0.1749  0.1744  0.4000  0.0000  0.4000      1
      72       72        4       72     1.110881  0.3030  0.1749  0.1744  0.4000  0.0000  0.4000      1
      73       73        4       73     1.117748  0.3030  0.1749  0.1744  0.4000  0.0000  0.4000      1
      74       74        4       74     1.127323  0.3030  0.1749  0.1744  0.4000  0.0000  0.4000      1
      75       75        4       75     1.133532  0.3030  0.1749  0.1744  0.4000  0.0000  0.4000      1
      76       76        4       76     1.148186  0.3030  0.1749  0.1744  0.4000  0.0000  0.4000      1
      77       77        4       77     1.175951  0.3030  0.1749  0.1744  0.4000  0.0000  0.4000      1
      78       78        4       78     1.186663  0.3030  0.1749  0.1744  0.4000  0.0000  0.4000      1
      79       79        4       79     1.192488  0.3030  0.1749  0.1744  0.4000  0.0000  0.4000      1
      80       80        4       80     1.204169  0.3030  0.1749  0.1744  0.4000  0.0000  0.4000      1
      81       81        4       81     1.212718  0.3030  0.1749  0.1744  0.4000  0.0000  0.4000      1
      82       82        4       82     1.214448  0.3030  0.1749  0.1744  0.4000  0.0000  0.4000      1
      83       83        4       83     1.225857  0.3030  0.1749  0.1744  0.4000  0.0000  0.4000      1
      84       84        4       84     1.249997  0.3030  0.1749  0.1744  0.4000  0.0000  0.4000      1
      85       85        4       85     1.254005  0.3030  0.1749  0.1744  0.4000  0.0000  0.4000      1
      86       86        4       86     1.256130  0.3030  0.1749  0.1744  0.4000  0.0000  0.4000      1
      87       87        4       87     1.272908  0.3030  0.1749  0.1744  0.4000  0.0000  0.4000      1
      88       88        4       88     1.277507  0.3030  0.1749  0.1744  0.4000  0.0000  0.4000      1
      89       89        4       89     1.285782  0.3030  0.1749  0.1744  0.4000  0.0000  0.4000      1
      90       90        4       90     1.301406  0.3030  0.1749  0.1744  0.4000  0.0000  0.4000      1
      91       91        4       91     1.304479  0.3030  0.1749  0.1744  0.4000  0.0000  0.4000      1
      92       92        4       92     1.317798  0.3030  0.1749  0.1744  0.4000  0.0000  0.4000      1
      93       93        4       93     1.330492  0.3030  0.1749  0.1744  0.4000  0.0000  0.4000      1
      94       94        4       94     1.331806  0.3030  0.1749  0.1744  0.4000  0.0000  0.4000      1
      95       95        4       95     1.363269  0.3030  0.1749  0.1744  0.4000  0.0000  0.4000      1
      96       96        4       96     1.376050  0.3030  0.1749  0.1744  0.4000  0.0000  0.4000      1
      97       97        4       97     1.377034  0.3030  0.1749  0.1744  0.4000  0.0000  0.4000      1
      98       98        4       98     1.382859  0.3030  0.1749  0.1744  0.4000  0.0000  0.4000      1
      99       99        4       99     1.396201  0.3030  0.1749  0.1744  0.4000  0.0000  0.4000      1
