#   index    LocalEnergy         LocalEnergy_sq      LocalPotential      Kinetic             LocalECP            NonLocalECP         ElecElec            IonIon              BlockWeight         BlockCPU            AcceptRatio         
         0   -3.5762541454e+01    1.2798880599e+03   -4.7571977241e+01    1.1809435786e+01   -8.5423101089e+00    3.6851654738e+00   -6.2967331313e+00   -3.6418099474e+01    1.0232783667e+04    2.4681657300e-01    9.9715472699e-01
         1   -3.5803726233e+01    1.2828146831e+03   -4.7644981723e+01    1.1841255490e+01   -8.5839021359e+00    3.6941829727e+00   -6.3371630851e+00   -3.6418099474e+01    1.0254186019e+04    2.5278282100e-01    9.9720557491e-01
         2   -3.5827484103e+01    1.2844751071e+03   -4.7572445328e+01    1.1744961224e+01   -8.6603906294e+00    3.8655571235e+00   -6.3595123477e+00   -3.6418099474e+01    1.0227027246e+04    2.8375042300e-01    9.9721380389e-01
         3   -3.5854044207e+01    1.2863013953e+03   -4.7625899279e+01    1.1771855072e+01   -8.6324588007e+00    3.8330362766e+00   -6.4083772809e+00   -3.6418099474e+01    1.0259447659e+04    2.8778526100e-01    9.9709164788e-01
         4   -3.5876776579e+01    1.2879472599e+03   -4.7615710192e+01    1.1738933613e+01   -8.6401121570e+00    3.8814581014e+00   -6.4389566625e+00   -3.6418099474e+01    1.0273659215e+04    2.7089008500e-01    9.9726958189e-01
         5   -3.5881150305e+01    1.2882422496e+03   -4.7610199420e+01    1.1729049116e+01   -8.5896232699e+00    3.8250095143e+00   -6.4274861905e+00   -3.6418099474e+01    1.0276780781e+04    2.6013431500e-01    9.9732759699e-01
         6   -3.5882752134e+01    1.2883299226e+03   -4.7737009906e+01    1.1854257771e+01   -8.5072684581e+00    3.6332413321e+00   -6.4448833056e+00   -3.6418099474e+01    1.0331726610e+04    2.6585064100e-01    9.9721765218e-01
         7   -3.5903725305e+01    1.2898467801e+03   -4.7725410439e+01    1.1821685134e+01   -8.4566114063e+00    3.6483014724e+00   -6.4990010306e+00   -3.6418099474e+01    1.0294397486e+04    2.6365262900e-01    9.9715451668e-01
         8   -3.5932814999e+01    1.2919185241e+03   -4.7728955065e+01    1.1796140066e+01   -8.4692533853e+00    3.6419107461e+00   -6.4835129519e+00   -3.6418099474e+01    1.0324196182e+04    2.6460058200e-01    9.9729987953e-01
         9   -3.5937354257e+01    1.2922531808e+03   -4.7811804274e+01    1.1874450017e+01   -8.4731339788e+00    3.5657413514e+00   -6.4863121723e+00   -3.6418099474e+01    1.0396587264e+04    2.7155286000e-01    9.9714725655e-01
        10   -3.5967453588e+01    1.2943923223e+03   -4.7838501640e+01    1.1871048053e+01   -8.4732210954e+00    3.5465903630e+00   -6.4937714334e+00   -3.6418099474e+01    1.0421772966e+04    2.7965116600e-01    9.9708468810e-01
        11   -3.5972452823e+01    1.2947759640e+03   -4.7817391829e+01    1.1844939007e+01   -8.5571809364e+00    3.6705938895e+00   -6.5127053084e+00   -3.6418099474e+01    1.0550234907e+04    2.6764819000e-01    9.9708026230e-01
        12   -3.5992429080e+01    1.2962345753e+03   -4.7665287239e+01    1.1672858159e+01   -8.6397571867e+00    3.9081865746e+00   -6.5156171533e+00   -3.6418099474e+01    1.0692183337e+04    2.6661908400e-01    9.9682190646e-01
        13   -3.6000228659e+01    1.2967657881e+03   -4.7725114182e+01    1.1724885523e+01   -8.6189223691e+00    3.8445114282e+00   -6.5326037671e+00   -3.6418099474e+01    1.0713927482e+04    2.6460750200e-01    9.9720836224e-01
        14   -3.5990795755e+01    1.2961010624e+03   -4.7683919501e+01    1.1693123746e+01   -8.5734217232e+00    3.8417316053e+00   -6.5341299092e+00   -3.6418099474e+01    1.0708641444e+04    2.6630289800e-01    9.9724812873e-01
        15   -3.6009376567e+01    1.2974313475e+03   -4.7667561013e+01    1.1658184446e+01   -8.5563087795e+00    3.8351432706e+00   -6.5282960301e+00   -3.6418099474e+01    1.0687270394e+04    2.6395774800e-01    9.9730880839e-01
        16   -3.6010157451e+01    1.2974594922e+03   -4.7749155740e+01    1.1738998289e+01   -8.6045640743e+00    3.8147422804e+00   -6.5412344724e+00   -3.6418099474e+01    1.0636531307e+04    2.6419762800e-01    9.9722845586e-01
        17   -3.6018934722e+01    1.2980803562e+03   -4.7759118874e+01    1.1740184152e+01   -8.5448811882e+00    3.7550945666e+00   -6.5512327783e+00   -3.6418099474e+01    1.0670563811e+04    2.6482155200e-01    9.9711003952e-01
        18   -3.6019930617e+01    1.2981171992e+03   -4.7796145476e+01    1.1776214859e+01   -8.5356167180e+00    3.7187065667e+00   -6.5611358501e+00   -3.6418099474e+01    1.0711939395e+04    2.6496886100e-01    9.9724171514e-01
        19   -3.6001102770e+01    1.2967453496e+03   -4.7750114131e+01    1.1749011360e+01   -8.6094863772e+00    3.8098433439e+00   -6.5323716233e+00   -3.6418099474e+01    1.0703747407e+04    2.6510222200e-01    9.9734078048e-01
        20   -3.6015259559e+01    1.2977801664e+03   -4.7760887728e+01    1.1745628169e+01   -8.6150677469e+00    3.7975930605e+00   -6.5253135671e+00   -3.6418099474e+01    1.0609328390e+04    2.6546605000e-01    9.9738043610e-01
        21   -3.5995529400e+01    1.2963675817e+03   -4.7629987732e+01    1.1634458332e+01   -8.6083448426e+00    3.8941025823e+00   -6.4976459972e+00   -3.6418099474e+01    1.0595995700e+04    2.6446463000e-01    9.9721593054e-01
        22   -3.5996408781e+01    1.2964105745e+03   -4.7700815064e+01    1.1704406283e+01   -8.5764238123e+00    3.7762636053e+00   -6.4825553833e+00   -3.6418099474e+01    1.0580000274e+04    2.7664185400e-01    9.9718524719e-01
        23   -3.5996485087e+01    1.2964286694e+03   -4.7755852281e+01    1.1759367194e+01   -8.5483134521e+00    3.7440075010e+00   -6.5334468561e+00   -3.6418099474e+01    1.0599157557e+04    3.0685973000e-01    9.9713611860e-01
        24   -3.5989404632e+01    1.2959004149e+03   -4.7816815230e+01    1.1827410599e+01   -8.5056171876e+00    3.6474248551e+00   -6.5405234236e+00   -3.6418099474e+01    1.0550827610e+04    2.6435801700e-01    9.9739749022e-01
        25   -3.6003915692e+01    1.2969717049e+03   -4.7693891823e+01    1.1689976131e+01   -8.5818691204e+00    3.8320798899e+00   -6.5260031184e+00   -3.6418099474e+01    1.0561852596e+04    2.6413376800e-01    9.9725430790e-01
        26   -3.6027126814e+01    1.2986269274e+03   -4.7746047368e+01    1.1718920553e+01   -8.5282864197e+00    3.7445702715e+00   -6.5442317455e+00   -3.6418099474e+01    1.0545310900e+04    2.7700382200e-01    9.9704555003e-01
        27   -3.6019673089e+01    1.2981274893e+03   -4.7811209265e+01    1.1791536176e+01   -8.5447887337e+00    3.6548131313e+00   -6.5031341888e+00   -3.6418099474e+01    1.0523426155e+04    2.6571286700e-01    9.9722297664e-01
        28   -3.6025706841e+01    1.2985775969e+03   -4.7768881933e+01    1.1743175091e+01   -8.5257941657e+00    3.6871062365e+00   -6.5120945292e+00   -3.6418099474e+01    1.0439390216e+04    2.8807075100e-01    9.9711109286e-01
        29   -3.6022291730e+01    1.2982884092e+03   -4.7804800267e+01    1.1782508537e+01   -8.4734214214e+00    3.6180286150e+00   -6.5313079859e+00   -3.6418099474e+01    1.0430052744e+04    2.7176417900e-01    9.9730729702e-01
        30   -3.6017130892e+01    1.2979024645e+03   -4.7814894700e+01    1.1797763808e+01   -8.4573570729e+00    3.5854874838e+00   -6.5249256368e+00   -3.6418099474e+01    1.0463880308e+04    2.6592364500e-01    9.9724460530e-01
        31   -3.6005261326e+01    1.2970375862e+03   -4.7842817192e+01    1.1837555866e+01   -8.4804929032e+00    3.5586067376e+00   -6.5028315522e+00   -3.6418099474e+01    1.0485191035e+04    2.6482505300e-01    9.9723781368e-01
        32   -3.6015212290e+01    1.2977706762e+03   -4.7764267377e+01    1.1749055087e+01   -8.5303137647e+00    3.6781241488e+00   -6.4939782869e+00   -3.6418099474e+01    1.0460480764e+04    2.6493911000e-01    9.9723383329e-01
        33   -3.6029226329e+01    1.2988172698e+03   -4.7828543861e+01    1.1799317532e+01   -8.4631622397e+00    3.5640907090e+00   -6.5113728562e+00   -3.6418099474e+01    1.0479037469e+04    2.6432989900e-01    9.9708148653e-01
        34   -3.6022784228e+01    1.2983881508e+03   -4.7852482257e+01    1.1829698029e+01   -8.4543022834e+00    3.5350287301e+00   -6.5151092294e+00   -3.6418099474e+01    1.0521015040e+04    2.8272187500e-01    9.9732431478e-01
        35   -3.6028062442e+01    1.2987313041e+03   -4.7867947234e+01    1.1839884792e+01   -8.4759173100e+00    3.5496703706e+00   -6.5236008207e+00   -3.6418099474e+01    1.0490613259e+04    2.7348360000e-01    9.9729622970e-01
        36   -3.6060665002e+01    1.3011053429e+03   -4.7990924193e+01    1.1930259191e+01   -8.4356331158e+00    3.3951308238e+00   -6.5323224268e+00   -3.6418099474e+01    1.0489377728e+04    2.9132412700e-01    9.9729416576e-01
        37   -3.6055830327e+01    1.3007420380e+03   -4.7769892851e+01    1.1714062524e+01   -8.5189050619e+00    3.6966329681e+00   -6.5295212831e+00   -3.6418099474e+01    1.0544521821e+04    2.6447199000e-01    9.9732549626e-01
        38   -3.6040896589e+01    1.2996539071e+03   -4.7731496844e+01    1.1690600255e+01   -8.4839094683e+00    3.7220739111e+00   -6.5515618126e+00   -3.6418099474e+01    1.0563759635e+04    2.6492442500e-01    9.9719291126e-01
        39   -3.6031340659e+01    1.2989386581e+03   -4.7798128015e+01    1.1766787356e+01   -8.4463999356e+00    3.6140464338e+00   -6.5476750395e+00   -3.6418099474e+01    1.0566254760e+04    2.9619373600e-01    9.9724494625e-01
