# Index          LocalEnergy            Variance              Weight        NumOfWalkers      AvgSentWalkers         TrialEnergy             DiffEff      LivingFraction
         0   -3.4818935017e+01    9.8524515170e-01    2.0480152886e+03    2.0480000000e+03    0.0000000000e+00   -3.4818028006e+01    9.9521944451e-01    1.0000000000e+00
         1   -3.4844526627e+01    9.6682553149e-01    2.0485235509e+03    2.0480000000e+03    0.0000000000e+00   -3.4819308272e+01    9.9460505187e-01    9.9267578125e-01
         2   -3.4849468156e+01    9.7347290226e-01    2.0663824991e+03    2.0670000000e+03    6.2500000000e-01   -3.4857306998e+01    9.9549964004e-01    9.9371069182e-01
         3   -3.4859711292e+01    9.4968046969e-01    2.0519108907e+03    2.0700000000e+03    3.1250000000e-01   -3.5296257473e+01    9.9496133243e-01    9.9323671498e-01
         4   -3.4894315675e+01    9.1641185781e-01    2.0637395089e+03    2.0670000000e+03    3.1250000000e-01   -3.4955100972e+01    9.9543596350e-01    9.8984034833e-01
         5   -3.4906980822e+01    9.4223793696e-01    2.0457081524e+03    2.0610000000e+03    5.6250000000e-01   -3.5277111952e+01    9.9554016204e-01    9.8932557011e-01
         6   -3.4924183205e+01    9.2604434288e-01    2.0496150638e+03    2.0470000000e+03    5.0000000000e-01   -3.4850996180e+01    9.9559956786e-01    9.9316072301e-01
         7   -3.4910206525e+01    9.0098559984e-01    2.0510287904e+03    2.0530000000e+03    3.1250000000e-01   -3.4963597935e+01    9.9523044764e-01    9.9610326352e-01
         8   -3.4904679641e+01    9.0855675422e-01    2.0476914408e+03    2.0510000000e+03    3.7500000000e-01   -3.4984096978e+01    9.9492220225e-01    9.9024865919e-01
         9   -3.4919906774e+01    8.8710680713e-01    2.0415827354e+03    2.0410000000e+03    4.3750000000e-01   -3.4897145890e+01    9.9507497156e-01    9.9363057325e-01
        10   -3.4944826911e+01    9.4843049926e-01    2.0457929545e+03    2.0390000000e+03    3.7500000000e-01   -3.4762989302e+01    9.9464926398e-01    9.9607650809e-01
        11   -3.4949619483e+01    8.7532155338e-01    2.0492320423e+03    2.0470000000e+03    1.8750000000e-01   -3.4890914911e+01    9.9426593028e-01    9.9658036150e-01
        12   -3.4972237302e+01    8.5576453332e-01    2.0531358232e+03    2.0540000000e+03    3.7500000000e-01   -3.4979689598e+01    9.9494839908e-01    9.9464459591e-01
        13   -3.4970148922e+01    8.7723997790e-01    2.0498049215e+03    2.0550000000e+03    3.7500000000e-01   -3.5097466655e+01    9.9461553177e-01    9.9221411192e-01
        14   -3.4964197968e+01    8.3341832611e-01    2.0500876004e+03    2.0520000000e+03    3.1250000000e-01   -3.5014194980e+01    9.9549663701e-01    9.9122807018e-01
        15   -3.4956285526e+01    8.1785487377e-01    2.0478133952e+03    2.0500000000e+03    5.6250000000e-01   -3.5015138817e+01    9.9449863501e-01    9.9268292683e-01
        16   -3.4991169486e+01    8.1128317739e-01    2.0418375339e+03    2.0410000000e+03    4.3750000000e-01   -3.4951729537e+01    9.9530977482e-01    9.9363057325e-01
        17   -3.5003239885e+01    8.6625362079e-01    2.0493038713e+03    2.0430000000e+03    4.3750000000e-01   -3.4840491843e+01    9.9472037630e-01    9.9363680861e-01
        18   -3.5013022918e+01    8.2798975469e-01    2.0459283596e+03    2.0470000000e+03    5.0000000000e-01   -3.5035062550e+01    9.9454793490e-01    9.9120664387e-01
        19   -3.5006010044e+01    8.3199712610e-01    2.0419465598e+03    2.0400000000e+03    4.3750000000e-01   -3.4962420163e+01    9.9564331263e-01    9.9607843137e-01
        20   -3.4999710669e+01    8.5566786946e-01    2.0498048235e+03    2.0440000000e+03    2.5000000000e-01   -3.4858002130e+01    9.9464728676e-01    9.9119373777e-01
        21   -3.5001110187e+01    8.6077964796e-01    2.0370685915e+03    2.0370000000e+03    3.1250000000e-01   -3.5000591542e+01    9.9399517598e-01    9.9410898380e-01
        22   -3.5036506858e+01    9.0726891134e-01    2.0379480910e+03    2.0370000000e+03    3.1250000000e-01   -3.4995058530e+01    9.9503735421e-01    9.9361806578e-01
        23   -3.5034272852e+01    8.6642214181e-01    2.0401191474e+03    2.0390000000e+03    4.3750000000e-01   -3.5007522328e+01    9.9500336554e-01    9.9460519863e-01
        24   -3.5031704839e+01    8.9559683370e-01    2.0478289758e+03    2.0470000000e+03    4.3750000000e-01   -3.5014044646e+01    9.9509999505e-01    9.9658036150e-01
        25   -3.5034788909e+01    9.1355032826e-01    2.0483517381e+03    2.0480000000e+03    1.8750000000e-01   -3.5020577569e+01    9.9605851817e-01    9.9267578125e-01
        26   -3.5040756940e+01    9.2927629167e-01    2.0444358345e+03    2.0440000000e+03    5.6250000000e-01   -3.5023187451e+01    9.9572185425e-01    9.9412915851e-01
        27   -3.5047712769e+01    8.6784224150e-01    2.0447550300e+03    2.0440000000e+03    3.7500000000e-01   -3.5023808348e+01    9.9484925846e-01    9.9217221135e-01
        28   -3.5036855999e+01    8.7207132874e-01    2.0436890056e+03    2.0430000000e+03    4.3750000000e-01   -3.5026734788e+01    9.9489730956e-01    9.9314733235e-01
        29   -3.5063561031e+01    8.3214055915e-01    2.0460733471e+03    2.0450000000e+03    5.0000000000e-01   -3.5027161695e+01    9.9559203756e-01    9.9266503667e-01
        30   -3.5079727998e+01    9.0666191970e-01    2.0465891007e+03    2.0450000000e+03    3.1250000000e-01   -3.5031756914e+01    9.9455556723e-01    9.9266503667e-01
        31   -3.5095055677e+01    9.0299607845e-01    2.0461282803e+03    2.0440000000e+03    3.1250000000e-01   -3.5036284397e+01    9.9484921160e-01    9.9412915851e-01
        32   -3.5081723051e+01    8.6887125189e-01    2.0538602660e+03    2.0520000000e+03    5.0000000000e-01   -3.5040899384e+01    9.9573191482e-01    9.9171539961e-01
        33   -3.5088737685e+01    7.7623961773e-01    2.0526593799e+03    2.0510000000e+03    3.7500000000e-01   -3.5047741047e+01    9.9526685959e-01    9.9366162847e-01
        34   -3.5069988575e+01    7.5882681457e-01    2.0511354179e+03    2.0500000000e+03    3.1250000000e-01   -3.5050288608e+01    9.9540323354e-01    9.9414634146e-01
        35   -3.5080906219e+01    7.7134630662e-01    2.0489702379e+03    2.0480000000e+03    3.7500000000e-01   -3.5051010731e+01    9.9455146088e-01    9.9169921875e-01
        36   -3.5094098828e+01    7.6441044163e-01    2.0414175820e+03    2.0400000000e+03    4.3750000000e-01   -3.5051918653e+01    9.9553794981e-01    9.9166666667e-01
        37   -3.5094744351e+01    7.5691670900e-01    2.0368000355e+03    2.0350000000e+03    3.7500000000e-01   -3.5050734816e+01    9.9503096945e-01    9.9656019656e-01
        38   -3.5100572663e+01    7.4583929640e-01    2.0407922958e+03    2.0390000000e+03    2.5000000000e-01   -3.5050736450e+01    9.9478282352e-01    9.9754781756e-01
        39   -3.5094783340e+01    7.4714053340e-01    2.0577155783e+03    2.0560000000e+03    3.7500000000e-01   -3.5055028937e+01    9.9520901664e-01    9.9513618677e-01
        40   -3.5105484289e+01    7.5677426786e-01    2.0624130619e+03    2.0610000000e+03    4.3750000000e-01   -3.5065098690e+01    9.9429093899e-01    9.9563318777e-01
        41   -3.5108280791e+01    7.6469670785e-01    2.0674681131e+03    2.0660000000e+03    4.3750000000e-01   -3.5069527443e+01    9.9530304874e-01    9.9564375605e-01
        42   -3.5093326317e+01    8.0460143365e-01    2.0720299181e+03    2.0710000000e+03    5.0000000000e-01   -3.5074055769e+01    9.9485735155e-01    9.9468855625e-01
        43   -3.5099354351e+01    7.6490471675e-01    2.0727819365e+03    2.0720000000e+03    3.1250000000e-01   -3.5077509006e+01    9.9505931432e-01    9.9372586873e-01
        44   -3.5130069655e+01    7.2884793865e-01    2.0684173306e+03    2.0670000000e+03    5.6250000000e-01   -3.5079268145e+01    9.9462765036e-01    9.9177552008e-01
        45   -3.5123350410e+01    7.3641613983e-01    2.0659929602e+03    2.0640000000e+03    4.3750000000e-01   -3.5079673427e+01    9.9604522720e-01    9.9709302326e-01
        46   -3.5115071885e+01    7.3901684715e-01    2.0705086391e+03    2.0690000000e+03    3.7500000000e-01   -3.5080562073e+01    9.9484443965e-01    9.9516674722e-01
        47   -3.5106809630e+01    7.2189834598e-01    2.0720518839e+03    2.0710000000e+03    3.1250000000e-01   -3.5084347520e+01    9.9507509791e-01    9.9130854660e-01
        48   -3.5115549038e+01    7.8788091506e-01    2.0700650296e+03    2.0690000000e+03    3.1250000000e-01   -3.5086285185e+01    9.9520616032e-01    9.9420009667e-01
        49   -3.5104875830e+01    7.5903244841e-01    2.0709245133e+03    2.0700000000e+03    4.3750000000e-01   -3.5086737550e+01    9.9539046913e-01    9.9516908213e-01
        50   -3.5127592023e+01    7.5233859107e-01    2.0761876612e+03    2.0750000000e+03    5.6250000000e-01   -3.5088114480e+01    9.9468908012e-01    9.9469879518e-01
        51   -3.5121579203e+01    7.6852677090e-01    2.0803133088e+03    2.0790000000e+03    3.1250000000e-01   -3.5092285251e+01    9.9519099386e-01    9.9663299663e-01
        52   -3.5112174602e+01    7.5482627041e-01    2.0847778562e+03    2.0840000000e+03    3.1250000000e-01   -3.5095613019e+01    9.9480007391e-01    9.9328214971e-01
        53   -3.5132817481e+01    7.8860401848e-01    2.0810342831e+03    2.0800000000e+03    6.2500000000e-01   -3.5098733067e+01    9.9560735269e-01    9.9615384615e-01
        54   -3.5147526276e+01    7.8655516707e-01    2.0918143254e+03    2.0900000000e+03    3.7500000000e-01   -3.5098461754e+01    9.9567316050e-01    9.9473684211e-01
        55   -3.5124871605e+01    7.6070760918e-01    2.0922325516e+03    2.0910000000e+03    3.7500000000e-01   -3.5105487544e+01    9.9465332040e-01    9.9665231946e-01
        56   -3.5128042614e+01    7.4568038768e-01    2.1047756020e+03    2.1040000000e+03    3.7500000000e-01   -3.5106813907e+01    9.9445532953e-01    9.9667300380e-01
        57   -3.5132042102e+01    8.4200427719e-01    2.1167013737e+03    2.1160000000e+03    5.6250000000e-01   -3.5113942326e+01    9.9538897612e-01    9.9196597353e-01
        58   -3.5127981738e+01    7.4856115189e-01    2.1184421208e+03    2.1180000000e+03    6.2500000000e-01   -3.5120788307e+01    9.9536208415e-01    9.9527856468e-01
        59   -3.5128551181e+01    7.5679037895e-01    2.1282061109e+03    2.1280000000e+03    5.0000000000e-01   -3.5122640834e+01    9.9507685873e-01    9.9342105263e-01
        60   -3.5117153153e+01    7.8993429244e-01    2.1267581630e+03    2.1270000000e+03    3.7500000000e-01   -3.5128232478e+01    9.9514365431e-01    9.9012693935e-01
        61   -3.5122469879e+01    7.9748861391e-01    2.1167267265e+03    2.1170000000e+03    5.6250000000e-01   -3.5128218627e+01    9.9623187675e-01    9.9338686821e-01
        62   -3.5138567192e+01    8.0063215058e-01    2.1142238070e+03    2.1140000000e+03    3.1250000000e-01   -3.5124252274e+01    9.9446859243e-01    9.9385052034e-01
        63   -3.5118151382e+01    7.9301677012e-01    2.1201799635e+03    2.1200000000e+03    3.7500000000e-01   -3.5124169641e+01    9.9586235507e-01    9.9386792453e-01
        64   -3.5127638959e+01    7.5945800297e-01    2.1248140155e+03    2.1250000000e+03    5.6250000000e-01   -3.5127569359e+01    9.9485005018e-01    9.9200000000e-01
        65   -3.5114220489e+01    7.5476123499e-01    2.1225732050e+03    2.1230000000e+03    3.7500000000e-01   -3.5130523925e+01    9.9506879397e-01    9.9246349505e-01
        66   -3.5116851671e+01    7.6566776780e-01    2.1193432356e+03    2.1200000000e+03    3.7500000000e-01   -3.5129914802e+01    9.9506132502e-01    9.9481132075e-01
        67   -3.5109165785e+01    7.3274115098e-01    2.1162783138e+03    2.1170000000e+03    2.5000000000e-01   -3.5128874947e+01    9.9595232049e-01    9.9433160132e-01
        68   -3.5105517390e+01    6.9700917197e-01    2.1171292025e+03    2.1180000000e+03    3.1250000000e-01   -3.5127730513e+01    9.9469825733e-01    9.9338999056e-01
        69   -3.5109766320e+01    7.2649528721e-01    2.1110718417e+03    2.1120000000e+03    4.3750000000e-01   -3.5128348464e+01    9.9489014093e-01    9.9289772727e-01
        70   -3.5100631968e+01    7.5258069318e-01    2.1060752170e+03    2.1070000000e+03    4.3750000000e-01   -3.5125775547e+01    9.9515325278e-01    9.9193165638e-01
        71   -3.5128838539e+01    8.1284485101e-01    2.1118094725e+03    2.1120000000e+03    5.0000000000e-01   -3.5123507611e+01    9.9520108339e-01    9.9479166667e-01
        72   -3.5141332658e+01    7.8278200922e-01    2.1163180077e+03    2.1160000000e+03    3.7500000000e-01   -3.5126866889e+01    9.9555348853e-01    9.9432892250e-01
        73   -3.5144246769e+01    7.7520912582e-01    2.1135508568e+03    2.1130000000e+03    3.1250000000e-01   -3.5129851363e+01    9.9445248078e-01    9.9100804543e-01
        74   -3.5156005165e+01    7.5318402355e-01    2.1089501204e+03    2.1080000000e+03    3.7500000000e-01   -3.5129417226e+01    9.9559258724e-01    9.9430740038e-01
        75   -3.5150600041e+01    7.4341355893e-01    2.1120321424e+03    2.1110000000e+03    5.0000000000e-01   -3.5128294321e+01    9.9448716510e-01    9.9336807200e-01
        76   -3.5132600299e+01    7.4210881950e-01    2.1074334560e+03    2.1070000000e+03    4.3750000000e-01   -3.5130676660e+01    9.9536268875e-01    9.9383009018e-01
        77   -3.5129108620e+01    7.4964800899e-01    2.1091672240e+03    2.1090000000e+03    5.0000000000e-01   -3.5129070780e+01    9.9495701767e-01    9.9573257468e-01
        78   -3.5133968537e+01    7.3748519315e-01    2.1130237235e+03    2.1130000000e+03    3.7500000000e-01   -3.5130387012e+01    9.9464779864e-01    9.9526739233e-01
        79   -3.5135875486e+01    7.4835902587e-01    2.1190857276e+03    2.1190000000e+03    4.3750000000e-01   -3.5132773297e+01    9.9513132573e-01    9.9244926852e-01
        80   -3.5113287998e+01    7.3847058358e-01    2.1094771927e+03    2.1100000000e+03    3.7500000000e-01   -3.5136210707e+01    9.9499891297e-01    9.9478672986e-01
        81   -3.5130752592e+01    7.3117298395e-01    2.1145980886e+03    2.1150000000e+03    5.6250000000e-01   -3.5131849692e+01    9.9537727123e-01    9.9527186761e-01
        82   -3.5140500440e+01    7.2132865022e-01    2.1190097094e+03    2.1190000000e+03    5.0000000000e-01   -3.5134733661e+01    9.9555413302e-01    9.9292118924e-01
        83   -3.5143662469e+01    7.1742946640e-01    2.1191876289e+03    2.1190000000e+03    4.3750000000e-01   -3.5137417246e+01    9.9570282380e-01    9.9292118924e-01
        84   -3.5156640751e+01    7.2304608862e-01    2.1185158623e+03    2.1180000000e+03    2.5000000000e-01   -3.5138131368e+01    9.9556907408e-01    9.9244570349e-01
        85   -3.5169225946e+01    7.1767385090e-01    2.1231609450e+03    2.1220000000e+03    3.7500000000e-01   -3.5138624764e+01    9.9451177291e-01    9.9245994345e-01
        86   -3.5161811073e+01    7.5443460714e-01    2.1190188329e+03    2.1180000000e+03    5.0000000000e-01   -3.5141791540e+01    9.9552636560e-01    9.9291784703e-01
        87   -3.5156595064e+01    7.5105655089e-01    2.1208733441e+03    2.1200000000e+03    3.7500000000e-01   -3.5140675460e+01    9.9460497699e-01    9.9292452830e-01
        88   -3.5168114976e+01    7.6693831472e-01    2.1228637269e+03    2.1220000000e+03    5.6250000000e-01   -3.5142285679e+01    9.9502770775e-01    9.9104618285e-01
        89   -3.5173140900e+01    7.9676027812e-01    2.1182123790e+03    2.1170000000e+03    4.3750000000e-01   -3.5144104778e+01    9.9525676124e-01    9.9433160132e-01
        90   -3.5174999368e+01    8.4331549659e-01    2.1172165213e+03    2.1160000000e+03    4.3750000000e-01   -3.5142838994e+01    9.9570023436e-01    9.9243856333e-01
        91   -3.5153120617e+01    8.1346427506e-01    2.1158194281e+03    2.1150000000e+03    5.0000000000e-01   -3.5143296477e+01    9.9549849546e-01    9.9290780142e-01
        92   -3.5157075349e+01    7.5523243048e-01    2.1125962214e+03    2.1120000000e+03    3.7500000000e-01   -3.5143234480e+01    9.9502187781e-01    9.9431818182e-01
        93   -3.5179238366e+01    7.4457473056e-01    2.1110891129e+03    2.1100000000e+03    3.7500000000e-01   -3.5142345815e+01    9.9544397987e-01    9.9478672986e-01
        94   -3.5181250186e+01    7.6438320333e-01    2.1125810124e+03    2.1110000000e+03    5.0000000000e-01   -3.5142550365e+01    9.9572324570e-01    9.9526290857e-01
        95   -3.5178115124e+01    7.6437980835e-01    2.1154438623e+03    2.1140000000e+03    4.3750000000e-01   -3.5144177346e+01    9.9499343100e-01    9.9290444655e-01
        96   -3.5176550605e+01    7.6347500930e-01    2.1092496923e+03    2.1080000000e+03    5.6250000000e-01   -3.5146386631e+01    9.9425283734e-01    9.9715370019e-01
        97   -3.5153081000e+01    7.3949631860e-01    2.1278901805e+03    2.1270000000e+03    3.7500000000e-01   -3.5144266796e+01    9.9526489981e-01    9.9341795957e-01
        98   -3.5169954693e+01    7.5616649873e-01    2.1344562721e+03    2.1340000000e+03    4.3750000000e-01   -3.5153556276e+01    9.9482514567e-01    9.9437675726e-01
        99   -3.5181352020e+01    7.2790406996e-01    2.1378093640e+03    2.1370000000e+03    5.0000000000e-01   -3.5157329224e+01    9.9534947670e-01    9.9578848854e-01
       100   -3.5185244512e+01    7.3894142747e-01    2.1409880418e+03    2.1400000000e+03    2.5000000000e-01   -3.5159716065e+01    9.9589260760e-01    9.9672897196e-01
       101   -3.5185417407e+01    7.2552106706e-01    2.1469441920e+03    2.1460000000e+03    3.7500000000e-01   -3.5162046863e+01    9.9509066069e-01    9.9440820130e-01
       102   -3.5167365510e+01    7.1478245913e-01    2.1433953954e+03    2.1430000000e+03    3.7500000000e-01   -3.5165651479e+01    9.9541195415e-01    9.9626691554e-01
       103   -3.5152705655e+01    7.1420919049e-01    2.1508014920e+03    2.1510000000e+03    5.0000000000e-01   -3.5164586266e+01    9.9503150043e-01    9.9349139935e-01
       104   -3.5171955601e+01    7.1462818315e-01    2.1507665570e+03    2.1510000000e+03    4.3750000000e-01   -3.5168436178e+01    9.9528952749e-01    9.9488609949e-01
       105   -3.5156500402e+01    7.3666627804e-01    2.1477074510e+03    2.1480000000e+03    3.7500000000e-01   -3.5169037539e+01    9.9528782280e-01    9.9208566108e-01
       106   -3.5162499108e+01    6.9925466753e-01    2.1416700044e+03    2.1420000000e+03    4.3750000000e-01   -3.5168037722e+01    9.9484515484e-01    9.9206349206e-01
       107   -3.5154955442e+01    6.8549674044e-01    2.1367336680e+03    2.1370000000e+03    4.3750000000e-01   -3.5165705394e+01    9.9511567812e-01    9.9344875994e-01
       108   -3.5152876825e+01    7.0853131381e-01    2.1426786622e+03    2.1430000000e+03    4.3750000000e-01   -3.5163783882e+01    9.9493992477e-01    9.9160055996e-01
       109   -3.5145360896e+01    6.9068839145e-01    2.1373303742e+03    2.1380000000e+03    6.2500000000e-01   -3.5166916317e+01    9.9464983547e-01    9.8971000935e-01
       110   -3.5162261949e+01    6.8336178433e-01    2.1336710072e+03    2.1340000000e+03    4.3750000000e-01   -3.5164679762e+01    9.9539423652e-01    9.9437675726e-01
       111   -3.5164089905e+01    7.0206592016e-01    2.1350042881e+03    2.1350000000e+03    5.6250000000e-01   -3.5163408768e+01    9.9474666649e-01    9.9484777518e-01
       112   -3.5157465809e+01    6.7722648259e-01    2.1438644646e+03    2.1440000000e+03    5.0000000000e-01   -3.5164486290e+01    9.9546771271e-01    9.9580223881e-01
       113   -3.5163308885e+01    6.8191451527e-01    2.1395421966e+03    2.1400000000e+03    1.8750000000e-01   -3.5168999536e+01    9.9483981950e-01    9.9439252336e-01
       114   -3.5148288173e+01    6.8408221590e-01    2.1424941386e+03    2.1430000000e+03    5.0000000000e-01   -3.5167407515e+01    9.9556246598e-01    9.9346710219e-01
       115   -3.5169082090e+01    6.7448552567e-01    2.1476235501e+03    2.1480000000e+03    5.6250000000e-01   -3.5169045311e+01    9.9503449102e-01    9.9208566108e-01
       116   -3.5179370291e+01    6.9095998997e-01    2.1502314585e+03    2.1500000000e+03    3.7500000000e-01   -3.5171906828e+01    9.9537673192e-01    9.9348837209e-01
       117   -3.5166701674e+01    7.0987750628e-01    2.1469314223e+03    2.1470000000e+03    3.7500000000e-01   -3.5173687029e+01    9.9486077399e-01    9.9487657196e-01
       118   -3.5166034293e+01    7.0950582968e-01    2.1516748184e+03    2.1520000000e+03    5.6250000000e-01   -3.5172576895e+01    9.9558143318e-01    9.9070631970e-01
       119   -3.5158416907e+01    7.1707827432e-01    2.1454268770e+03    2.1460000000e+03    5.0000000000e-01   -3.5175194279e+01    9.9512901257e-01    9.9301025163e-01
       120   -3.5170562043e+01    7.0715116631e-01    2.1436510174e+03    2.1440000000e+03    4.3750000000e-01   -3.5172612352e+01    9.9577667926e-01    9.9207089552e-01
       121   -3.5149359030e+01    6.9561418141e-01    2.1415786850e+03    2.1420000000e+03    3.7500000000e-01   -3.5172224114e+01    9.9501218476e-01    9.9393090570e-01
       122   -3.5173413033e+01    7.1013458094e-01    2.1466050699e+03    2.1470000000e+03    4.3750000000e-01   -3.5171480266e+01    9.9479879349e-01    9.9347927340e-01
       123   -3.5168758882e+01    6.9574056389e-01    2.1498638666e+03    2.1500000000e+03    6.2500000000e-01   -3.5174277109e+01    9.9546833000e-01    9.9441860465e-01
       124   -3.5172659686e+01    6.5408690161e-01    2.1517416118e+03    2.1520000000e+03    6.2500000000e-01   -3.5176193167e+01    9.9547751904e-01    9.9442379182e-01
       125   -3.5173633072e+01    6.6887316516e-01    2.1477961716e+03    2.1480000000e+03    4.3750000000e-01   -3.5177494852e+01    9.9527573746e-01    9.9674115456e-01
       126   -3.5173649337e+01    6.9703857351e-01    2.1478324840e+03    2.1480000000e+03    3.1250000000e-01   -3.5176089303e+01    9.9603217131e-01    9.9487895717e-01
       127   -3.5166899429e+01    7.0983210255e-01    2.1457111880e+03    2.1460000000e+03    4.3750000000e-01   -3.5176528066e+01    9.9548151487e-01    9.9440820130e-01
       128   -3.5164295900e+01    6.9924610962e-01    2.1486393912e+03    2.1490000000e+03    5.0000000000e-01   -3.5175891477e+01    9.9555900077e-01    9.9115867846e-01
       129   -3.5145518542e+01    6.7382249223e-01    2.1380112139e+03    2.1390000000e+03    3.7500000000e-01   -3.5177576433e+01    9.9548494372e-01    9.9064983637e-01
       130   -3.5150792543e+01    6.7889800225e-01    2.1250028306e+03    2.1260000000e+03    5.0000000000e-01   -3.5172762356e+01    9.9465909382e-01    9.9106302916e-01
       131   -3.5152494387e+01    6.8645779178e-01    2.1154138160e+03    2.1160000000e+03    5.0000000000e-01   -3.5166849005e+01    9.9482368161e-01    9.9480151229e-01
       132   -3.5134407286e+01    7.1411081862e-01    2.1161927876e+03    2.1170000000e+03    3.7500000000e-01   -3.5162527704e+01    9.9424461980e-01    9.9385923477e-01
       133   -3.5154344149e+01    6.9926666286e-01    2.1213266270e+03    2.1220000000e+03    5.6250000000e-01   -3.5162933627e+01    9.9519116136e-01    9.9387370405e-01
       134   -3.5167963232e+01    6.6040202457e-01    2.1127058818e+03    2.1130000000e+03    3.7500000000e-01   -3.5165568646e+01    9.9530560798e-01    9.9621391387e-01
       135   -3.5172685046e+01    6.9077989394e-01    2.1183245921e+03    2.1180000000e+03    2.5000000000e-01   -3.5161823237e+01    9.9582409512e-01    9.9480642115e-01
       136   -3.5165649522e+01    6.7072282458e-01    2.1161497314e+03    2.1160000000e+03    3.7500000000e-01   -3.5164840983e+01    9.9552062169e-01    9.9574669187e-01
       137   -3.5166123025e+01    6.5875518746e-01    2.1139898714e+03    2.1140000000e+03    2.5000000000e-01   -3.5164109239e+01    9.9538549999e-01    9.9243140965e-01
       138   -3.5170057928e+01    6.8303772523e-01    2.1082317080e+03    2.1080000000e+03    6.2500000000e-01   -3.5163382540e+01    9.9536728149e-01    9.9383301708e-01
       139   -3.5167191674e+01    7.1402183556e-01    2.1052594216e+03    2.1050000000e+03    4.3750000000e-01   -3.5160977581e+01    9.9476363346e-01    9.9572446556e-01
       140   -3.5168257966e+01    6.9085433744e-01    2.1103268786e+03    2.1100000000e+03    3.1250000000e-01   -3.5159860071e+01    9.9554825832e-01    9.9431279621e-01
       141   -3.5177703973e+01    7.0533201262e-01    2.1155411821e+03    2.1150000000e+03    4.3750000000e-01   -3.5162561522e+01    9.9516152948e-01    9.9432624113e-01
       142   -3.5181957795e+01    7.0041222472e-01    2.1206012419e+03    2.1200000000e+03    3.7500000000e-01   -3.5165399175e+01    9.9557870046e-01    9.9198113208e-01
       143   -3.5186630622e+01    7.1024157091e-01    2.1166875671e+03    2.1160000000e+03    5.6250000000e-01   -3.5168186589e+01    9.9479690472e-01    9.9196597353e-01
       144   -3.5196219020e+01    7.1397210670e-01    2.1090535843e+03    2.1080000000e+03    3.7500000000e-01   -3.5166769012e+01    9.9557611268e-01    9.9620493359e-01
       145   -3.5191291296e+01    6.9153550584e-01    2.1142746674e+03    2.1130000000e+03    4.3750000000e-01   -3.5163655431e+01    9.9395828456e-01    9.9526739233e-01
       146   -3.5195937908e+01    7.5235732862e-01    2.1181411788e+03    2.1170000000e+03    2.5000000000e-01   -3.5166580402e+01    9.9521580835e-01    9.9480396788e-01
       147   -3.5201804386e+01    7.2448803527e-01    2.1191878382e+03    2.1180000000e+03    5.6250000000e-01   -3.5168889430e+01    9.9477277350e-01    9.9480642115e-01
       148   -3.5177897810e+01    7.2310701781e-01    2.1228314301e+03    2.1220000000e+03    6.8750000000e-01   -3.5169903684e+01    9.9476016479e-01    9.9481621112e-01
       149   -3.5174817926e+01    7.1960662426e-01    2.1262042341e+03    2.1260000000e+03    3.1250000000e-01   -3.5171948390e+01    9.9505991409e-01    9.9294449671e-01
       150   -3.5187834762e+01    7.3623096064e-01    2.1263928263e+03    2.1260000000e+03    4.3750000000e-01   -3.5173834080e+01    9.9444035354e-01    9.9106302916e-01
       151   -3.5188091726e+01    7.4403267966e-01    2.1225642566e+03    2.1220000000e+03    5.0000000000e-01   -3.5174315716e+01    9.9509074462e-01    9.9622997172e-01
       152   -3.5169874405e+01    7.6149891209e-01    2.1292504627e+03    2.1290000000e+03    3.7500000000e-01   -3.5172902528e+01    9.9545791994e-01    9.9624236731e-01
       153   -3.5187770038e+01    7.6042738701e-01    2.1350293060e+03    2.1350000000e+03    3.1250000000e-01   -3.5176293751e+01    9.9583214534e-01    9.9156908665e-01
       154   -3.5206945767e+01    7.3201523032e-01    2.1358957020e+03    2.1350000000e+03    5.6250000000e-01   -3.5179380091e+01    9.9528700922e-01    9.9110070258e-01
       155   -3.5200620186e+01    7.3893569069e-01    2.1289857012e+03    2.1280000000e+03    5.0000000000e-01   -3.5180298271e+01    9.9581026103e-01    9.9436090226e-01
       156   -3.5166335949e+01    7.1848738873e-01    2.1282474986e+03    2.1280000000e+03    3.7500000000e-01   -3.5177516264e+01    9.9517204792e-01    9.9201127820e-01
       157   -3.5189728399e+01    6.9702388836e-01    2.1261420317e+03    2.1260000000e+03    4.3750000000e-01   -3.5177370936e+01    9.9430665345e-01    9.9388523048e-01
       158   -3.5168820069e+01    7.2514427328e-01    2.1331899469e+03    2.1330000000e+03    4.3750000000e-01   -3.5176749213e+01    9.9565848747e-01    9.9578059072e-01
       159   -3.5190070023e+01    7.4033851863e-01    2.1430037744e+03    2.1430000000e+03    3.7500000000e-01   -3.5180270962e+01    9.9584305279e-01    9.9300046664e-01
       160   -3.5224840407e+01    7.0030910648e-01    2.1420301086e+03    2.1410000000e+03    4.3750000000e-01   -3.5185222052e+01    9.9529160592e-01    9.9159271369e-01
       161   -3.5239145882e+01    7.2563695001e-01    2.1440897149e+03    2.1420000000e+03    4.3750000000e-01   -3.5185370178e+01    9.9499754801e-01    9.9393090570e-01
       162   -3.5226163854e+01    7.3233320318e-01    2.1428692076e+03    2.1410000000e+03    3.7500000000e-01   -3.5187026068e+01    9.9543723766e-01    9.9486221392e-01
       163   -3.5226209877e+01    7.4839977212e-01    2.1477199918e+03    2.1460000000e+03    3.1250000000e-01   -3.5187050993e+01    9.9567933558e-01    9.9394221808e-01
       164   -3.5234126979e+01    7.4332293112e-01    2.1527518734e+03    2.1510000000e+03    5.6250000000e-01   -3.5189898516e+01    9.9551136917e-01    9.9209669921e-01
       165   -3.5206885979e+01    7.1475910459e-01    2.1472152894e+03    2.1460000000e+03    5.6250000000e-01   -3.5192871578e+01    9.9554534496e-01    9.9534016775e-01
       166   -3.5212145831e+01    7.4731128936e-01    2.1528495020e+03    2.1520000000e+03    3.7500000000e-01   -3.5190734056e+01    9.9502869225e-01    9.9302973978e-01
       167   -3.5226873295e+01    7.3367500532e-01    2.1501347170e+03    2.1490000000e+03    5.0000000000e-01   -3.5193822064e+01    9.9527356585e-01    9.9348534202e-01
       168   -3.5227849400e+01    7.0614236524e-01    2.1474540120e+03    2.1460000000e+03    4.3750000000e-01   -3.5193120924e+01    9.9434548502e-01    9.9207828518e-01
       169   -3.5215949283e+01    7.1307075957e-01    2.1463685268e+03    2.1450000000e+03    4.3750000000e-01   -3.5192433084e+01    9.9437223187e-01    9.9347319347e-01
       170   -3.5221560335e+01    6.9733932886e-01    2.1502191374e+03    2.1490000000e+03    5.6250000000e-01   -3.5192400384e+01    9.9501713981e-01    9.9348534202e-01
       171   -3.5213894964e+01    7.6215318753e-01    2.1469189082e+03    2.1460000000e+03    4.3750000000e-01   -3.5194696587e+01    9.9557101057e-01    9.9487418453e-01
       172   -3.5223295125e+01    7.5672296814e-01    2.1520535729e+03    2.1510000000e+03    3.7500000000e-01   -3.5193607314e+01    9.9504727499e-01    9.9349139935e-01
       173   -3.5203359799e+01    7.1285357422e-01    2.1507326277e+03    2.1500000000e+03    4.3750000000e-01   -3.5196498441e+01    9.9526737829e-01    9.9627906977e-01
       174   -3.5213264721e+01    7.0751571521e-01    2.1504000290e+03    2.1500000000e+03    2.5000000000e-01   -3.5196250811e+01    9.9426107868e-01    9.9627906977e-01
       175   -3.5216289681e+01    7.2152613176e-01    2.1618352504e+03    2.1610000000e+03    4.3750000000e-01   -3.5196521695e+01    9.9534183060e-01    9.9583526145e-01
       176   -3.5212983863e+01    7.0196038314e-01    2.1715207350e+03    2.1710000000e+03    4.3750000000e-01   -3.5202264799e+01    9.9538906341e-01    9.9631506218e-01
       177   -3.5204279696e+01    6.7654294768e-01    2.1769844125e+03    2.1770000000e+03    5.0000000000e-01   -3.5207147828e+01    9.9434622348e-01    9.9310978411e-01
       178   -3.5210428072e+01    6.8094235260e-01    2.1688892848e+03    2.1690000000e+03    5.0000000000e-01   -3.5210013234e+01    9.9519190722e-01    9.9446749654e-01
       179   -3.5208285713e+01    6.3296062085e-01    2.1722117174e+03    2.1720000000e+03    4.3750000000e-01   -3.5206674538e+01    9.9499287174e-01    9.9401473297e-01
       180   -3.5212951107e+01    6.7307779115e-01    2.1710779030e+03    2.1710000000e+03    4.3750000000e-01   -3.5208573742e+01    9.9477608208e-01    9.8986642100e-01
       181   -3.5198350227e+01    6.8996201691e-01    2.1639679170e+03    2.1640000000e+03    4.3750000000e-01   -3.5208444559e+01    9.9464230836e-01    9.9353049908e-01
       182   -3.5200430926e+01    6.7573334560e-01    2.1617679688e+03    2.1620000000e+03    3.7500000000e-01   -3.5205462257e+01    9.9605652763e-01    9.9167437558e-01
       183   -3.5218634575e+01    6.7615104467e-01    2.1542201885e+03    2.1540000000e+03    3.7500000000e-01   -3.5204752159e+01    9.9584254894e-01    9.9535747447e-01
       184   -3.5195165400e+01    6.5514852567e-01    2.1541792112e+03    2.1540000000e+03    5.0000000000e-01   -3.5201668864e+01    9.9569525076e-01    9.9210770659e-01
       185   -3.5200478707e+01    6.4293139668e-01    2.1539943456e+03    2.1540000000e+03    5.6250000000e-01   -3.5201916882e+01    9.9495019184e-01    9.9489322191e-01
       186   -3.5198965612e+01    6.6646076414e-01    2.1539292495e+03    2.1540000000e+03    3.7500000000e-01   -3.5202126892e+01    9.9412928198e-01    9.9350046425e-01
       187   -3.5203881734e+01    6.7042804886e-01    2.1549920574e+03    2.1550000000e+03    3.7500000000e-01   -3.5202379897e+01    9.9517101539e-01    9.9303944316e-01
       188   -3.5207692491e+01    6.6759555607e-01    2.1490627298e+03    2.1490000000e+03    3.7500000000e-01   -3.5203182321e+01    9.9533938394e-01    9.9534667287e-01
       189   -3.5200622015e+01    6.7929487650e-01    2.1521364626e+03    2.1520000000e+03    3.7500000000e-01   -3.5200755100e+01    9.9489852586e-01    9.9302973978e-01
       190   -3.5208259542e+01    6.6526691269e-01    2.1501259757e+03    2.1500000000e+03    6.2500000000e-01   -3.5202466904e+01    9.9469567026e-01    9.9395348837e-01
       191   -3.5196528494e+01    6.7125803993e-01    2.1500476950e+03    2.1500000000e+03    2.5000000000e-01   -3.5201856203e+01    9.9513669292e-01    9.9627906977e-01
       192   -3.5190947498e+01    7.3007595910e-01    2.1545686703e+03    2.1550000000e+03    4.3750000000e-01   -3.5202071743e+01    9.9557639000e-01    9.9489559165e-01
       193   -3.5192386375e+01    7.0933460329e-01    2.1503257954e+03    2.1510000000e+03    3.7500000000e-01   -3.5204389043e+01    9.9462019036e-01    9.9488609949e-01
       194   -3.5200523283e+01    6.8173637211e-01    2.1557553107e+03    2.1560000000e+03    5.6250000000e-01   -3.5202640408e+01    9.9535097658e-01    9.9211502783e-01
       195   -3.5207103006e+01    7.4756457655e-01    2.1549961163e+03    2.1550000000e+03    4.3750000000e-01   -3.5205428705e+01    9.9538157106e-01    9.9303944316e-01
       196   -3.5177364241e+01    7.4049648145e-01    2.1504868754e+03    2.1510000000e+03    4.3750000000e-01   -3.5205377334e+01    9.9565278701e-01    9.9163179916e-01
       197   -3.5187041028e+01    7.4873356089e-01    2.1500924778e+03    2.1510000000e+03    5.0000000000e-01   -3.5203412130e+01    9.9570251734e-01    9.9581589958e-01
       198   -3.5199421723e+01    7.5738928196e-01    2.1585148425e+03    2.1590000000e+03    4.3750000000e-01   -3.5203411071e+01    9.9444052360e-01    9.9305233905e-01
       199   -3.5179812342e+01    7.0150673476e-01    2.1552617125e+03    2.1560000000e+03    5.6250000000e-01   -3.5207570114e+01    9.9509158929e-01    9.9257884972e-01
