#   index    LocalEnergy         LocalEnergy_sq      LocalPotential      Kinetic             LocalECP            NonLocalECP         ElecElec            IonIon              BlockWeight         BlockCPU            AcceptRatio         
         0   -3.5156584246e+01    1.2367485126e+03   -4.8441628671e+01    1.3285044425e+01   -9.6820226875e+00    3.9003882871e+00   -6.2418947966e+00   -3.6418099474e+01    2.0466026094e+04    4.8569343200e-01    9.9903234145e-01
         1   -3.5177620383e+01    1.2381978579e+03   -4.8384548862e+01    1.3206928479e+01   -9.6227299221e+00    3.8741324049e+00   -6.2178518704e+00   -3.6418099474e+01    2.0489702921e+04    5.5805702900e-01    9.9884135038e-01
         2   -3.5156526350e+01    1.2366887643e+03   -4.8395864299e+01    1.3239337948e+01   -9.6399092272e+00    3.8713359853e+00   -6.2091915826e+00   -3.6418099474e+01    2.0501924983e+04    5.1328958000e-01    9.9888376532e-01
         3   -3.5161072396e+01    1.2369969793e+03   -4.8409836574e+01    1.3248764178e+01   -9.7339210036e+00    3.9421510204e+00   -6.1999671170e+00   -3.6418099474e+01    2.0473369375e+04    5.2552875800e-01    9.9892890288e-01
         4   -3.5155133549e+01    1.2366017450e+03   -4.8482176443e+01    1.3327042893e+01   -9.7322298445e+00    3.8760531542e+00   -6.2079002782e+00   -3.6418099474e+01    2.0373497995e+04    5.0963500200e-01    9.9890611524e-01
         5   -3.5164675520e+01    1.2372857192e+03   -4.8496132764e+01    1.3331457244e+01   -9.7275367037e+00    3.8427012032e+00   -6.1931977893e+00   -3.6418099474e+01    2.0571379386e+04    5.4276237400e-01    9.9898956228e-01
         6   -3.5173831684e+01    1.2379088979e+03   -4.8395296635e+01    1.3221464950e+01   -9.7931687307e+00    4.0286304053e+00   -6.2126588350e+00   -3.6418099474e+01    2.0528069576e+04    5.4736634900e-01    9.9895080803e-01
         7   -3.5195454262e+01    1.2394320673e+03   -4.8535059454e+01    1.3339605192e+01   -9.7708794612e+00    3.8366948987e+00   -6.1827754171e+00   -3.6418099474e+01    2.0608157328e+04    6.0181481600e-01    9.9889232497e-01
         8   -3.5198030434e+01    1.2396068838e+03   -4.8579108238e+01    1.3381077804e+01   -9.7839728540e+00    3.7856094044e+00   -6.1626453140e+00   -3.6418099474e+01    2.0717654502e+04    5.7777495800e-01    9.9895343384e-01
         9   -3.5200482585e+01    1.2397771690e+03   -4.8487163924e+01    1.3286681340e+01   -9.7496604265e+00    3.8669890751e+00   -6.1863930987e+00   -3.6418099474e+01    2.0623739352e+04    6.7734766500e-01    9.9893134266e-01
        10   -3.5189070235e+01    1.2389595911e+03   -4.8473113665e+01    1.3284043429e+01   -9.7683031819e+00    3.9194649462e+00   -6.2061759547e+00   -3.6418099474e+01    2.0536020272e+04    6.6851438000e-01    9.9896165245e-01
        11   -3.5176186784e+01    1.2380459306e+03   -4.8529145533e+01    1.3352958749e+01   -9.7753905320e+00    3.8487951686e+00   -6.1844506959e+00   -3.6418099474e+01    2.0395514312e+04    4.8210316700e-01    9.9894932231e-01
        12   -3.5191438722e+01    1.2391020243e+03   -4.8579856215e+01    1.3388417493e+01   -9.7745096831e+00    3.8021991877e+00   -6.1894462454e+00   -3.6418099474e+01    2.0274691244e+04    5.1873803800e-01    9.9896222426e-01
        13   -3.5190550696e+01    1.2390767192e+03   -4.8511371388e+01    1.3320820692e+01   -9.7825070463e+00    3.8607760714e+00   -6.1715409390e+00   -3.6418099474e+01    2.0270842401e+04    4.7615835000e-01    9.9887390563e-01
        14   -3.5191032430e+01    1.2391340656e+03   -4.8546976639e+01    1.3355944209e+01   -9.7487067776e+00    3.8075410477e+00   -6.1877114345e+00   -3.6418099474e+01    2.0427814269e+04    4.8180091800e-01    9.9891764294e-01
        15   -3.5195635952e+01    1.2394334650e+03   -4.8471839312e+01    1.3276203360e+01   -9.7488111019e+00    3.8544262204e+00   -6.1593549564e+00   -3.6418099474e+01    2.0525633486e+04    5.4149590100e-01    9.9897501758e-01
        16   -3.5184842248e+01    1.2386740988e+03   -4.8529614146e+01    1.3344771898e+01   -9.7407660386e+00    3.7999950483e+00   -6.1707436817e+00   -3.6418099474e+01    2.0573913834e+04    5.2332507400e-01    9.9886298935e-01
        17   -3.5169134081e+01    1.2375458499e+03   -4.8456996829e+01    1.3287862748e+01   -9.7213309035e+00    3.8709155732e+00   -6.1884820245e+00   -3.6418099474e+01    2.0372037390e+04    4.8701836800e-01    9.9893246294e-01
        18   -3.5204299634e+01    1.2400396816e+03   -4.8390685174e+01    1.3186385540e+01   -9.7192313490e+00    3.9539669972e+00   -6.2073213479e+00   -3.6418099474e+01    2.0241240517e+04    4.7850220900e-01    9.9888977534e-01
        19   -3.5184978656e+01    1.2386894142e+03   -4.8338259158e+01    1.3153280502e+01   -9.6237104977e+00    3.9072311470e+00   -6.2036803334e+00   -3.6418099474e+01    2.0498559019e+04    5.7679432800e-01    9.9894589019e-01
        20   -3.5165703468e+01    1.2373376907e+03   -4.8394287579e+01    1.3228584111e+01   -9.5891681950e+00    3.8073749468e+00   -6.1943948562e+00   -3.6418099474e+01    2.0485755940e+04    5.3882831300e-01    9.9898726146e-01
        21   -3.5172036675e+01    1.2377695005e+03   -4.8396429937e+01    1.3224393262e+01   -9.6090906878e+00    3.8243796096e+00   -6.1936193846e+00   -3.6418099474e+01    2.0445462800e+04    5.3647992700e-01    9.9894500765e-01
        22   -3.5164446713e+01    1.2372665135e+03   -4.8385609510e+01    1.3221162797e+01   -9.6366149502e+00    3.8970710963e+00   -6.2279661820e+00   -3.6418099474e+01    2.0471854169e+04    5.3294068000e-01    9.9892726321e-01
        23   -3.5181037014e+01    1.2384530740e+03   -4.8351820297e+01    1.3170783283e+01   -9.6755233867e+00    3.9512488173e+00   -6.2094462532e+00   -3.6418099474e+01    2.0656375998e+04    5.3546346700e-01    9.9889873173e-01
        24   -3.5202748759e+01    1.2399290274e+03   -4.8352920800e+01    1.3150172042e+01   -9.6856410078e+00    3.9587339389e+00   -6.2079142572e+00   -3.6418099474e+01    2.0707087219e+04    5.5998185200e-01    9.9897195294e-01
        25   -3.5192331603e+01    1.2391899926e+03   -4.8260802029e+01    1.3068470426e+01   -9.7367080735e+00    4.0974199054e+00   -6.2034143873e+00   -3.6418099474e+01    2.0628073425e+04    5.6551912500e-01    9.9896806543e-01
        26   -3.5201896868e+01    1.2398526640e+03   -4.8301065187e+01    1.3099168319e+01   -9.6529243233e+00    4.0060173823e+00   -6.2360587719e+00   -3.6418099474e+01    2.0566971051e+04    5.6414574900e-01    9.9886938339e-01
        27   -3.5197833116e+01    1.2396057547e+03   -4.8285485366e+01    1.3087652250e+01   -9.6583592781e+00    4.0064736553e+00   -6.2155002690e+00   -3.6418099474e+01    2.0588078150e+04    5.9142720700e-01    9.9894172184e-01
        28   -3.5207492629e+01    1.2403191178e+03   -4.8407973528e+01    1.3200480899e+01   -9.5251127677e+00    3.7871750274e+00   -6.2519363136e+00   -3.6418099474e+01    2.0503249197e+04    5.0511229800e-01    9.9887973629e-01
        29   -3.5227188387e+01    1.2417061631e+03   -4.8360457935e+01    1.3133269548e+01   -9.4346447850e+00    3.7509490747e+00   -6.2586627506e+00   -3.6418099474e+01    2.0390358228e+04    5.2943695600e-01    9.9893633426e-01
        30   -3.5222803205e+01    1.2413757067e+03   -4.8266497922e+01    1.3043694717e+01   -9.4760386627e+00    3.8700396220e+00   -6.2423994070e+00   -3.6418099474e+01    2.0701958605e+04    5.4650364800e-01    9.9890593075e-01
        31   -3.5216121912e+01    1.2408927190e+03   -4.8280517739e+01    1.3064395828e+01   -9.4994539487e+00    3.8694283075e+00   -6.2323926240e+00   -3.6418099474e+01    2.0904033111e+04    5.5498147000e-01    9.9895430376e-01
        32   -3.5188655008e+01    1.2389342833e+03   -4.8313833130e+01    1.3125178121e+01   -9.5126846656e+00    3.8487205056e+00   -6.2317694954e+00   -3.6418099474e+01    2.0771069526e+04    5.5183902100e-01    9.9896677165e-01
        33   -3.5192719903e+01    1.2392104014e+03   -4.8289140156e+01    1.3096420253e+01   -9.4590929252e+00    3.7880086759e+00   -6.1999564330e+00   -3.6418099474e+01    2.0677905689e+04    5.3598608200e-01    9.9895511665e-01
        34   -3.5189165662e+01    1.2389547915e+03   -4.8240453136e+01    1.3051287474e+01   -9.4816418317e+00    3.8806666942e+00   -6.2213785240e+00   -3.6418099474e+01    2.0709095789e+04    5.6179712400e-01    9.9899294371e-01
        35   -3.5200923151e+01    1.2397712625e+03   -4.8286065978e+01    1.3085142827e+01   -9.4243648238e+00    3.7622091968e+00   -6.2058108768e+00   -3.6418099474e+01    2.0898328652e+04    5.3799062400e-01    9.9898154477e-01
        36   -3.5211353930e+01    1.2405328817e+03   -4.8310557473e+01    1.3099203543e+01   -9.4783127427e+00    3.7661295817e+00   -6.1802748381e+00   -3.6418099474e+01    2.1094123139e+04    5.3542096800e-01    9.9893339654e-01
        37   -3.5189538984e+01    1.2389605568e+03   -4.8364741237e+01    1.3175202253e+01   -9.5384226646e+00    3.8050582408e+00   -6.2132773388e+00   -3.6418099474e+01    2.1035143857e+04    5.3502744700e-01    9.9883900141e-01
        38   -3.5209146341e+01    1.2403342873e+03   -4.8493678796e+01    1.3284532454e+01   -9.5786779217e+00    3.7169374525e+00   -6.2138388524e+00   -3.6418099474e+01    2.1080072023e+04    5.6719876900e-01    9.9900050144e-01
        39   -3.5216348847e+01    1.2408515754e+03   -4.8519795931e+01    1.3303447084e+01   -9.6752613843e+00    3.7868514484e+00   -6.2132865210e+00   -3.6418099474e+01    2.1242978605e+04    5.5917777400e-01    9.9894597048e-01
        40   -3.5223948496e+01    1.2414026753e+03   -4.8393981383e+01    1.3170032887e+01   -9.6923880840e+00    3.9037790466e+00   -6.1872728715e+00   -3.6418099474e+01    2.1284724174e+04    5.2835891700e-01    9.9893457806e-01
        41   -3.5222376920e+01    1.2412926133e+03   -4.8396155793e+01    1.3173778873e+01   -9.6569366176e+00    3.8754858366e+00   -6.1966055379e+00   -3.6418099474e+01    2.1004238838e+04    5.8238230100e-01    9.9889471572e-01
        42   -3.5192817383e+01    1.2392299120e+03   -4.8313370505e+01    1.3120553122e+01   -9.6392468012e+00    3.9413004013e+00   -6.1973246308e+00   -3.6418099474e+01    2.1020879058e+04    5.5621438200e-01    9.9890781481e-01
        43   -3.5194582979e+01    1.2393511156e+03   -4.8435791220e+01    1.3241208241e+01   -9.6585950386e+00    3.8346759499e+00   -6.1937726572e+00   -3.6418099474e+01    2.1084490761e+04    5.8495390100e-01    9.9896701212e-01
        44   -3.5201638191e+01    1.2398563089e+03   -4.8316004678e+01    1.3114366488e+01   -9.7040572400e+00    3.9917945196e+00   -6.1856424838e+00   -3.6418099474e+01    2.0951857228e+04    5.6885594700e-01    9.9885809728e-01
        45   -3.5193138723e+01    1.2392599791e+03   -4.8364372451e+01    1.3171233728e+01   -9.6858879156e+00    3.9188233702e+00   -6.1792084316e+00   -3.6418099474e+01    2.0798058413e+04    5.7846971800e-01    9.9899386705e-01
        46   -3.5190760847e+01    1.2390947460e+03   -4.8310220691e+01    1.3119459844e+01   -9.7224418381e+00    4.0112141184e+00   -6.1808934971e+00   -3.6418099474e+01    2.0970954902e+04    5.4753376000e-01    9.9895118230e-01
        47   -3.5217092401e+01    1.2410276501e+03   -4.8350797257e+01    1.3133704857e+01   -9.7653009838e+00    4.0165372060e+00   -6.1839340054e+00   -3.6418099474e+01    2.1039225343e+04    5.6940326800e-01    9.9889835687e-01
        48   -3.5213862921e+01    1.2407731645e+03   -4.8305546085e+01    1.3091683163e+01   -9.7735953360e+00    4.0633590825e+00   -6.1772103572e+00   -3.6418099474e+01    2.0982237948e+04    5.3204303200e-01    9.9895834043e-01
        49   -3.5208282378e+01    1.2403673989e+03   -4.8401657709e+01    1.3193375332e+01   -9.7930628805e+00    4.0241380877e+00   -6.2146334423e+00   -3.6418099474e+01    2.0980128019e+04    5.4620413700e-01    9.9892935441e-01
        50   -3.5197141571e+01    1.2395947425e+03   -4.8434118113e+01    1.3236976542e+01   -9.7446954781e+00    3.9442440353e+00   -6.2155671963e+00   -3.6418099474e+01    2.1069791917e+04    5.3163127300e-01    9.9892052195e-01
        51   -3.5208758803e+01    1.2404359579e+03   -4.8311732655e+01    1.3102973853e+01   -9.6870629755e+00    3.9771445417e+00   -6.1837147473e+00   -3.6418099474e+01    2.0998821474e+04    5.4598638900e-01    9.9888610746e-01
        52   -3.5210329819e+01    1.2405474416e+03   -4.8246761187e+01    1.3036431368e+01   -9.6550199259e+00    3.9930835624e+00   -6.1667253490e+00   -3.6418099474e+01    2.0974498540e+04    5.7156189600e-01    9.9894777705e-01
        53   -3.5197553843e+01    1.2396172810e+03   -4.8288497386e+01    1.3090943543e+01   -9.6413824851e+00    3.9457360513e+00   -6.1747514775e+00   -3.6418099474e+01    2.0915004413e+04    5.2870562800e-01    9.9896198261e-01
        54   -3.5195891408e+01    1.2395481369e+03   -4.8402416929e+01    1.3206525521e+01   -9.6437305907e+00    3.8440869713e+00   -6.1846738360e+00   -3.6418099474e+01    2.0758234499e+04    5.5848093800e-01    9.9885258761e-01
        55   -3.5208271267e+01    1.2403573929e+03   -4.8445676401e+01    1.3237405134e+01   -9.6379139324e+00    3.7930166427e+00   -6.1826796371e+00   -3.6418099474e+01    2.0554594903e+04    5.5086612600e-01    9.9896261234e-01
        56   -3.5219046670e+01    1.2411358401e+03   -4.8346456231e+01    1.3127409561e+01   -9.6522886402e+00    3.8868900315e+00   -6.1629581482e+00   -3.6418099474e+01    2.0551401474e+04    5.4718921900e-01    9.9890321145e-01
        57   -3.5206075720e+01    1.2401828418e+03   -4.8390502982e+01    1.3184427262e+01   -9.6520640704e+00    3.8219141572e+00   -6.1422535947e+00   -3.6418099474e+01    2.0675314025e+04    5.4856669700e-01    9.9888754534e-01
        58   -3.5219499213e+01    1.2411252318e+03   -4.8405810417e+01    1.3186311203e+01   -9.6924499706e+00    3.8626526156e+00   -6.1579135875e+00   -3.6418099474e+01    2.0774286390e+04    5.3094620100e-01    9.9897870760e-01
        59   -3.5224780687e+01    1.2415120213e+03   -4.8451433707e+01    1.3226653020e+01   -9.6698518309e+00    3.8256861566e+00   -6.1891685583e+00   -3.6418099474e+01    2.0890873123e+04    5.8186497500e-01    9.9882713390e-01
        60   -3.5210848756e+01    1.2405660456e+03   -4.8429598532e+01    1.3218749777e+01   -9.7647257555e+00    3.9075619282e+00   -6.1543352309e+00   -3.6418099474e+01    2.1003206287e+04    5.4567865100e-01    9.9894752950e-01
        61   -3.5201077170e+01    1.2399720655e+03   -4.8504515752e+01    1.3303438582e+01   -9.7035594045e+00    3.7680744488e+00   -6.1509313220e+00   -3.6418099474e+01    2.0946630238e+04    5.5949485400e-01    9.9890736650e-01
        62   -3.5208118206e+01    1.2404266547e+03   -4.8582745065e+01    1.3374626859e+01   -9.6630437726e+00    3.6730007810e+00   -6.1746025992e+00   -3.6418099474e+01    2.1021032094e+04    5.8532365300e-01    9.9893664005e-01
        63   -3.5204102801e+01    1.2401380575e+03   -4.8543085429e+01    1.3338982628e+01   -9.6899817536e+00    3.7589651414e+00   -6.1939693428e+00   -3.6418099474e+01    2.0943475655e+04    5.6122777500e-01    9.9884402131e-01
        64   -3.5184915496e+01    1.2387860806e+03   -4.8435997062e+01    1.3251081566e+01   -9.6912186617e+00    3.8677370717e+00   -6.1944159976e+00   -3.6418099474e+01    2.0952186688e+04    5.6784927500e-01    9.9889069135e-01
        65   -3.5189049190e+01    1.2390669900e+03   -4.8382950497e+01    1.3193901307e+01   -9.6710759143e+00    3.9184710725e+00   -6.2122461805e+00   -3.6418099474e+01    2.0953668861e+04    5.6037225600e-01    9.9882258724e-01
        66   -3.5201408428e+01    1.2399648175e+03   -4.8311652338e+01    1.3110243910e+01   -9.6201453088e+00    3.9397368814e+00   -6.2131444363e+00   -3.6418099474e+01    2.0963481038e+04    5.3025442500e-01    9.9891671663e-01
        67   -3.5205599150e+01    1.2402025827e+03   -4.8336149526e+01    1.3130550377e+01   -9.6600479112e+00    3.9875214747e+00   -6.2455236157e+00   -3.6418099474e+01    2.0953390878e+04    5.4069305900e-01    9.9903368964e-01
        68   -3.5190812247e+01    1.2390762109e+03   -4.8422437718e+01    1.3231625471e+01   -9.6139878490e+00    3.8442402015e+00   -6.2345905968e+00   -3.6418099474e+01    2.0890381479e+04    5.3097726000e-01    9.9895571264e-01
        69   -3.5203665061e+01    1.2400217187e+03   -4.8375238031e+01    1.3171572970e+01   -9.6501100248e+00    3.9308024310e+00   -6.2378309633e+00   -3.6418099474e+01    2.0890162372e+04    5.3761340100e-01    9.9890599039e-01
        70   -3.5209296498e+01    1.2404424561e+03   -4.8356358412e+01    1.3147061914e+01   -9.6508393061e+00    3.9287242218e+00   -6.2161438534e+00   -3.6418099474e+01    2.0856700891e+04    5.6296222500e-01    9.9897264496e-01
        71   -3.5214814798e+01    1.2408699573e+03   -4.8310713087e+01    1.3095898289e+01   -9.6031065601e+00    3.9291369255e+00   -6.2186439777e+00   -3.6418099474e+01    2.0909606399e+04    5.2826867600e-01    9.9893933183e-01
        72   -3.5220213290e+01    1.2411973019e+03   -4.8440499607e+01    1.3220286317e+01   -9.5536350453e+00    3.7664850644e+00   -6.2352501520e+00   -3.6418099474e+01    2.0955121597e+04    5.3123746300e-01    9.9893138358e-01
        73   -3.5199086117e+01    1.2397080409e+03   -4.8421087288e+01    1.3222001171e+01   -9.6108062042e+00    3.8466983274e+00   -6.2388799368e+00   -3.6418099474e+01    2.0850756164e+04    5.3949143500e-01    9.9897073532e-01
        74   -3.5180220010e+01    1.2383629227e+03   -4.8481771726e+01    1.3301551716e+01   -9.6120715045e+00    3.8139627548e+00   -6.2655635025e+00   -3.6418099474e+01    2.0892156127e+04    5.8485919800e-01    9.9896958305e-01
        75   -3.5182455991e+01    1.2385179934e+03   -4.8416004703e+01    1.3233548712e+01   -9.6324864787e+00    3.8960278590e+00   -6.2614466095e+00   -3.6418099474e+01    2.0873913297e+04    5.6750072600e-01    9.9886773348e-01
        76   -3.5185305032e+01    1.2387056447e+03   -4.8292156925e+01    1.3106851893e+01   -9.5773241514e+00    3.9491352097e+00   -6.2458685088e+00   -3.6418099474e+01    2.0782327061e+04    5.2918929700e-01    9.9890561863e-01
        77   -3.5194749094e+01    1.2393715138e+03   -4.8342042564e+01    1.3147293470e+01   -9.4440123866e+00    3.7692832068e+00   -6.2492139105e+00   -3.6418099474e+01    2.0654701377e+04    5.5642765500e-01    9.9898166654e-01
        78   -3.5211351959e+01    1.2405191716e+03   -4.8399062801e+01    1.3187710842e+01   -9.4370283999e+00    3.7272786034e+00   -6.2712135301e+00   -3.6418099474e+01    2.0628370407e+04    5.5090677000e-01    9.9892997389e-01
        79   -3.5216092758e+01    1.2408612445e+03   -4.8314714515e+01    1.3098621757e+01   -9.4453148987e+00    3.7929413286e+00   -6.2442414711e+00   -3.6418099474e+01    2.0656351067e+04    5.4370472400e-01    9.9898324780e-01
        80   -3.5200270586e+01    1.2397734129e+03   -4.8200281874e+01    1.3000011288e+01   -9.4346079287e+00    3.9244997140e+00   -6.2720741850e+00   -3.6418099474e+01    2.0620135620e+04    5.6724686200e-01    9.9898854843e-01
        81   -3.5203188094e+01    1.2399545821e+03   -4.8236667680e+01    1.3033479585e+01   -9.4754246121e+00    3.9345507872e+00   -6.2776943806e+00   -3.6418099474e+01    2.0550375309e+04    5.2385908700e-01    9.9892422662e-01
        82   -3.5214056864e+01    1.2407132402e+03   -4.8277436537e+01    1.3063379673e+01   -9.4682567218e+00    3.9239392618e+00   -6.3150196027e+00   -3.6418099474e+01    2.0498974541e+04    5.7026323900e-01    9.9894055983e-01
        83   -3.5214011271e+01    1.2407420036e+03   -4.8378231524e+01    1.3164220253e+01   -9.5394113035e+00    3.8849240075e+00   -6.3056447539e+00   -3.6418099474e+01    2.0382525627e+04    5.2070774000e-01    9.9893442508e-01
        84   -3.5194051587e+01    1.2393323896e+03   -4.8459104561e+01    1.3265052974e+01   -9.5870740876e+00    3.8466344568e+00   -6.3005654563e+00   -3.6418099474e+01    2.0325871127e+04    4.7916738000e-01    9.9880688807e-01
        85   -3.5184897577e+01    1.2386985598e+03   -4.8348526811e+01    1.3163629234e+01   -9.6197093961e+00    3.9455690728e+00   -6.2562870133e+00   -3.6418099474e+01    2.0210571606e+04    4.9804458000e-01    9.9886907413e-01
        86   -3.5193798366e+01    1.2392769058e+03   -4.8416213270e+01    1.3222414904e+01   -9.5491002453e+00    3.7511685141e+00   -6.2001820647e+00   -3.6418099474e+01    2.0096024893e+04    4.7535258800e-01    9.9894064031e-01
        87   -3.5191787673e+01    1.2391907236e+03   -4.8416625425e+01    1.3224837752e+01   -9.6365922620e+00    3.8269589366e+00   -6.1888926258e+00   -3.6418099474e+01    2.0191003065e+04    4.7803571100e-01    9.9896159861e-01
        88   -3.5187315816e+01    1.2388673501e+03   -4.8362513172e+01    1.3175197356e+01   -9.6566252643e+00    3.8931619808e+00   -6.1809504140e+00   -3.6418099474e+01    2.0141995430e+04    5.0895863000e-01    9.9898572209e-01
        89   -3.5211481155e+01    1.2405611430e+03   -4.8350674703e+01    1.3139193547e+01   -9.7170269947e+00    3.9705496544e+00   -6.1860978882e+00   -3.6418099474e+01    2.0062960709e+04    5.0385359300e-01    9.9889416776e-01
        90   -3.5217661750e+01    1.2410131717e+03   -4.8325854182e+01    1.3108192432e+01   -9.7339907798e+00    4.0339735342e+00   -6.2077374620e+00   -3.6418099474e+01    2.0147200855e+04    4.7758447400e-01    9.9889168676e-01
        91   -3.5207449681e+01    1.2402900715e+03   -4.8314359155e+01    1.3106909474e+01   -9.7427320398e+00    4.0293601706e+00   -6.1828878114e+00   -3.6418099474e+01    2.0212913706e+04    4.7702040100e-01    9.9894490159e-01
        92   -3.5210090897e+01    1.2404957122e+03   -4.8365162423e+01    1.3155071526e+01   -9.6812009205e+00    3.9250495090e+00   -6.1909115372e+00   -3.6418099474e+01    2.0369182893e+04    4.8145716700e-01    9.9891094665e-01
        93   -3.5211015718e+01    1.2405410487e+03   -4.8477414680e+01    1.3266398962e+01   -9.7197467854e+00    3.8493655669e+00   -6.1889339872e+00   -3.6418099474e+01    2.0522230366e+04    5.7501526000e-01    9.9885129490e-01
        94   -3.5207708211e+01    1.2403176108e+03   -4.8512930766e+01    1.3305222555e+01   -9.7259126911e+00    3.8217686215e+00   -6.1906872223e+00   -3.6418099474e+01    2.0566156298e+04    5.2457627700e-01    9.9891285471e-01
        95   -3.5217737752e+01    1.2410403763e+03   -4.8444836854e+01    1.3227099101e+01   -9.7435869054e+00    3.9370103272e+00   -6.2201608014e+00   -3.6418099474e+01    2.0709869185e+04    5.4709459600e-01    9.9896347857e-01
        96   -3.5209366505e+01    1.2404251658e+03   -4.8365369619e+01    1.3156003113e+01   -9.7473337340e+00    4.0029070531e+00   -6.2028434635e+00   -3.6418099474e+01    2.0964828032e+04    5.5919803500e-01    9.9897287574e-01
        97   -3.5203336606e+01    1.2399983787e+03   -4.8520945847e+01    1.3317609241e+01   -9.6612169500e+00    3.7830326589e+00   -6.2246620815e+00   -3.6418099474e+01    2.1002571876e+04    5.4460347500e-01    9.9889322607e-01
        98   -3.5225631131e+01    1.2415586166e+03   -4.8533829229e+01    1.3308198098e+01   -9.6495098554e+00    3.7730147568e+00   -6.2392346562e+00   -3.6418099474e+01    2.1010902749e+04    5.4750398400e-01    9.9896312816e-01
        99   -3.5224823474e+01    1.2415292372e+03   -4.8379065367e+01    1.3154241893e+01   -9.6447918519e+00    3.9079986635e+00   -6.2241727047e+00   -3.6418099474e+01    2.0980543610e+04    5.6851982700e-01    9.9892755005e-01
       100   -3.5226683152e+01    1.2416306289e+03   -4.8310261571e+01    1.3083578418e+01   -9.5654915474e+00    3.9189845321e+00   -6.2456550812e+00   -3.6418099474e+01    2.1087592116e+04    5.6117599500e-01    9.9890255799e-01
       101   -3.5231749471e+01    1.2419998505e+03   -4.8404554711e+01    1.3172805240e+01   -9.5308067053e+00    3.7771079160e+00   -6.2327564472e+00   -3.6418099474e+01    2.1123457002e+04    5.8472335000e-01    9.9900244148e-01
       102   -3.5227808013e+01    1.2417260107e+03   -4.8392096699e+01    1.3164288686e+01   -9.5175333349e+00    3.7685647988e+00   -6.2250286886e+00   -3.6418099474e+01    2.1068955895e+04    5.7086424100e-01    9.9893208031e-01
       103   -3.5201279026e+01    1.2398128117e+03   -4.8305928567e+01    1.3104649541e+01   -9.5624830403e+00    3.8840561906e+00   -6.2094022431e+00   -3.6418099474e+01    2.1205245558e+04    5.3119389700e-01    9.9896790227e-01
       104   -3.5199497218e+01    1.2397127239e+03   -4.8485864472e+01    1.3286367253e+01   -9.6054801930e+00    3.7787863818e+00   -6.2410711866e+00   -3.6418099474e+01    2.1083813389e+04    5.3731738200e-01    9.9890943575e-01
       105   -3.5198028393e+01    1.2395916102e+03   -4.8451687455e+01    1.3253659062e+01   -9.6432806794e+00    3.8413740712e+00   -6.2316813721e+00   -3.6418099474e+01    2.1053364164e+04    5.2825358900e-01    9.9892484059e-01
       106   -3.5209696977e+01    1.2404893206e+03   -4.8493878382e+01    1.3284181405e+01   -9.6521894857e+00    3.7825007580e+00   -6.2060901803e+00   -3.6418099474e+01    2.1142468799e+04    5.2803087900e-01    9.9886846496e-01
       107   -3.5218472053e+01    1.2410913669e+03   -4.8398461127e+01    1.3179989073e+01   -9.6643383145e+00    3.8624108566e+00   -6.1784341949e+00   -3.6418099474e+01    2.1223222766e+04    5.4856774600e-01    9.9887945945e-01
       108   -3.5217553438e+01    1.2410145325e+03   -4.8457051499e+01    1.3239498061e+01   -9.6398251717e+00    3.8076167996e+00   -6.2067436526e+00   -3.6418099474e+01    2.1260720091e+04    5.2980367700e-01    9.9895367976e-01
       109   -3.5222561701e+01    1.2413714162e+03   -4.8372842439e+01    1.3150280738e+01   -9.6368962784e+00    3.8701249394e+00   -6.1879716256e+00   -3.6418099474e+01    2.1230258263e+04    5.2743234000e-01    9.9896892304e-01
       110   -3.5208900358e+01    1.2403921197e+03   -4.8436814864e+01    1.3227914506e+01   -9.6610250935e+00    3.8410380515e+00   -6.1987283474e+00   -3.6418099474e+01    2.1240987585e+04    5.2703620300e-01    9.9894102697e-01
       111   -3.5205893189e+01    1.2401826749e+03   -4.8472453489e+01    1.3266560300e+01   -9.6775667201e+00    3.8229066871e+00   -6.1996939814e+00   -3.6418099474e+01    2.1054969291e+04    5.7712384900e-01    9.9890109890e-01
       112   -3.5206177248e+01    1.2401915954e+03   -4.8448047628e+01    1.3241870380e+01   -9.7405320486e+00    3.9070447016e+00   -6.1964608065e+00   -3.6418099474e+01    2.1002245990e+04    5.2669672200e-01    9.9893057766e-01
       113   -3.5180979396e+01    1.2384150092e+03   -4.8422894358e+01    1.3241914963e+01   -9.7504926552e+00    3.9008316303e+00   -6.1551338590e+00   -3.6418099474e+01    2.0929137563e+04    5.8832525700e-01    9.9885546443e-01
       114   -3.5185157513e+01    1.2386879262e+03   -4.8452880832e+01    1.3267723319e+01   -9.7134818930e+00    3.8087146023e+00   -6.1300140674e+00   -3.6418099474e+01    2.0716057248e+04    5.5628600200e-01    9.9891419747e-01
       115   -3.5189621447e+01    1.2389794608e+03   -4.8508008212e+01    1.3318386766e+01   -9.6605784061e+00    3.7177386599e+00   -6.1470689919e+00   -3.6418099474e+01    2.0593224339e+04    5.3718585200e-01    9.9891454373e-01
       116   -3.5195933555e+01    1.2394441530e+03   -4.8360062208e+01    1.3164128653e+01   -9.6787565146e+00    3.9020111607e+00   -6.1652173802e+00   -3.6418099474e+01    2.0540678104e+04    5.2465118000e-01    9.9892728487e-01
       117   -3.5165006690e+01    1.2372641116e+03   -4.8320932777e+01    1.3155926087e+01   -9.7421134022e+00    4.0451380779e+00   -6.2058579784e+00   -3.6418099474e+01    2.0597742536e+04    5.7769087700e-01    9.9899301174e-01
       118   -3.5174262690e+01    1.2379055636e+03   -4.8344468253e+01    1.3170205562e+01   -9.6520997551e+00    3.9368505362e+00   -6.2111195597e+00   -3.6418099474e+01    2.0458937926e+04    5.2594779300e-01    9.9902092874e-01
       119   -3.5164767842e+01    1.2372524359e+03   -4.8360783100e+01    1.3196015258e+01   -9.6501413475e+00    3.9191585342e+00   -6.2117008129e+00   -3.6418099474e+01    2.0481905954e+04    5.5676884600e-01    9.9893496859e-01
       120   -3.5165284872e+01    1.2373124187e+03   -4.8339999059e+01    1.3174714187e+01   -9.6606483665e+00    3.9419884527e+00   -6.2032396705e+00   -3.6418099474e+01    2.0483771808e+04    5.7358638300e-01    9.9892810084e-01
       121   -3.5182863584e+01    1.2385728674e+03   -4.8356472880e+01    1.3173609296e+01   -9.6897098910e+00    3.9898753724e+00   -6.2385388871e+00   -3.6418099474e+01    2.0467608776e+04    5.2216341900e-01    9.9887471475e-01
       122   -3.5197905827e+01    1.2395931046e+03   -4.8371782484e+01    1.3173876657e+01   -9.6270427046e+00    3.9129900826e+00   -6.2396303878e+00   -3.6418099474e+01    2.0393853830e+04    4.8497530200e-01    9.9895102201e-01
       123   -3.5203357546e+01    1.2399518755e+03   -4.8330281723e+01    1.3126924177e+01   -9.6381168981e+00    3.9588572140e+00   -6.2329225652e+00   -3.6418099474e+01    2.0302668486e+04    4.9930411000e-01    9.9894088670e-01
       124   -3.5210921080e+01    1.2405029617e+03   -4.8278537425e+01    1.3067616345e+01   -9.6443810936e+00    4.0194643241e+00   -6.2355211818e+00   -3.6418099474e+01    2.0202172418e+04    4.7966968700e-01    9.9889835124e-01
       125   -3.5192301193e+01    1.2391716988e+03   -4.8435097617e+01    1.3242796423e+01   -9.6129676695e+00    3.8442797748e+00   -6.2483102477e+00   -3.6418099474e+01    2.0221355673e+04    4.8716939700e-01    9.9885014837e-01
       126   -3.5215615557e+01    1.2408132042e+03   -4.8400618765e+01    1.3185003208e+01   -9.6031588491e+00    3.8457402648e+00   -6.2251007068e+00   -3.6418099474e+01    2.0278920555e+04    5.1394908300e-01    9.9890958159e-01
       127   -3.5195731249e+01    1.2394211440e+03   -4.8426858522e+01    1.3231127274e+01   -9.5869453301e+00    3.8120897246e+00   -6.2339034426e+00   -3.6418099474e+01    2.0335040486e+04    4.8078763700e-01    9.9892158103e-01
       128   -3.5203420816e+01    1.2399760373e+03   -4.8423411957e+01    1.3219991142e+01   -9.5919615703e+00    3.8244178727e+00   -6.2377687853e+00   -3.6418099474e+01    2.0358673274e+04    4.7895291200e-01    9.9892630825e-01
       129   -3.5233332528e+01    1.2420726960e+03   -4.8368390146e+01    1.3135057617e+01   -9.6051704820e+00    3.8986458620e+00   -6.2437660515e+00   -3.6418099474e+01    2.0486719073e+04    4.8728519200e-01    9.9888916016e-01
       130   -3.5227782525e+01    1.2417154073e+03   -4.8355258960e+01    1.3127476435e+01   -9.6598028984e+00    3.9583265782e+00   -6.2356831656e+00   -3.6418099474e+01    2.0458094326e+04    5.3115425800e-01    9.9887716186e-01
       131   -3.5231045208e+01    1.2419284739e+03   -4.8411346443e+01    1.3180301236e+01   -9.6668000223e+00    3.8835833095e+00   -6.2100302564e+00   -3.6418099474e+01    2.0521186779e+04    5.2641892200e-01    9.9892239128e-01
       132   -3.5229541006e+01    1.2418505532e+03   -4.8390347183e+01    1.3160806176e+01   -9.6273872621e+00    3.8434697610e+00   -6.1883302072e+00   -3.6418099474e+01    2.0571926688e+04    5.6584951300e-01    9.9892858879e-01
       133   -3.5244406886e+01    1.2429385732e+03   -4.8457267479e+01    1.3212860593e+01   -9.6493824795e+00    3.7743513924e+00   -6.1641369177e+00   -3.6418099474e+01    2.0620570189e+04    5.3518164500e-01    9.9885994275e-01
       134   -3.5214196367e+01    1.2407449031e+03   -4.8516818572e+01    1.3302622205e+01   -9.6258368297e+00    3.7265490342e+00   -6.1994313020e+00   -3.6418099474e+01    2.0666030731e+04    5.2849732000e-01    9.9889564827e-01
       135   -3.5210475170e+01    1.2404804966e+03   -4.8361493718e+01    1.3151018548e+01   -9.7086504655e+00    3.9732408188e+00   -6.2079845974e+00   -3.6418099474e+01    2.0818754916e+04    5.7384063400e-01    9.9886098532e-01
       136   -3.5214159628e+01    1.2407569891e+03   -4.8441443187e+01    1.3227283559e+01   -9.7200202250e+00    3.9307747087e+00   -6.2340981962e+00   -3.6418099474e+01    2.0837788326e+04    5.5298388000e-01    9.9898713264e-01
       137   -3.5233362538e+01    1.2421011804e+03   -4.8389149230e+01    1.3155786692e+01   -9.7224801608e+00    3.9428186759e+00   -6.1913882710e+00   -3.6418099474e+01    2.0775743259e+04    5.5388988000e-01    9.9884631785e-01
       138   -3.5215823338e+01    1.2408567175e+03   -4.8361212501e+01    1.3145389163e+01   -9.6827224150e+00    3.9265702931e+00   -6.1869609052e+00   -3.6418099474e+01    2.0613653551e+04    5.6332940100e-01    9.9895345291e-01
       139   -3.5229249054e+01    1.2418086876e+03   -4.8386683791e+01    1.3157434737e+01   -9.6811502046e+00    3.9105881778e+00   -6.1980222904e+00   -3.6418099474e+01    2.0533131500e+04    5.3568876100e-01    9.9894395112e-01
       140   -3.5246499913e+01    1.2430534901e+03   -4.8421010693e+01    1.3174510780e+01   -9.7518957540e+00    3.9497745382e+00   -6.2007900030e+00   -3.6418099474e+01    2.0571006144e+04    5.5434796100e-01    9.9892143309e-01
       141   -3.5224586998e+01    1.2415446280e+03   -4.8348069407e+01    1.3123482410e+01   -9.7037223090e+00    3.9871044759e+00   -6.2133521000e+00   -3.6418099474e+01    2.0598281914e+04    5.2962211100e-01    9.9883813686e-01
       142   -3.5215277070e+01    1.2408243477e+03   -4.8359780134e+01    1.3144503064e+01   -9.6374844816e+00    3.9104301210e+00   -6.2146262987e+00   -3.6418099474e+01    2.0679683389e+04    5.4942494900e-01    9.9888776053e-01
       143   -3.5211801109e+01    1.2405990782e+03   -4.8348903752e+01    1.3137102643e+01   -9.6591187367e+00    3.9182285520e+00   -6.1899140929e+00   -3.6418099474e+01    2.0692902501e+04    5.4347365900e-01    9.9889541667e-01
       144   -3.5208171709e+01    1.2403587241e+03   -4.8386882729e+01    1.3178711020e+01   -9.6459835587e+00    3.8924216113e+00   -6.2152213077e+00   -3.6418099474e+01    2.0474985329e+04    5.1275737600e-01    9.9888534587e-01
       145   -3.5218415108e+01    1.2411485895e+03   -4.8401969288e+01    1.3183554180e+01   -9.5698638971e+00    3.8245083245e+00   -6.2385142411e+00   -3.6418099474e+01    2.0436441507e+04    5.2325045300e-01    9.9892331033e-01
       146   -3.5224855820e+01    1.2415598543e+03   -4.8396015176e+01    1.3171159356e+01   -9.6387549995e+00    3.8917749211e+00   -6.2309356234e+00   -3.6418099474e+01    2.0629219866e+04    5.2977474100e-01    9.9892126442e-01
       147   -3.5226668598e+01    1.2416966062e+03   -4.8424313133e+01    1.3197644535e+01   -9.6900226428e+00    3.9149917345e+00   -6.2311827504e+00   -3.6418099474e+01    2.0827004125e+04    5.3352354100e-01    9.9900531641e-01
       148   -3.5211344631e+01    1.2405532795e+03   -4.8476185560e+01    1.3264840929e+01   -9.6671330607e+00    3.8437122614e+00   -6.2346652861e+00   -3.6418099474e+01    2.0967214532e+04    5.4491287500e-01    9.9885039853e-01
       149   -3.5193273732e+01    1.2392902171e+03   -4.8367228694e+01    1.3173954961e+01   -9.7277813589e+00    3.9990287758e+00   -6.2203766362e+00   -3.6418099474e+01    2.0846255376e+04    5.5911254900e-01    9.9885759502e-01
       150   -3.5190920670e+01    1.2391354511e+03   -4.8357347539e+01    1.3166426869e+01   -9.7095068414e+00    3.9969311145e+00   -6.2266723380e+00   -3.6418099474e+01    2.0778478898e+04    5.6046640600e-01    9.9888478775e-01
       151   -3.5212761614e+01    1.2406885579e+03   -4.8408792233e+01    1.3196030618e+01   -9.7407460481e+00    3.9674630552e+00   -6.2174097656e+00   -3.6418099474e+01    2.0815517454e+04    5.5787237500e-01    9.9888655563e-01
       152   -3.5198572622e+01    1.2396395050e+03   -4.8377912602e+01    1.3179339980e+01   -9.7281320816e+00    3.9868481336e+00   -6.2185291796e+00   -3.6418099474e+01    2.0583921994e+04    5.3017659400e-01    9.9883762890e-01
       153   -3.5204006061e+01    1.2400465514e+03   -4.8348548577e+01    1.3144542516e+01   -9.6879198452e+00    3.9714027231e+00   -6.2139319810e+00   -3.6418099474e+01    2.0311857600e+04    5.1722551700e-01    9.9895899276e-01
       154   -3.5196029372e+01    1.2395154170e+03   -4.8367894557e+01    1.3171865185e+01   -9.6746207517e+00    3.9460006514e+00   -6.2211749822e+00   -3.6418099474e+01    2.0345084835e+04    5.2602950000e-01    9.9888354457e-01
       155   -3.5228120926e+01    1.2417522935e+03   -4.8464204081e+01    1.3236083155e+01   -9.6765475010e+00    3.8203239190e+00   -6.1898810246e+00   -3.6418099474e+01    2.0393008977e+04    5.3442597500e-01    9.9891737732e-01
       156   -3.5237333912e+01    1.2424409430e+03   -4.8480224316e+01    1.3242890404e+01   -9.7439973715e+00    3.8949732035e+00   -6.2131006742e+00   -3.6418099474e+01    2.0528778683e+04    5.4762689800e-01    9.9886010832e-01
       157   -3.5215394695e+01    1.2408441758e+03   -4.8467710285e+01    1.3252315591e+01   -9.8002938732e+00    3.9877313455e+00   -6.2370482835e+00   -3.6418099474e+01    2.0670340242e+04    5.5539186600e-01    9.9895288320e-01
       158   -3.5202983207e+01    1.2399317822e+03   -4.8480027451e+01    1.3277044244e+01   -9.7392927406e+00    3.8998446094e+00   -6.2224798453e+00   -3.6418099474e+01    2.0895129964e+04    5.4554025600e-01    9.9895928035e-01
       159   -3.5207628555e+01    1.2403147917e+03   -4.8460344039e+01    1.3252715484e+01   -9.8003467606e+00    3.9677720921e+00   -6.2096698967e+00   -3.6418099474e+01    2.0931527582e+04    5.5244749300e-01    9.9890477328e-01
       160   -3.5205180139e+01    1.2400936897e+03   -4.8398528514e+01    1.3193348375e+01   -9.8185648229e+00    4.0345007709e+00   -6.1963649880e+00   -3.6418099474e+01    2.0999139684e+04    5.4134924000e-01    9.9889476834e-01
       161   -3.5222389297e+01    1.2413316019e+03   -4.8440671663e+01    1.3218282366e+01   -9.8086227978e+00    3.9920862941e+00   -6.2060356848e+00   -3.6418099474e+01    2.0939175824e+04    5.2897015800e-01    9.9887774594e-01
       162   -3.5195782552e+01    1.2394457337e+03   -4.8450107825e+01    1.3254325273e+01   -9.7949002064e+00    3.9894106118e+00   -6.2265187562e+00   -3.6418099474e+01    2.0832189528e+04    5.3195842200e-01    9.9890990614e-01
       163   -3.5198879653e+01    1.2396369037e+03   -4.8492101278e+01    1.3293221626e+01   -9.7899800707e+00    3.9508898031e+00   -6.2349115366e+00   -3.6418099474e+01    2.0792759040e+04    5.4230999300e-01    9.9890094038e-01
       164   -3.5201714578e+01    1.2398448410e+03   -4.8495771780e+01    1.3294057203e+01   -9.7166726643e+00    3.8451493631e+00   -6.2061490050e+00   -3.6418099474e+01    2.0750687426e+04    5.2609187800e-01    9.9885392145e-01
       165   -3.5206140237e+01    1.2401803936e+03   -4.8456308490e+01    1.3250168253e+01   -9.7107672623e+00    3.8878701621e+00   -6.2153119156e+00   -3.6418099474e+01    2.0566620032e+04    5.2150162200e-01    9.9895116310e-01
       166   -3.5217344189e+01    1.2409757525e+03   -4.8370489446e+01    1.3153145257e+01   -9.7451096745e+00    3.9862927426e+00   -6.1935730398e+00   -3.6418099474e+01    2.0517549816e+04    5.0837268300e-01    9.9900421295e-01
       167   -3.5217486605e+01    1.2409960918e+03   -4.8421164864e+01    1.3203678260e+01   -9.7786598035e+00    3.9727988491e+00   -6.1972044356e+00   -3.6418099474e+01    2.0462055168e+04    5.3643093300e-01    9.9889849385e-01
       168   -3.5213117914e+01    1.2406557383e+03   -4.8389122744e+01    1.3176004829e+01   -9.6694477251e+00    3.8986157311e+00   -6.2001912755e+00   -3.6418099474e+01    2.0462238347e+04    4.8459502100e-01    9.9892647675e-01
       169   -3.5207225822e+01    1.2402269520e+03   -4.8417537564e+01    1.3210311741e+01   -9.6845373383e+00    3.8642225442e+00   -6.1791232954e+00   -3.6418099474e+01    2.0356958488e+04    5.0590500700e-01    9.9881391024e-01
       170   -3.5189904740e+01    1.2390129260e+03   -4.8466040410e+01    1.3276135670e+01   -9.8059788837e+00    3.9369507398e+00   -6.1789127921e+00   -3.6418099474e+01    2.0242548464e+04    4.8023458200e-01    9.9890261889e-01
       171   -3.5201299921e+01    1.2398648613e+03   -4.8338701594e+01    1.3137401673e+01   -9.8011000759e+00    4.0617026457e+00   -6.1812046899e+00   -3.6418099474e+01    2.0159624392e+04    5.0939155500e-01    9.9892451399e-01
       172   -3.5183007399e+01    1.2386403918e+03   -4.8424351333e+01    1.3241343935e+01   -9.7297604394e+00    3.9095112626e+00   -6.1860026825e+00   -3.6418099474e+01    1.9890891790e+04    5.0166653100e-01    9.9892623716e-01
       173   -3.5182474092e+01    1.2385331716e+03   -4.8426608827e+01    1.3244134735e+01   -9.6723441228e+00    3.8402069774e+00   -6.1763722072e+00   -3.6418099474e+01    1.9776555711e+04    5.0605118200e-01    9.9898857085e-01
       174   -3.5211993522e+01    1.2405823038e+03   -4.8444652300e+01    1.3232658778e+01   -9.6330288372e+00    3.7853656356e+00   -6.1788896242e+00   -3.6418099474e+01    1.9673629925e+04    5.1739943600e-01    9.9895566953e-01
       175   -3.5217072044e+01    1.2409689362e+03   -4.8378472090e+01    1.3161400045e+01   -9.6264292371e+00    3.8577466483e+00   -6.1916900268e+00   -3.6418099474e+01    1.9710957684e+04    5.0781498600e-01    9.9883979783e-01
       176   -3.5227985224e+01    1.2417222433e+03   -4.8441247280e+01    1.3213262057e+01   -9.5861965142e+00    3.7720532693e+00   -6.2090045613e+00   -3.6418099474e+01    1.9793630147e+04    5.3482839300e-01    9.9889148865e-01
       177   -3.5202520955e+01    1.2399297615e+03   -4.8329877422e+01    1.3127356467e+01   -9.5999424050e+00    3.8788610856e+00   -6.1906966284e+00   -3.6418099474e+01    1.9913205832e+04    4.8027660300e-01    9.9891100761e-01
       178   -3.5209484924e+01    1.2404302520e+03   -4.8350346893e+01    1.3140861970e+01   -9.5968814334e+00    3.8721193488e+00   -6.2074853346e+00   -3.6418099474e+01    2.0195178214e+04    4.8175252400e-01    9.9889625505e-01
       179   -3.5220887570e+01    1.2411766264e+03   -4.8341070765e+01    1.3120183195e+01   -9.5728443611e+00    3.8594029326e+00   -6.2095298629e+00   -3.6418099474e+01    2.0341865555e+04    4.7845037200e-01    9.9901832691e-01
       180   -3.5213559548e+01    1.2406734152e+03   -4.8319761748e+01    1.3106202200e+01   -9.6036176220e+00    3.9222645893e+00   -6.2203092415e+00   -3.6418099474e+01    2.0330719272e+04    5.2099497400e-01    9.9897040530e-01
       181   -3.5212720315e+01    1.2406291705e+03   -4.8416805378e+01    1.3204085063e+01   -9.6294570141e+00    3.8574870180e+00   -6.2267359081e+00   -3.6418099474e+01    2.0259831131e+04    4.7684398200e-01    9.9897032273e-01
       182   -3.5216721856e+01    1.2409572959e+03   -4.8395148336e+01    1.3178426479e+01   -9.6691232195e+00    3.9240440223e+00   -6.2319696643e+00   -3.6418099474e+01    2.0267051732e+04    4.9540852800e-01    9.9892656204e-01
       183   -3.5208175799e+01    1.2404424251e+03   -4.8462655344e+01    1.3254479544e+01   -9.6428260424e+00    3.8345496982e+00   -6.2362795254e+00   -3.6418099474e+01    2.0252487865e+04    5.1967022500e-01    9.9895238095e-01
       184   -3.5219951210e+01    1.2411992992e+03   -4.8409501873e+01    1.3189550663e+01   -9.6440004858e+00    3.8483053825e+00   -6.1957072955e+00   -3.6418099474e+01    2.0428979570e+04    4.9020732900e-01    9.9889316314e-01
       185   -3.5213079898e+01    1.2406752131e+03   -4.8355451380e+01    1.3142371482e+01   -9.6674036897e+00    3.9233865963e+00   -6.1933348122e+00   -3.6418099474e+01    2.0578927733e+04    5.2166915200e-01    9.9895345931e-01
       186   -3.5215505970e+01    1.2408458529e+03   -4.8370736047e+01    1.3155230077e+01   -9.6794551208e+00    3.9291488424e+00   -6.2023302942e+00   -3.6418099474e+01    2.0622052181e+04    5.3220462700e-01    9.9889155992e-01
       187   -3.5204857178e+01    1.2400897684e+03   -4.8464858432e+01    1.3260001254e+01   -9.7178463244e+00    3.8943018852e+00   -6.2232145189e+00   -3.6418099474e+01    2.0616954625e+04    5.8258228400e-01    9.9892257805e-01
       188   -3.5212688017e+01    1.2406900508e+03   -4.8407825473e+01    1.3195137455e+01   -9.7118950747e+00    3.9458001058e+00   -6.2236310295e+00   -3.6418099474e+01    2.0573800153e+04    5.3137424700e-01    9.9884731027e-01
       189   -3.5224222172e+01    1.2414630185e+03   -4.8514662382e+01    1.3290440210e+01   -9.6974621614e+00    3.8395085092e+00   -6.2386092555e+00   -3.6418099474e+01    2.0689956207e+04    5.4934834800e-01    9.9889687604e-01
       190   -3.5226057423e+01    1.2415907847e+03   -4.8421324865e+01    1.3195267442e+01   -9.6813064460e+00    3.9003725505e+00   -6.2222914951e+00   -3.6418099474e+01    2.0716458899e+04    5.5491217900e-01    9.9892929558e-01
       191   -3.5219739528e+01    1.2411410154e+03   -4.8446779523e+01    1.3227039995e+01   -9.7029941268e+00    3.8936268844e+00   -6.2193128068e+00   -3.6418099474e+01    2.0911231115e+04    5.8882333900e-01    9.9882500820e-01
       192   -3.5214809890e+01    1.2407899948e+03   -4.8415429184e+01    1.3200619294e+01   -9.6788728811e+00    3.9098378778e+00   -6.2282947070e+00   -3.6418099474e+01    2.1003119335e+04    5.5631473900e-01    9.9889827396e-01
       193   -3.5224618001e+01    1.2414379198e+03   -4.8483837348e+01    1.3259219347e+01   -9.6441107122e+00    3.8052829208e+00   -6.2269100823e+00   -3.6418099474e+01    2.1127548186e+04    5.5602815700e-01    9.9896220675e-01
       194   -3.5215468201e+01    1.2408158694e+03   -4.8421800739e+01    1.3206332538e+01   -9.6358151807e+00    3.8480233881e+00   -6.2159094722e+00   -3.6418099474e+01    2.1032932811e+04    5.5327314100e-01    9.9895756934e-01
       195   -3.5228259795e+01    1.2417065618e+03   -4.8530979581e+01    1.3302719786e+01   -9.5963109830e+00    3.7290893046e+00   -6.2456584286e+00   -3.6418099474e+01    2.1004433960e+04    6.0298299300e-01    9.9893732785e-01
       196   -3.5216815759e+01    1.2409237619e+03   -4.8493482676e+01    1.3276666917e+01   -9.5847116325e+00    3.7600976210e+00   -6.2507691906e+00   -3.6418099474e+01    2.0901556175e+04    5.6375720300e-01    9.9893385092e-01
       197   -3.5209586382e+01    1.2404428871e+03   -4.8431409921e+01    1.3221823539e+01   -9.5498979281e+00    3.7919613016e+00   -6.2553738204e+00   -3.6418099474e+01    2.0726307552e+04    5.2578700700e-01    9.9897998566e-01
       198   -3.5218409226e+01    1.2410732656e+03   -4.8447528803e+01    1.3229119577e+01   -9.5886618729e+00    3.8065804163e+00   -6.2473478722e+00   -3.6418099474e+01    2.0641011980e+04    5.5137178400e-01    9.9897736711e-01
       199   -3.5235700963e+01    1.2422765676e+03   -4.8427883949e+01    1.3192182985e+01   -9.6203754143e+00    3.8302893478e+00   -6.2196984080e+00   -3.6418099474e+01    2.0689071039e+04    5.5734393200e-01    9.9893815394e-01
