#  Band    State   TwistIndex BandIndex Energy      Kx      Ky      Kz      K1      K2      K3    KmK 
       0        0       16        0    -0.232262  0.3189  0.1841  0.0459  0.4211 -0.0000 -0.0000      1
       1        1       16        1    -0.224008  0.3189  0.1841  0.0459  0.4211 -0.0000 -0.0000      1
       2        2       16        2    -0.192481  0.3189  0.1841  0.0459  0.4211 -0.0000 -0.0000      1
       3        3       16        3    -0.176504  0.3189  0.1841  0.0459  0.4211 -0.0000 -0.0000      1
       4        4       16        4    -0.153470  0.3189  0.1841  0.0459  0.4211 -0.0000 -0.0000      1
       5        5       16        5     0.022636  0.3189  0.1841  0.0459  0.4211 -0.0000 -0.0000      1
       6        6       16        6     0.080528  0.3189  0.1841  0.0459  0.4211 -0.0000 -0.0000      1
       7        7       16        7     0.085469  0.3189  0.1841  0.0459  0.4211 -0.0000 -0.0000      1
       8        8       16        8     0.096080  0.3189  0.1841  0.0459  0.4211 -0.0000 -0.0000      1
       9        9       16        9     0.100119  0.3189  0.1841  0.0459  0.4211 -0.0000 -0.0000      1
      10       10       16       10     0.104861  0.3189  0.1841  0.0459  0.4211 -0.0000 -0.0000      1
      11       11       16       11     0.135242  0.3189  0.1841  0.0459  0.4211 -0.0000 -0.0000      1
      12       12       16       12     0.177144  0.3189  0.1841  0.0459  0.4211 -0.0000 -0.0000      1
      13       13       16       13     0.191889  0.3189  0.1841  0.0459  0.4211 -0.0000 -0.0000      1
      14       14       16       14     0.234745  0.3189  0.1841  0.0459  0.4211 -0.0000 -0.0000      1
      15       15       16       15     0.254651  0.3189  0.1841  0.0459  0.4211 -0.0000 -0.0000      1
      16       16       16       16     0.301909  0.3189  0.1841  0.0459  0.4211 -0.0000 -0.0000      1
      17       17       16       17     0.318634  0.3189  0.1841  0.0459  0.4211 -0.0000 -0.0000      1
      18       18       16       18     0.341908  0.3189  0.1841  0.0459  0.4211 -0.0000 -0.0000      1
      19       19       16       19     0.351156  0.3189  0.1841  0.0459  0.4211 -0.0000 -0.0000      1
      20       20       16       20     0.355556  0.3189  0.1841  0.0459  0.4211 -0.0000 -0.0000      1
      21       21       16       21     0.401762  0.3189  0.1841  0.0459  0.4211 -0.0000 -0.0000      1
      22       22       16       22     0.499070  0.3189  0.1841  0.0459  0.4211 -0.0000 -0.0000      1
      23       23       16       23     0.539583  0.3189  0.1841  0.0459  0.4211 -0.0000 -0.0000      1
      24       24       16       24     0.544637  0.3189  0.1841  0.0459  0.4211 -0.0000 -0.0000      1
      25       25       16       25     0.547535  0.3189  0.1841  0.0459  0.4211 -0.0000 -0.0000      1
      26       26       16       26     0.562593  0.3189  0.1841  0.0459  0.4211 -0.0000 -0.0000      1
      27       27       16       27     0.566343  0.3189  0.1841  0.0459  0.4211 -0.0000 -0.0000      1
      28       28       16       28     0.577157  0.3189  0.1841  0.0459  0.4211 -0.0000 -0.0000      1
      29       29       16       29     0.584922  0.3189  0.1841  0.0459  0.4211 -0.0000 -0.0000      1
      30       30       16       30     0.606470  0.3189  0.1841  0.0459  0.4211 -0.0000 -0.0000      1
      31       31       16       31     0.621203  0.3189  0.1841  0.0459  0.4211 -0.0000 -0.0000      1
      32       32       16       32     0.621931  0.3189  0.1841  0.0459  0.4211 -0.0000 -0.0000      1
      33       33       16       33     0.641876  0.3189  0.1841  0.0459  0.4211 -0.0000 -0.0000      1
      34       34       16       34     0.653494  0.3189  0.1841  0.0459  0.4211 -0.0000 -0.0000      1
      35       35       16       35     0.692555  0.3189  0.1841  0.0459  0.4211 -0.0000 -0.0000      1
      36       36       16       36     0.699008  0.3189  0.1841  0.0459  0.4211 -0.0000 -0.0000      1
      37       37       16       37     0.713259  0.3189  0.1841  0.0459  0.4211 -0.0000 -0.0000      1
      38       38       16       38     0.716430  0.3189  0.1841  0.0459  0.4211 -0.0000 -0.0000      1
      39       39       16       39     0.722539  0.3189  0.1841  0.0459  0.4211 -0.0000 -0.0000      1
      40       40       16       40     0.744276  0.3189  0.1841  0.0459  0.4211 -0.0000 -0.0000      1
      41       41       16       41     0.755997  0.3189  0.1841  0.0459  0.4211 -0.0000 -0.0000      1
      42       42       16       42     0.760153  0.3189  0.1841  0.0459  0.4211 -0.0000 -0.0000      1
      43       43       16       43     0.778574  0.3189  0.1841  0.0459  0.4211 -0.0000 -0.0000      1
      44       44       16       44     0.795259  0.3189  0.1841  0.0459  0.4211 -0.0000 -0.0000      1
      45       45       16       45     0.796645  0.3189  0.1841  0.0459  0.4211 -0.0000 -0.0000      1
      46       46       16       46     0.803242  0.3189  0.1841  0.0459  0.4211 -0.0000 -0.0000      1
      47       47       16       47     0.822263  0.3189  0.1841  0.0459  0.4211 -0.0000 -0.0000      1
      48       48       16       48     0.841729  0.3189  0.1841  0.0459  0.4211 -0.0000 -0.0000      1
      49       49       16       49     0.850178  0.3189  0.1841  0.0459  0.4211 -0.0000 -0.0000      1
      50       50       16       50     0.860756  0.3189  0.1841  0.0459  0.4211 -0.0000 -0.0000      1
      51       51       16       51     0.876277  0.3189  0.1841  0.0459  0.4211 -0.0000 -0.0000      1
      52       52       16       52     0.877822  0.3189  0.1841  0.0459  0.4211 -0.0000 -0.0000      1
      53       53       16       53     0.894887  0.3189  0.1841  0.0459  0.4211 -0.0000 -0.0000      1
      54       54       16       54     0.896564  0.3189  0.1841  0.0459  0.4211 -0.0000 -0.0000      1
      55       55       16       55     0.912855  0.3189  0.1841  0.0459  0.4211 -0.0000 -0.0000      1
      56       56       16       56     0.921137  0.3189  0.1841  0.0459  0.4211 -0.0000 -0.0000      1
      57       57       16       57     0.929864  0.3189  0.1841  0.0459  0.4211 -0.0000 -0.0000      1
      58       58       16       58     0.939074  0.3189  0.1841  0.0459  0.4211 -0.0000 -0.0000      1
      59       59       16       59     0.959248  0.3189  0.1841  0.0459  0.4211 -0.0000 -0.0000      1
      60       60       16       60     0.968306  0.3189  0.1841  0.0459  0.4211 -0.0000 -0.0000      1
      61       61       16       61     0.980908  0.3189  0.1841  0.0459  0.4211 -0.0000 -0.0000      1
      62       62       16       62     0.999972  0.3189  0.1841  0.0459  0.4211 -0.0000 -0.0000      1
      63       63       16       63     1.007111  0.3189  0.1841  0.0459  0.4211 -0.0000 -0.0000      1
      64       64       16       64     1.013161  0.3189  0.1841  0.0459  0.4211 -0.0000 -0.0000      1
      65       65       16       65     1.029405  0.3189  0.1841  0.0459  0.4211 -0.0000 -0.0000      1
      66       66       16       66     1.046926  0.3189  0.1841  0.0459  0.4211 -0.0000 -0.0000      1
      67       67       16       67     1.057567  0.3189  0.1841  0.0459  0.4211 -0.0000 -0.0000      1
      68       68       16       68     1.081036  0.3189  0.1841  0.0459  0.4211 -0.0000 -0.0000      1
      69       69       16       69     1.091184  0.3189  0.1841  0.0459  0.4211 -0.0000 -0.0000      1
      70       70       16       70     1.096748  0.3189  0.1841  0.0459  0.4211 -0.0000 -0.0000      1
      71       71       16       71     1.101092  0.3189  0.1841  0.0459  0.4211 -0.0000 -0.0000      1
      72       72       16       72     1.132060  0.3189  0.1841  0.0459  0.4211 -0.0000 -0.0000      1
      73       73       16       73     1.136314  0.3189  0.1841  0.0459  0.4211 -0.0000 -0.0000      1
      74       74       16       74     1.148760  0.3189  0.1841  0.0459  0.4211 -0.0000 -0.0000      1
      75       75       16       75     1.154770  0.3189  0.1841  0.0459  0.4211 -0.0000 -0.0000      1
      76       76       16       76     1.161642  0.3189  0.1841  0.0459  0.4211 -0.0000 -0.0000      1
      77       77       16       77     1.188021  0.3189  0.1841  0.0459  0.4211 -0.0000 -0.0000      1
      78       78       16       78     1.195843  0.3189  0.1841  0.0459  0.4211 -0.0000 -0.0000      1
      79       79       16       79     1.208733  0.3189  0.1841  0.0459  0.4211 -0.0000 -0.0000      1
      80       80       16       80     1.221852  0.3189  0.1841  0.0459  0.4211 -0.0000 -0.0000      1
      81       81       16       81     1.223967  0.3189  0.1841  0.0459  0.4211 -0.0000 -0.0000      1
      82       82       16       82     1.225694  0.3189  0.1841  0.0459  0.4211 -0.0000 -0.0000      1
      83       83       16       83     1.243096  0.3189  0.1841  0.0459  0.4211 -0.0000 -0.0000      1
      84       84       16       84     1.245556  0.3189  0.1841  0.0459  0.4211 -0.0000 -0.0000      1
      85       85       16       85     1.262461  0.3189  0.1841  0.0459  0.4211 -0.0000 -0.0000      1
      86       86       16       86     1.268641  0.3189  0.1841  0.0459  0.4211 -0.0000 -0.0000      1
      87       87       16       87     1.279188  0.3189  0.1841  0.0459  0.4211 -0.0000 -0.0000      1
      88       88       16       88     1.280724  0.3189  0.1841  0.0459  0.4211 -0.0000 -0.0000      1
      89       89       16       89     1.287109  0.3189  0.1841  0.0459  0.4211 -0.0000 -0.0000      1
      90       90       16       90     1.297722  0.3189  0.1841  0.0459  0.4211 -0.0000 -0.0000      1
      91       91       16       91     1.305426  0.3189  0.1841  0.0459  0.4211 -0.0000 -0.0000      1
      92       92       16       92     1.306440  0.3189  0.1841  0.0459  0.4211 -0.0000 -0.0000      1
      93       93       16       93     1.318276  0.3189  0.1841  0.0459  0.4211 -0.0000 -0.0000      1
      94       94       16       94     1.320966  0.3189  0.1841  0.0459  0.4211 -0.0000 -0.0000      1
      95       95       16       95     1.345726  0.3189  0.1841  0.0459  0.4211 -0.0000 -0.0000      1
      96       96       16       96     1.359217  0.3189  0.1841  0.0459  0.4211 -0.0000 -0.0000      1
      97       97       16       97     1.369314  0.3189  0.1841  0.0459  0.4211 -0.0000 -0.0000      1
      98       98       16       98     1.374136  0.3189  0.1841  0.0459  0.4211 -0.0000 -0.0000      1
      99       99       16       99     1.377482  0.3189  0.1841  0.0459  0.4211 -0.0000 -0.0000      1
