#   index    LocalEnergy         LocalEnergy_sq      LocalPotential      Kinetic             LocalECP            NonLocalECP         ElecElec            IonIon              BlockWeight         BlockCPU            AcceptRatio         
         0   -3.6050099530e+01    1.3003307479e+03   -4.7844324287e+01    1.1794224757e+01   -8.6587178189e+00    3.7357256475e+00   -6.5032326416e+00   -3.6418099474e+01    2.0486191753e+04    2.0640030100e+00    9.9897336680e-01
         1   -3.6056062871e+01    1.3007493144e+03   -4.7797761612e+01    1.1741698741e+01   -8.7148138573e+00    3.8473523611e+00   -6.5122006412e+00   -3.6418099474e+01    2.0468991516e+04    2.0688908440e+00    9.9895461019e-01
         2   -3.6047014598e+01    1.3000854405e+03   -4.7881207959e+01    1.1834193361e+01   -8.7001182781e+00    3.7727207513e+00   -6.5357109583e+00   -3.6418099474e+01    2.0393453045e+04    2.0340650410e+00    9.9896647888e-01
         3   -3.6052825826e+01    1.3005086735e+03   -4.7903010887e+01    1.1850185061e+01   -8.6533999619e+00    3.7363968367e+00   -6.5679082880e+00   -3.6418099474e+01    2.0297559210e+04    2.0182538160e+00    9.9895822335e-01
         4   -3.6074171148e+01    1.3020350349e+03   -4.7876146081e+01    1.1801974933e+01   -8.6054853567e+00    3.7150907354e+00   -6.5676519859e+00   -3.6418099474e+01    2.0293891412e+04    2.0135958610e+00    9.9895434317e-01
         5   -3.6056826893e+01    1.3008172273e+03   -4.7871532165e+01    1.1814705272e+01   -8.6252867103e+00    3.7352398427e+00   -6.5633858228e+00   -3.6418099474e+01    2.0259062884e+04    2.0264867770e+00    9.9889456202e-01
         6   -3.6065086624e+01    1.3013928406e+03   -4.7855418472e+01    1.1790331848e+01   -8.6846585712e+00    3.7921007732e+00   -6.5447611998e+00   -3.6418099474e+01    2.0246595385e+04    2.0205728170e+00    9.9891849740e-01
         7   -3.6062018285e+01    1.3011806044e+03   -4.7861449753e+01    1.1799431468e+01   -8.7081501582e+00    3.7901807498e+00   -6.5253808709e+00   -3.6418099474e+01    2.0240148822e+04    2.0164036370e+00    9.9891464715e-01
         8   -3.6056227004e+01    1.3007673065e+03   -4.7820718934e+01    1.1764491930e+01   -8.7012168832e+00    3.7956606780e+00   -6.4970632547e+00   -3.6418099474e+01    2.0287280877e+04    2.0479613890e+00    9.9889966339e-01
         9   -3.6087432920e+01    1.3030189367e+03   -4.7819710670e+01    1.1732277751e+01   -8.6920298611e+00    3.8069787660e+00   -6.5165601011e+00   -3.6418099474e+01    2.0326808919e+04    2.0339837600e+00    9.9890853487e-01
        10   -3.6090578062e+01    1.3032655219e+03   -4.7797858137e+01    1.1707280075e+01   -8.7588952482e+00    3.8769196930e+00   -6.4977831076e+00   -3.6418099474e+01    2.0354673826e+04    2.0308639690e+00    9.9888546435e-01
        11   -3.6081804922e+01    1.3026233471e+03   -4.7944573248e+01    1.1862768327e+01   -8.7587203447e+00    3.7221754759e+00   -6.4899289055e+00   -3.6418099474e+01    2.0346203671e+04    2.0561364610e+00    9.9898696574e-01
        12   -3.6068133819e+01    1.3016704107e+03   -4.7901823670e+01    1.1833689851e+01   -8.7768865234e+00    3.7909206487e+00   -6.4977583211e+00   -3.6418099474e+01    2.0282307642e+04    2.0321690280e+00    9.9899091293e-01
        13   -3.6080828647e+01    1.3025429390e+03   -4.7904252928e+01    1.1823424282e+01   -8.7775074017e+00    3.8183939015e+00   -6.5270399540e+00   -3.6418099474e+01    2.0308535595e+04    2.0446441110e+00    9.9887953113e-01
        14   -3.6071983327e+01    1.3019123830e+03   -4.7938676807e+01    1.1866693480e+01   -8.6693806041e+00    3.7056226365e+00   -6.5568193653e+00   -3.6418099474e+01    2.0258654587e+04    2.0310294770e+00    9.9888921801e-01
        15   -3.6070669961e+01    1.3018540671e+03   -4.7853649838e+01    1.1782979877e+01   -8.6381927594e+00    3.7436770260e+00   -6.5410346305e+00   -3.6418099474e+01    2.0224848828e+04    2.0261442530e+00    9.9891737429e-01
        16   -3.6052712647e+01    1.3005344916e+03   -4.7820958161e+01    1.1768245514e+01   -8.5859583838e+00    3.7192126372e+00   -6.5361129402e+00   -3.6418099474e+01    2.0275975530e+04    2.0329497220e+00    9.9892031084e-01
        17   -3.6078773279e+01    1.3024789544e+03   -4.7890527523e+01    1.1811754244e+01   -8.5616109257e+00    3.6108335292e+00   -6.5216506521e+00   -3.6418099474e+01    2.0361896860e+04    2.0372745970e+00    9.9888782076e-01
        18   -3.6069629595e+01    1.3017547067e+03   -4.7869045600e+01    1.1799416005e+01   -8.6248421581e+00    3.6924658761e+00   -6.5185698438e+00   -3.6418099474e+01    2.0547857394e+04    2.0884908960e+00    9.9888240774e-01
        19   -3.6087016487e+01    1.3029998616e+03   -4.7872081301e+01    1.1785064814e+01   -8.5521658595e+00    3.6284260011e+00   -6.5302419681e+00   -3.6418099474e+01    2.0676507962e+04    2.1038278700e+00    9.9891863880e-01
        20   -3.6086273139e+01    1.3029453146e+03   -4.7940974451e+01    1.1854701313e+01   -8.5790618690e+00    3.5686573411e+00   -6.5124704493e+00   -3.6418099474e+01    2.0931443113e+04    2.1050860390e+00    9.9899504518e-01
        21   -3.6068049484e+01    1.3016164894e+03   -4.7939355155e+01    1.1871305671e+01   -8.5764083648e+00    3.5822080411e+00   -6.5270553574e+00   -3.6418099474e+01    2.1096528821e+04    2.1081305480e+00    9.9890503043e-01
        22   -3.6052627024e+01    1.3004982741e+03   -4.7928433166e+01    1.1875806143e+01   -8.6441868646e+00    3.6784748742e+00   -6.5446217016e+00   -3.6418099474e+01    2.1031392743e+04    2.1033831630e+00    9.9892386972e-01
        23   -3.6061056331e+01    1.3011628388e+03   -4.7929845856e+01    1.1868789524e+01   -8.6863006161e+00    3.6979738467e+00   -6.5234196123e+00   -3.6418099474e+01    2.0928350493e+04    2.0905196820e+00    9.9886724214e-01
        24   -3.6071375550e+01    1.3018316920e+03   -4.7884813437e+01    1.1813437886e+01   -8.6327615865e+00    3.6917493765e+00   -6.5257017528e+00   -3.6418099474e+01    2.0845714483e+04    2.0825282130e+00    9.9895678450e-01
        25   -3.6079537662e+01    1.3024560046e+03   -4.7862353462e+01    1.1782815799e+01   -8.6402631073e+00    3.6942843890e+00   -6.4982752690e+00   -3.6418099474e+01    2.0895913437e+04    2.0901736830e+00    9.9898828323e-01
        26   -3.6073854019e+01    1.3020073761e+03   -4.7844263148e+01    1.1770409129e+01   -8.6322752953e+00    3.7133674699e+00   -6.5072558488e+00   -3.6418099474e+01    2.0828338480e+04    2.0865749620e+00    9.9897817127e-01
        27   -3.6072081335e+01    1.3018980239e+03   -4.7832789367e+01    1.1760708033e+01   -8.6156775166e+00    3.7075686397e+00   -6.5065810162e+00   -3.6418099474e+01    2.0744617495e+04    2.0826889630e+00    9.9898436263e-01
        28   -3.6063094568e+01    1.3012180582e+03   -4.7873847605e+01    1.1810753036e+01   -8.6164137653e+00    3.6716462401e+00   -6.5109806054e+00   -3.6418099474e+01    2.0643029174e+04    2.0733343870e+00    9.9891020052e-01
        29   -3.6071402754e+01    1.3018380229e+03   -4.7865340927e+01    1.1793938173e+01   -8.6857637002e+00    3.7253325453e+00   -6.4868102982e+00   -3.6418099474e+01    2.0587986323e+04    2.0731449050e+00    9.9889851030e-01
        30   -3.6074170415e+01    1.3021044586e+03   -4.7802358033e+01    1.1728187617e+01   -8.6997476325e+00    3.8358608127e+00   -6.5203717390e+00   -3.6418099474e+01    2.0457448669e+04    2.0478588030e+00    9.9895250665e-01
        31   -3.6093009731e+01    1.3034758700e+03   -4.7864014485e+01    1.1771004755e+01   -8.6395557979e+00    3.7181541853e+00   -6.5245133987e+00   -3.6418099474e+01    2.0420986881e+04    2.0374229860e+00    9.9894865372e-01
        32   -3.6106184953e+01    1.3045376751e+03   -4.7832586750e+01    1.1726401797e+01   -8.6701975779e+00    3.7476804161e+00   -6.4919701141e+00   -3.6418099474e+01    2.0569320960e+04    2.0845290160e+00    9.9885543382e-01
        33   -3.6080505842e+01    1.3026075839e+03   -4.7816023592e+01    1.1735517749e+01   -8.7283542472e+00    3.8353736901e+00   -6.5049435605e+00   -3.6418099474e+01    2.0566833345e+04    2.0859704480e+00    9.9884691794e-01
        34   -3.6072591174e+01    1.3019528440e+03   -4.7746698170e+01    1.1674106996e+01   -8.7024085910e+00    3.8984785856e+00   -6.5246686905e+00   -3.6418099474e+01    2.0633564124e+04    2.0962971840e+00    9.9892173492e-01
        35   -3.6079186917e+01    1.3024113856e+03   -4.7769866723e+01    1.1690679806e+01   -8.6831161828e+00    3.8595595735e+00   -6.5282106396e+00   -3.6418099474e+01    2.0560381752e+04    2.0838334150e+00    9.9890216787e-01
        36   -3.6066397601e+01    1.3015007381e+03   -4.7704041530e+01    1.1637643928e+01   -8.6781968941e+00    3.9135235292e+00   -6.5212686906e+00   -3.6418099474e+01    2.0565170215e+04    2.0824685230e+00    9.9885912940e-01
        37   -3.6058868575e+01    1.3009256864e+03   -4.7752364282e+01    1.1693495707e+01   -8.5775813026e+00    3.7555821862e+00   -6.5122656915e+00   -3.6418099474e+01    2.0489525705e+04    2.0836489900e+00    9.9890375338e-01
        38   -3.6042269189e+01    1.2997038243e+03   -4.7823693773e+01    1.1781424585e+01   -8.5062916122e+00    3.6410408347e+00   -6.5403435218e+00   -3.6418099474e+01    2.0474957213e+04    2.0670768370e+00    9.9894327146e-01
        39   -3.6072329225e+01    1.3018968719e+03   -4.7815005587e+01    1.1742676362e+01   -8.5546194287e+00    3.6999974092e+00   -6.5422840932e+00   -3.6418099474e+01    2.0462294852e+04    2.0573009140e+00    9.9891960009e-01
        40   -3.6064011164e+01    1.3013169446e+03   -4.7810067937e+01    1.1746056773e+01   -8.5420708664e+00    3.7152553082e+00   -6.5651529046e+00   -3.6418099474e+01    2.0347646082e+04    2.0402266830e+00    9.9887317813e-01
        41   -3.6064517309e+01    1.3013060136e+03   -4.7801788455e+01    1.1737271146e+01   -8.5621202376e+00    3.7295518209e+00   -6.5511205641e+00   -3.6418099474e+01    2.0354814297e+04    2.0343511540e+00    9.9887005650e-01
        42   -3.6077812628e+01    1.3022763588e+03   -4.7766313035e+01    1.1688500407e+01   -8.6252875200e+00    3.8231321589e+00   -6.5460582000e+00   -3.6418099474e+01    2.0299157518e+04    2.0329470260e+00    9.9889668619e-01
        43   -3.6059917432e+01    1.3010441690e+03   -4.7724327251e+01    1.1664409819e+01   -8.6557743773e+00    3.8935178121e+00   -6.5439712114e+00   -3.6418099474e+01    2.0354171713e+04    2.0381032890e+00    9.9894199389e-01
        44   -3.6076205335e+01    1.3022323446e+03   -4.7861811852e+01    1.1785606517e+01   -8.5854508197e+00    3.6953898640e+00   -6.5536514223e+00   -3.6418099474e+01    2.0483268887e+04    2.0551474280e+00    9.9893809198e-01
        45   -3.6062842135e+01    1.3011976258e+03   -4.7796459747e+01    1.1733617612e+01   -8.6344389369e+00    3.7794198136e+00   -6.5233411495e+00   -3.6418099474e+01    2.0602658417e+04    2.0740189690e+00    9.9893576455e-01
        46   -3.6047617557e+01    1.3000924091e+03   -4.7881541561e+01    1.1833924004e+01   -8.5658323817e+00    3.6391404393e+00   -6.5367501448e+00   -3.6418099474e+01    2.0738756657e+04    2.0868495350e+00    9.9897054165e-01
        47   -3.6057376266e+01    1.3008133099e+03   -4.7813859646e+01    1.1756483381e+01   -8.5268902222e+00    3.6704764579e+00   -6.5393464078e+00   -3.6418099474e+01    2.0652705395e+04    2.0902240960e+00    9.9896091951e-01
        48   -3.6064299692e+01    1.3012989738e+03   -4.7826139871e+01    1.1761840179e+01   -8.4713557267e+00    3.6559955499e+00   -6.5926802203e+00   -3.6418099474e+01    2.0562548084e+04    2.0650359470e+00    9.9893195790e-01
        49   -3.6072348450e+01    1.3018879733e+03   -4.7755233230e+01    1.1682884780e+01   -8.5410967731e+00    3.8058297592e+00   -6.6018667417e+00   -3.6418099474e+01    2.0491709392e+04    2.0580699440e+00    9.9892461499e-01
        50   -3.6046554170e+01    1.2999954759e+03   -4.7828508215e+01    1.1781954045e+01   -8.5046873129e+00    3.6862472570e+00   -6.5919686852e+00   -3.6418099474e+01    2.0484378794e+04    2.0499186760e+00    9.9897331669e-01
        51   -3.6053024529e+01    1.3005038618e+03   -4.7852168248e+01    1.1799143718e+01   -8.4707502469e+00    3.6426275005e+00   -6.6059460272e+00   -3.6418099474e+01    2.0395286204e+04    2.0297208810e+00    9.9898799602e-01
        52   -3.6046934194e+01    1.3000523065e+03   -4.7739556642e+01    1.1692622448e+01   -8.5045029014e+00    3.7750395408e+00   -6.5919938077e+00   -3.6418099474e+01    2.0366757177e+04    2.0373809800e+00    9.9893751315e-01
        53   -3.6039120139e+01    1.2995146416e+03   -4.7762796814e+01    1.1723676675e+01   -8.4430790700e+00    3.6921335927e+00   -6.5937518624e+00   -3.6418099474e+01    2.0284191632e+04    2.0229695200e+00    9.9897370719e-01
        54   -3.6043885067e+01    1.2998653562e+03   -4.7783476412e+01    1.1739591345e+01   -8.4311335666e+00    3.6331034597e+00   -6.5673468309e+00   -3.6418099474e+01    2.0207747633e+04    2.0252541440e+00    9.9889729271e-01
        55   -3.6048015735e+01    1.3001842255e+03   -4.7782091562e+01    1.1734075828e+01   -8.4048466268e+00    3.6090597258e+00   -6.5682051870e+00   -3.6418099474e+01    2.0253631441e+04    2.0269902250e+00    9.9895616603e-01
        56   -3.6050168241e+01    1.3003551757e+03   -4.7809682571e+01    1.1759514329e+01   -8.4293576013e+00    3.5919387231e+00   -6.5541642181e+00   -3.6418099474e+01    2.0350921597e+04    2.0242059440e+00    9.9899453222e-01
        57   -3.6054620583e+01    1.3006738950e+03   -4.7806623206e+01    1.1752002623e+01   -8.4386722429e+00    3.5876560045e+00   -6.5375074933e+00   -3.6418099474e+01    2.0420715576e+04    2.0466013870e+00    9.9891403949e-01
        58   -3.6060564160e+01    1.3010697589e+03   -4.7828532933e+01    1.1767968773e+01   -8.5027550050e+00    3.6368700800e+00   -6.5445485336e+00   -3.6418099474e+01    2.0422753036e+04    2.0414222590e+00    9.9897349627e-01
        59   -3.6071398511e+01    1.3018754590e+03   -4.7837939813e+01    1.1766541302e+01   -8.4651317379e+00    3.5917909950e+00   -6.5464995959e+00   -3.6418099474e+01    2.0538372585e+04    2.0664288430e+00    9.9900358917e-01
        60   -3.6065259689e+01    1.3014587753e+03   -4.7830333454e+01    1.1765073765e+01   -8.4382926202e+00    3.5540875385e+00   -6.5280288983e+00   -3.6418099474e+01    2.0565983019e+04    2.0673332780e+00    9.9894769013e-01
        61   -3.6055000120e+01    1.3006603447e+03   -4.7753985232e+01    1.1698985112e+01   -8.4103427617e+00    3.5941757927e+00   -6.5197187892e+00   -3.6418099474e+01    2.0463468820e+04    2.0480263060e+00    9.9896867278e-01
        62   -3.6083789798e+01    1.3027397359e+03   -4.7831311322e+01    1.1747521523e+01   -8.4001462704e+00    3.4733266961e+00   -6.4863922730e+00   -3.6418099474e+01    2.0385304964e+04    2.0372212810e+00    9.9895911458e-01
        63   -3.6081216238e+01    1.3026039246e+03   -4.7779341836e+01    1.1698125598e+01   -8.4986087687e+00    3.6327889810e+00   -6.4954225743e+00   -3.6418099474e+01    2.0512556620e+04    2.0771572360e+00    9.9899874626e-01
        64   -3.6056942594e+01    1.3007865087e+03   -4.7769407407e+01    1.1712464813e+01   -8.5841577780e+00    3.7604802784e+00   -6.5276304332e+00   -3.6418099474e+01    2.0439564482e+04    2.0381655900e+00    9.9894469798e-01
        65   -3.6085536998e+01    1.3028321910e+03   -4.7708356353e+01    1.1622819354e+01   -8.6661565917e+00    3.9085146782e+00   -6.5326149652e+00   -3.6418099474e+01    2.0523144913e+04    2.0705996740e+00    9.9896442495e-01
        66   -3.6072175953e+01    1.3018858190e+03   -4.7877864009e+01    1.1805688056e+01   -8.6288917192e+00    3.7358965028e+00   -6.5667693187e+00   -3.6418099474e+01    2.0581463293e+04    2.0880068360e+00    9.9896055308e-01
        67   -3.6062820306e+01    1.3012402944e+03   -4.7966965458e+01    1.1904145151e+01   -8.6694042228e+00    3.6688415744e+00   -6.5483033352e+00   -3.6418099474e+01    2.0585831620e+04    2.0648261750e+00    9.9896090649e-01
        68   -3.6049249298e+01    1.3002514633e+03   -4.7823077187e+01    1.1773827889e+01   -8.7164018503e+00    3.8642202788e+00   -6.5527961414e+00   -3.6418099474e+01    2.0384163113e+04    2.0335507710e+00    9.9890861824e-01
        69   -3.6041976956e+01    1.2997083910e+03   -4.7842178938e+01    1.1800201982e+01   -8.6888199198e+00    3.8030686843e+00   -6.5383282281e+00   -3.6418099474e+01    2.0237033553e+04    2.0233302960e+00    9.9892363072e-01
        70   -3.6044033011e+01    1.2998860278e+03   -4.7888355681e+01    1.1844322670e+01   -8.6592404919e+00    3.7197415655e+00   -6.5307572803e+00   -3.6418099474e+01    2.0159797565e+04    2.0164938510e+00    9.9885032630e-01
        71   -3.6036691039e+01    1.2993346740e+03   -4.7885546035e+01    1.1848854996e+01   -8.6724087993e+00    3.7490953705e+00   -6.5441331315e+00   -3.6418099474e+01    1.9939554384e+04    2.0012942800e+00    9.9901490185e-01
        72   -3.6034604745e+01    1.2991994860e+03   -4.7763338714e+01    1.1728733970e+01   -8.6236824198e+00    3.8184130940e+00   -6.5399699145e+00   -3.6418099474e+01    1.9829899273e+04    1.9813267970e+00    9.9890858007e-01
        73   -3.6068500366e+01    1.3016676505e+03   -4.7769762380e+01    1.1701262014e+01   -8.5154113752e+00    3.6969522583e+00   -6.5332037890e+00   -3.6418099474e+01    1.9850933681e+04    1.9859404210e+00    9.9893094710e-01
        74   -3.6058227901e+01    1.3008871742e+03   -4.7833791497e+01    1.1775563596e+01   -8.4958488379e+00    3.6361841871e+00   -6.5560273720e+00   -3.6418099474e+01    1.9916348287e+04    2.0034726140e+00    9.9898302531e-01
        75   -3.6077475743e+01    1.3022764056e+03   -4.7767064088e+01    1.1689588346e+01   -8.5786373895e+00    3.7528283420e+00   -6.5231555665e+00   -3.6418099474e+01    1.9990276667e+04    2.0062294730e+00    9.9890978761e-01
        76   -3.6067920862e+01    1.3015775993e+03   -4.7733447996e+01    1.1665527134e+01   -8.4609274023e+00    3.6740275987e+00   -6.5284487185e+00   -3.6418099474e+01    2.0094654797e+04    2.0186774270e+00    9.9889959468e-01
        77   -3.6059759231e+01    1.3009934393e+03   -4.7708580180e+01    1.1648820949e+01   -8.4033808264e+00    3.6445071156e+00   -6.5316069948e+00   -3.6418099474e+01    2.0176594412e+04    2.0152049460e+00    9.9897326961e-01
        78   -3.6029476691e+01    1.2988363503e+03   -4.7693889900e+01    1.1664413209e+01   -8.4548296352e+00    3.7107881170e+00   -6.5317489073e+00   -3.6418099474e+01    2.0294267208e+04    2.0345397310e+00    9.9894259393e-01
        79   -3.6040565290e+01    1.2996134929e+03   -4.7770399022e+01    1.1729833732e+01   -8.3873528954e+00    3.5834190921e+00   -6.5483657449e+00   -3.6418099474e+01    2.0315684156e+04    2.0353958520e+00    9.9892957331e-01
        80   -3.6046991774e+01    1.3000682322e+03   -4.7718511171e+01    1.1671519398e+01   -8.4014150432e+00    3.6666328942e+00   -6.5656295482e+00   -3.6418099474e+01    2.0327643892e+04    2.0330491170e+00    9.9899690816e-01
        81   -3.6041079360e+01    1.2996517662e+03   -4.7695675746e+01    1.1654596386e+01   -8.3898406717e+00    3.6809737876e+00   -6.5687093880e+00   -3.6418099474e+01    2.0284197677e+04    2.0320210800e+00    9.9894901027e-01
        82   -3.6051540778e+01    1.3003765157e+03   -4.7668086100e+01    1.1616545322e+01   -8.3594143003e+00    3.6820982041e+00   -6.5726705297e+00   -3.6418099474e+01    2.0206046016e+04    2.0170003070e+00    9.9897837983e-01
        83   -3.6067645251e+01    1.3015789518e+03   -4.7659874382e+01    1.1592229131e+01   -8.3758759370e+00    3.6960931456e+00   -6.5619921169e+00   -3.6418099474e+01    2.0190589574e+04    2.0066619030e+00    9.9901457090e-01
        84   -3.6062174924e+01    1.3011826414e+03   -4.7656858836e+01    1.1594683912e+01   -8.3329299038e+00    3.6695006355e+00   -6.5753300935e+00   -3.6418099474e+01    2.0249114534e+04    2.0133163650e+00    9.9898574039e-01
        85   -3.6060063045e+01    1.3010514681e+03   -4.7639027778e+01    1.1578964732e+01   -8.2867276233e+00    3.6385069332e+00   -6.5727076132e+00   -3.6418099474e+01    2.0261416813e+04    2.0174637680e+00    9.9891411649e-01
        86   -3.6060927156e+01    1.3010783294e+03   -4.7614179213e+01    1.1553252057e+01   -8.2667187567e+00    3.6399806040e+00   -6.5693415865e+00   -3.6418099474e+01    2.0351718586e+04    2.0290093070e+00    9.9896986459e-01
        87   -3.6028931799e+01    1.2987544264e+03   -4.7711878667e+01    1.1682946868e+01   -8.2306098228e+00    3.5218398911e+00   -6.5850092610e+00   -3.6418099474e+01    2.0422023980e+04    2.0384050410e+00    9.9897374752e-01
        88   -3.6049667335e+01    1.3002448727e+03   -4.7718002077e+01    1.1668334741e+01   -8.3246816990e+00    3.6261683513e+00   -6.6013892546e+00   -3.6418099474e+01    2.0364716374e+04    2.0284310210e+00    9.9892332835e-01
        89   -3.6056191018e+01    1.3006944983e+03   -4.7728809372e+01    1.1672618354e+01   -8.3423414761e+00    3.6323370304e+00   -6.6007054524e+00   -3.6418099474e+01    2.0315300940e+04    2.0316714730e+00    9.9891529834e-01
        90   -3.6063410992e+01    1.3012700311e+03   -4.7737643026e+01    1.1674232035e+01   -8.3720490087e+00    3.6168336119e+00   -6.5643281555e+00   -3.6418099474e+01    2.0496203490e+04    2.0479345410e+00    9.9891093733e-01
        91   -3.6061621745e+01    1.3012063835e+03   -4.7785702550e+01    1.1724080805e+01   -8.4024795043e+00    3.5979068042e+00   -6.5630303758e+00   -3.6418099474e+01    2.0710612465e+04    2.0837198930e+00    9.9895165907e-01
        92   -3.6032321440e+01    1.2989973853e+03   -4.7747257058e+01    1.1714935617e+01   -8.3909681336e+00    3.6344648593e+00   -6.5726543091e+00   -3.6418099474e+01    2.0777452390e+04    2.0854439030e+00    9.9890900219e-01
        93   -3.6036794223e+01    1.2993402912e+03   -4.7753374651e+01    1.1716580428e+01   -8.5278678356e+00    3.7463718651e+00   -6.5537792065e+00   -3.6418099474e+01    2.0652704580e+04    2.0945570350e+00    9.9889538100e-01
        94   -3.6051734869e+01    1.3004285305e+03   -4.7725992564e+01    1.1674257695e+01   -8.4651152706e+00    3.6875012209e+00   -6.5302790400e+00   -3.6418099474e+01    2.0447936442e+04    2.0449474660e+00    9.9897135871e-01
        95   -3.6054029260e+01    1.3005917003e+03   -4.7775965337e+01    1.1721936077e+01   -8.4306406493e+00    3.6161083414e+00   -6.5433335549e+00   -3.6418099474e+01    2.0421584322e+04    2.1141596590e+00    9.9896999881e-01
        96   -3.6062756568e+01    1.3011949641e+03   -4.7880969960e+01    1.1818213392e+01   -8.4719400862e+00    3.5697777860e+00   -6.5607081855e+00   -3.6418099474e+01    2.0356441799e+04    2.0351002860e+00    9.9889988420e-01
        97   -3.6056012023e+01    1.3007605627e+03   -4.7782648137e+01    1.1726636114e+01   -8.5269332460e+00    3.7250440185e+00   -6.5626594349e+00   -3.6418099474e+01    2.0294571160e+04    2.0351230690e+00    9.9895817201e-01
        98   -3.6038137313e+01    1.2994971257e+03   -4.7792369456e+01    1.1754232142e+01   -8.5072339704e+00    3.7089126334e+00   -6.5759486445e+00   -3.6418099474e+01    2.0253272819e+04    2.0413108850e+00    9.9894211239e-01
        99   -3.6047025505e+01    1.3001487763e+03   -4.7718622564e+01    1.1671597059e+01   -8.5095439080e+00    3.7896591685e+00   -6.5806383506e+00   -3.6418099474e+01    2.0369599957e+04    2.0397526770e+00    9.9894462988e-01
       100   -3.6063896879e+01    1.3013085261e+03   -4.7818889192e+01    1.1754992314e+01   -8.4730379411e+00    3.6511591605e+00   -6.5789109374e+00   -3.6418099474e+01    2.0414562410e+04    2.0437338110e+00    9.9892225543e-01
       101   -3.6060619740e+01    1.3010755590e+03   -4.7841926564e+01    1.1781306824e+01   -8.4142189411e+00    3.5523163668e+00   -6.5619245153e+00   -3.6418099474e+01    2.0523274143e+04    2.0545931910e+00    9.9894200518e-01
       102   -3.6067163476e+01    1.3015769914e+03   -4.7836523467e+01    1.1769359991e+01   -8.5241799103e+00    3.6505778904e+00   -6.5448219731e+00   -3.6418099474e+01    2.0656321548e+04    2.0664232690e+00    9.9897129302e-01
       103   -3.6066133374e+01    1.3015121507e+03   -4.7730008219e+01    1.1663874844e+01   -8.5175048977e+00    3.7486889407e+00   -6.5430927874e+00   -3.6418099474e+01    2.0804746678e+04    2.0714422420e+00    9.9892549897e-01
       104   -3.6044844233e+01    1.2999402245e+03   -4.7844165512e+01    1.1799321280e+01   -8.4934213446e+00    3.6007626363e+00   -6.5334073297e+00   -3.6418099474e+01    2.0733276729e+04    2.0696344220e+00    9.9898913710e-01
       105   -3.6035693869e+01    1.2992806312e+03   -4.7802885591e+01    1.1767191721e+01   -8.5036594267e+00    3.6822936530e+00   -6.5634203428e+00   -3.6418099474e+01    2.0744813004e+04    2.0793036020e+00    9.9888312189e-01
       106   -3.6041608252e+01    1.2997156131e+03   -4.7815279151e+01    1.1773670899e+01   -8.5198285507e+00    3.6864044626e+00   -6.5637555890e+00   -3.6418099474e+01    2.0759967243e+04    2.0744689680e+00    9.9894578624e-01
       107   -3.6049163201e+01    1.3002904318e+03   -4.7709021023e+01    1.1659857822e+01   -8.5742048964e+00    3.8287371662e+00   -6.5454538183e+00   -3.6418099474e+01    2.0648572232e+04    2.0655372220e+00    9.9896244752e-01
       108   -3.6060126511e+01    1.3010626124e+03   -4.7762483517e+01    1.1702357006e+01   -8.5751785839e+00    3.7601638564e+00   -6.5293693153e+00   -3.6418099474e+01    2.0539811840e+04    2.0560255330e+00    9.9892027791e-01
       109   -3.6066744806e+01    1.3015137334e+03   -4.7804623802e+01    1.1737878996e+01   -8.5579248785e+00    3.7234133206e+00   -6.5520127696e+00   -3.6418099474e+01    2.0569712437e+04    2.0941104280e+00    9.9889223033e-01
       110   -3.6051374974e+01    1.3004015468e+03   -4.7864843872e+01    1.1813468898e+01   -8.5690002610e+00    3.6907290269e+00   -6.5684731637e+00   -3.6418099474e+01    2.0642117225e+04    2.0696284250e+00    9.9895344653e-01
       111   -3.6057921525e+01    1.3008487803e+03   -4.7741699118e+01    1.1683777593e+01   -8.5826090798e+00    3.7901792090e+00   -6.5311697733e+00   -3.6418099474e+01    2.0586577934e+04    2.0665495930e+00    9.9900427433e-01
       112   -3.6078544232e+01    1.3023842617e+03   -4.7717789049e+01    1.1639244817e+01   -8.5555402908e+00    3.7771340784e+00   -6.5212833622e+00   -3.6418099474e+01    2.0837922737e+04    2.0963476130e+00    9.9886711091e-01
       113   -3.6070928465e+01    1.3017765676e+03   -4.7790227151e+01    1.1719298686e+01   -8.5176468153e+00    3.6599227666e+00   -6.5144036285e+00   -3.6418099474e+01    2.0839761770e+04    2.0969792140e+00    9.9890668805e-01
       114   -3.6066512687e+01    1.3014733673e+03   -4.7747278007e+01    1.1680765320e+01   -8.5579574063e+00    3.7668143099e+00   -6.5380354364e+00   -3.6418099474e+01    2.0803778243e+04    2.0955314430e+00    9.9893059694e-01
       115   -3.6048818040e+01    1.3002323552e+03   -4.7860799732e+01    1.1811981692e+01   -8.5206844070e+00    3.6337997271e+00   -6.5558155777e+00   -3.6418099474e+01    2.0872529893e+04    2.0980595660e+00    9.9891723057e-01
       116   -3.6065998125e+01    1.3014775650e+03   -4.7794578770e+01    1.1728580644e+01   -8.5025220636e+00    3.6820243173e+00   -6.5559815492e+00   -3.6418099474e+01    2.0998497489e+04    2.0984483930e+00    9.9895423103e-01
       117   -3.6065641047e+01    1.3014158593e+03   -4.7718658509e+01    1.1653017462e+01   -8.4639339483e+00    3.6977405885e+00   -6.5343656747e+00   -3.6418099474e+01    2.0974950282e+04    2.0915682660e+00    9.9897346326e-01
       118   -3.6058276400e+01    1.3009051992e+03   -4.7745569367e+01    1.1687292968e+01   -8.3945485488e+00    3.6112177599e+00   -6.5441391044e+00   -3.6418099474e+01    2.0970497868e+04    2.0980942660e+00    9.9896991119e-01
       119   -3.6045543848e+01    1.2999576629e+03   -4.7764730403e+01    1.1719186555e+01   -8.3711342897e+00    3.5413309589e+00   -6.5168275985e+00   -3.6418099474e+01    2.1018241763e+04    2.1006744610e+00    9.9895542466e-01
       120   -3.6034451013e+01    1.2992010037e+03   -4.7770949849e+01    1.1736498836e+01   -8.3760037543e+00    3.5436385891e+00   -6.5204852100e+00   -3.6418099474e+01    2.0915829748e+04    2.0918475530e+00    9.9892990265e-01
       121   -3.6047758443e+01    1.3001145812e+03   -4.7793307242e+01    1.1745548799e+01   -8.3777947883e+00    3.5561889303e+00   -6.5536019095e+00   -3.6418099474e+01    2.0736535354e+04    2.0752467630e+00    9.9891180076e-01
       122   -3.6045125510e+01    1.2999503250e+03   -4.7668095115e+01    1.1622969605e+01   -8.4206397933e+00    3.7313521624e+00   -6.5607080102e+00   -3.6418099474e+01    2.0630079319e+04    2.0742072900e+00    9.9893211949e-01
       123   -3.6043470995e+01    1.2998388441e+03   -4.7641339585e+01    1.1597868590e+01   -8.4753252783e+00    3.8054802283e+00   -6.5533950608e+00   -3.6418099474e+01    2.0488347343e+04    2.0790561350e+00    9.9889678202e-01
       124   -3.6042966685e+01    1.2997951633e+03   -4.7727736262e+01    1.1684769576e+01   -8.3906370957e+00    3.6616821490e+00   -6.5806818406e+00   -3.6418099474e+01    2.0293921366e+04    2.0317350060e+00    9.9897939073e-01
       125   -3.6055511985e+01    1.3006907980e+03   -4.7694204219e+01    1.1638692235e+01   -8.3612690341e+00    3.6712023874e+00   -6.5860380985e+00   -3.6418099474e+01    2.0254175819e+04    2.0415035410e+00    9.9900543835e-01
       126   -3.6060706531e+01    1.3010754453e+03   -4.7720370814e+01    1.1659664283e+01   -8.3155420661e+00    3.5899771982e+00   -6.5767064721e+00   -3.6418099474e+01    2.0380694162e+04    2.0480439540e+00    9.9898885462e-01
       127   -3.6092456649e+01    1.3033822219e+03   -4.7643920048e+01    1.1551463399e+01   -8.3599948250e+00    3.7093058345e+00   -6.5751315834e+00   -3.6418099474e+01    2.0376788197e+04    2.0299074210e+00    9.9896731889e-01
       128   -3.6090425083e+01    1.3033147383e+03   -4.7738400314e+01    1.1647975231e+01   -8.3461554699e+00    3.6183407087e+00   -6.5924860783e+00   -3.6418099474e+01    2.0455900066e+04    2.0414126320e+00    9.9899231575e-01
       129   -3.6081673962e+01    1.3026916000e+03   -4.7678242251e+01    1.1596568289e+01   -8.4070451070e+00    3.6984955320e+00   -6.5515932021e+00   -3.6418099474e+01    2.0401606572e+04    2.0261407150e+00    9.9896518396e-01
       130   -3.6080567475e+01    1.3025532062e+03   -4.7730607687e+01    1.1650040212e+01   -8.3830531117e+00    3.5963430185e+00   -6.5257981198e+00   -3.6418099474e+01    2.0394884684e+04    2.0321445190e+00    9.9883696490e-01
       131   -3.6091273809e+01    1.3033578567e+03   -4.7685493368e+01    1.1594219559e+01   -8.4037717513e+00    3.6672035063e+00   -6.5308256488e+00   -3.6418099474e+01    2.0510417774e+04    2.0518355370e+00    9.9894450831e-01
       132   -3.6080360831e+01    1.3025243173e+03   -4.7739954968e+01    1.1659594137e+01   -8.4984533782e+00    3.7147272769e+00   -6.5381293926e+00   -3.6418099474e+01    2.0689778928e+04    2.0838724010e+00    9.9894003425e-01
       133   -3.6079957058e+01    1.3024983405e+03   -4.7751218094e+01    1.1671261036e+01   -8.5366463738e+00    3.7388947660e+00   -6.5353670118e+00   -3.6418099474e+01    2.0758105643e+04    2.0894354900e+00    9.9895388131e-01
       134   -3.6052409812e+01    1.3004953947e+03   -4.7698408845e+01    1.1645999033e+01   -8.5055438027e+00    3.7698041582e+00   -6.5445697260e+00   -3.6418099474e+01    2.0584045794e+04    2.0783821900e+00    9.9887932051e-01
       135   -3.6039114338e+01    1.2995226567e+03   -4.7777612051e+01    1.1738497713e+01   -8.4891006690e+00    3.6519226067e+00   -6.5223345148e+00   -3.6418099474e+01    2.0473493321e+04    2.0504892780e+00    9.9895358085e-01
       136   -3.6047500308e+01    1.3001218151e+03   -4.7742144777e+01    1.1694644469e+01   -8.4846252035e+00    3.6823756565e+00   -6.5217957555e+00   -3.6418099474e+01    2.0569166149e+04    2.0698391250e+00    9.9892022137e-01
       137   -3.6035385400e+01    1.2992656859e+03   -4.7823423116e+01    1.1788037716e+01   -8.4914100676e+00    3.5945692783e+00   -6.5084828523e+00   -3.6418099474e+01    2.0339838133e+04    2.0264851190e+00    9.9889753385e-01
       138   -3.6038139588e+01    1.2994628469e+03   -4.7867848214e+01    1.1829708626e+01   -8.4762498635e+00    3.5486937518e+00   -6.5221926282e+00   -3.6418099474e+01    2.0351571798e+04    2.0274017260e+00    9.9888409306e-01
       139   -3.6042571364e+01    1.2997918811e+03   -4.7667427144e+01    1.1624855780e+01   -8.4987859465e+00    3.7707459003e+00   -6.5212876241e+00   -3.6418099474e+01    2.0393217729e+04    2.0266974030e+00    9.9894937383e-01
       140   -3.6045356299e+01    1.3000000705e+03   -4.7703044139e+01    1.1657687840e+01   -8.4586330580e+00    3.6856578370e+00   -6.5119694439e+00   -3.6418099474e+01    2.0424452652e+04    2.0365313330e+00    9.9908909077e-01
       141   -3.6050534525e+01    1.3003484137e+03   -4.7762707851e+01    1.1712173326e+01   -8.4167325928e+00    3.6018342552e+00   -6.5297100392e+00   -3.6418099474e+01    2.0370844289e+04    2.0257209860e+00    9.9892183950e-01
       142   -3.6044134363e+01    1.2998927169e+03   -4.7726027688e+01    1.1681893325e+01   -8.4976616998e+00    3.7096593498e+00   -6.5199258637e+00   -3.6418099474e+01    2.0392611148e+04    2.0297656740e+00    9.9893356215e-01
       143   -3.6046029650e+01    1.3000890273e+03   -4.7665616615e+01    1.1619586965e+01   -8.5232613076e+00    3.8001521640e+00   -6.5244079976e+00   -3.6418099474e+01    2.0452139235e+04    2.0411253090e+00    9.9889129448e-01
       144   -3.6061243731e+01    1.3011742907e+03   -4.7702995692e+01    1.1641751961e+01   -8.5129066781e+00    3.7789936813e+00   -6.5509832213e+00   -3.6418099474e+01    2.0493616983e+04    2.0480421960e+00    9.9896833917e-01
       145   -3.6063515692e+01    1.3012986261e+03   -4.7697827863e+01    1.1634312171e+01   -8.4582641129e+00    3.7344322755e+00   -6.5558965515e+00   -3.6418099474e+01    2.0352055282e+04    2.0242877340e+00    9.9892769393e-01
       146   -3.6045882732e+01    1.3000171409e+03   -4.7700591300e+01    1.1654708568e+01   -8.5081009092e+00    3.7705611232e+00   -6.5449520397e+00   -3.6418099474e+01    2.0483046134e+04    2.0498720670e+00    9.9886159189e-01
       147   -3.6053494782e+01    1.3006030597e+03   -4.7656282967e+01    1.1602788185e+01   -8.6262000869e+00    3.9166173609e+00   -6.5286007664e+00   -3.6418099474e+01    2.0464610743e+04    2.0440660600e+00    9.9893377169e-01
       148   -3.6054296730e+01    1.3006442978e+03   -4.7712891187e+01    1.1658594457e+01   -8.6134846245e+00    3.8499562666e+00   -6.5312633548e+00   -3.6418099474e+01    2.0351988924e+04    2.0214734650e+00    9.9898044418e-01
       149   -3.6076582259e+01    1.3022942876e+03   -4.7797825746e+01    1.1721243487e+01   -8.5727672850e+00    3.6996436298e+00   -6.5066026170e+00   -3.6418099474e+01    2.0360235634e+04    2.0307218720e+00    9.9892800999e-01
       150   -3.6073910851e+01    1.3020541570e+03   -4.7738125264e+01    1.1664214413e+01   -8.5879744329e+00    3.7693109136e+00   -6.5013622703e+00   -3.6418099474e+01    2.0518727940e+04    2.0792526550e+00    9.9891199900e-01
       151   -3.6069739159e+01    1.3017539240e+03   -4.7805750775e+01    1.1736011616e+01   -8.5530227849e+00    3.6955310090e+00   -6.5301595248e+00   -3.6418099474e+01    2.0566088964e+04    2.0766000960e+00    9.9887117502e-01
       152   -3.6067615522e+01    1.3016223850e+03   -4.7788326570e+01    1.1720711047e+01   -8.5476506829e+00    3.7094761902e+00   -6.5320526028e+00   -3.6418099474e+01    2.0687125412e+04    2.0723609620e+00    9.9899700309e-01
       153   -3.6078780607e+01    1.3024254083e+03   -4.7793390882e+01    1.1714610276e+01   -8.5346608651e+00    3.6797897581e+00   -6.5204203010e+00   -3.6418099474e+01    2.0603495374e+04    2.0712375740e+00    9.9890955363e-01
       154   -3.6057748297e+01    1.3008570230e+03   -4.7854215869e+01    1.1796467572e+01   -8.4886036052e+00    3.5885291843e+00   -6.5360419742e+00   -3.6418099474e+01    2.0714276384e+04    2.1086658140e+00    9.9888635282e-01
       155   -3.6054723769e+01    1.3006082464e+03   -4.7843209156e+01    1.1788485387e+01   -8.4773634171e+00    3.6015550289e+00   -6.5493012932e+00   -3.6418099474e+01    2.0702629714e+04    2.0760697010e+00    9.9894095569e-01
       156   -3.6049453272e+01    1.3002574594e+03   -4.7820610576e+01    1.1771157304e+01   -8.5209935035e+00    3.6675493652e+00   -6.5490669637e+00   -3.6418099474e+01    2.0776846105e+04    2.0742511350e+00    9.9893451751e-01
       157   -3.6069929689e+01    1.3017644146e+03   -4.7753988236e+01    1.1684058547e+01   -8.5437936949e+00    3.7478927997e+00   -6.5399878668e+00   -3.6418099474e+01    2.0723762422e+04    2.0757493950e+00    9.9892641737e-01
       158   -3.6063193236e+01    1.3012591249e+03   -4.7799448825e+01    1.1736255589e+01   -8.5851182431e+00    3.7359438470e+00   -6.5321749550e+00   -3.6418099474e+01    2.0712638724e+04    2.0755819850e+00    9.9892584725e-01
       159   -3.6044825063e+01    1.2999024323e+03   -4.7706567353e+01    1.1661742290e+01   -8.6595144934e+00    3.8935483537e+00   -6.5225017389e+00   -3.6418099474e+01    2.0686566702e+04    2.0871185870e+00    9.9889363729e-01
       160   -3.6043217964e+01    1.2997915362e+03   -4.7801861911e+01    1.1758643948e+01   -8.6607139954e+00    3.8081383037e+00   -6.5311867455e+00   -3.6418099474e+01    2.0544773091e+04    2.0704741690e+00    9.9888767615e-01
       161   -3.6040143625e+01    1.2995881628e+03   -4.7744069309e+01    1.1703925684e+01   -8.6763210662e+00    3.8858626959e+00   -6.5355114641e+00   -3.6418099474e+01    2.0551905749e+04    2.0710213930e+00    9.9891764363e-01
       162   -3.6037647105e+01    1.2994364142e+03   -4.7762984894e+01    1.1725337790e+01   -8.6173641824e+00    3.8023000759e+00   -6.5298213136e+00   -3.6418099474e+01    2.0551682008e+04    2.0707021430e+00    9.9881166652e-01
       163   -3.6020317725e+01    1.2981800274e+03   -4.7840575615e+01    1.1820257890e+01   -8.6151568295e+00    3.7218035186e+00   -6.5291228295e+00   -3.6418099474e+01    2.0441299597e+04    2.0572775510e+00    9.9900623852e-01
       164   -3.6045015706e+01    1.2999727162e+03   -4.7783572001e+01    1.1738556295e+01   -8.6074861539e+00    3.7395749542e+00   -6.4975613268e+00   -3.6418099474e+01    2.0176509582e+04    2.0059608170e+00    9.9890079935e-01
       165   -3.6057538261e+01    1.3008945072e+03   -4.7788789869e+01    1.1731251608e+01   -8.6274037005e+00    3.7699432772e+00   -6.5132299711e+00   -3.6418099474e+01    2.0122918640e+04    2.0079100870e+00    9.9898998864e-01
       166   -3.6068106507e+01    1.3016574469e+03   -4.7879852933e+01    1.1811746426e+01   -8.5738179823e+00    3.6324867083e+00   -6.5204221846e+00   -3.6418099474e+01    2.0259824864e+04    2.0188445810e+00    9.9883632363e-01
       167   -3.6061832441e+01    1.3011621391e+03   -4.7820670804e+01    1.1758838363e+01   -8.6055651170e+00    3.7214339456e+00   -6.5184401588e+00   -3.6418099474e+01    2.0381608336e+04    2.0440451460e+00    9.9899761671e-01
       168   -3.6068556382e+01    1.3016670329e+03   -4.7890057178e+01    1.1821500797e+01   -8.6325751300e+00    3.6834096252e+00   -6.5227921993e+00   -3.6418099474e+01    2.0333029294e+04    2.0401449990e+00    9.9890907174e-01
       169   -3.6071854687e+01    1.3018639888e+03   -4.7808438931e+01    1.1736584244e+01   -8.6259839826e+00    3.7463451633e+00   -6.5107006372e+00   -3.6418099474e+01    2.0346681853e+04    2.0568637070e+00    9.9894663661e-01
       170   -3.6073936809e+01    1.3020160707e+03   -4.7833551059e+01    1.1759614251e+01   -8.6567839061e+00    3.7511221151e+00   -6.5097897942e+00   -3.6418099474e+01    2.0506785046e+04    2.0605389150e+00    9.9890962042e-01
       171   -3.6058381988e+01    1.3008993228e+03   -4.7810835527e+01    1.1752453538e+01   -8.6446370985e+00    3.7353475893e+00   -6.4834465433e+00   -3.6418099474e+01    2.0390640012e+04    2.0676025470e+00    9.9891228193e-01
       172   -3.6041830641e+01    1.2996845704e+03   -4.7724064527e+01    1.1682233886e+01   -8.6560155985e+00    3.8161280735e+00   -6.4660775283e+00   -3.6418099474e+01    2.0362212914e+04    2.0421584930e+00    9.9890743923e-01
       173   -3.6047252731e+01    1.3000717139e+03   -4.7791209061e+01    1.1743956330e+01   -8.5401950556e+00    3.6413048165e+00   -6.4742193474e+00   -3.6418099474e+01    2.0375542597e+04    2.0374357170e+00    9.9887478179e-01
       174   -3.6049153396e+01    1.3002230720e+03   -4.7700282188e+01    1.1651128792e+01   -8.5436157221e+00    3.7477230275e+00   -6.4862900194e+00   -3.6418099474e+01    2.0402619833e+04    2.0385921800e+00    9.9896378861e-01
       175   -3.6053490111e+01    1.3005716373e+03   -4.7723725067e+01    1.1670234956e+01   -8.6226228822e+00    3.8338733864e+00   -6.5168760972e+00   -3.6418099474e+01    2.0618956328e+04    2.0685160550e+00    9.9885345729e-01
       176   -3.6069602426e+01    1.3017200659e+03   -4.7794771190e+01    1.1725168764e+01   -8.6169785657e+00    3.7524311778e+00   -6.5121243279e+00   -3.6418099474e+01    2.0614091429e+04    2.0680677150e+00    9.9887385827e-01
       177   -3.6069524017e+01    1.3017165127e+03   -4.7790764111e+01    1.1721240094e+01   -8.6381003174e+00    3.7720245294e+00   -6.5065888490e+00   -3.6418099474e+01    2.0633761992e+04    2.0730024020e+00    9.9888008807e-01
       178   -3.6077603414e+01    1.3023514854e+03   -4.7856440066e+01    1.1778836652e+01   -8.5560950155e+00    3.6228912802e+00   -6.5051368569e+00   -3.6418099474e+01    2.0711471048e+04    2.0802849850e+00    9.9889982549e-01
       179   -3.6065665900e+01    1.3014444036e+03   -4.7883143577e+01    1.1817477677e+01   -8.4981473583e+00    3.5640888453e+00   -6.5309855902e+00   -3.6418099474e+01    2.0725043095e+04    2.0844347470e+00    9.9894542397e-01
       180   -3.6040783004e+01    1.2995971782e+03   -4.7883900905e+01    1.1843117901e+01   -8.4611242082e+00    3.5021515051e+00   -6.5068287279e+00   -3.6418099474e+01    2.0716700782e+04    2.0759708480e+00    9.9898663321e-01
       181   -3.6042733321e+01    1.2997826207e+03   -4.7859413919e+01    1.1816680598e+01   -8.4215802304e+00    3.5105649496e+00   -6.5302991637e+00   -3.6418099474e+01    2.0666204599e+04    2.0721275340e+00    9.9891329887e-01
       182   -3.6053845867e+01    1.3005988486e+03   -4.7804542373e+01    1.1750696506e+01   -8.3881132897e+00    3.5317489831e+00   -6.5300785923e+00   -3.6418099474e+01    2.0490115151e+04    2.0454810400e+00    9.9901006665e-01
       183   -3.6055064225e+01    1.3006699551e+03   -4.7775859889e+01    1.1720795664e+01   -8.4294786515e+00    3.6049194744e+00   -6.5332012374e+00   -3.6418099474e+01    2.0408842862e+04    2.0596848080e+00    9.9890804477e-01
       184   -3.6046853061e+01    1.3000622577e+03   -4.7803391191e+01    1.1756538129e+01   -8.3663891366e+00    3.5256929030e+00   -6.5445954828e+00   -3.6418099474e+01    2.0418804052e+04    2.0380037990e+00    9.9901886713e-01
       185   -3.6030334677e+01    1.2988704180e+03   -4.7799657969e+01    1.1769323292e+01   -8.3175235591e+00    3.4888272326e+00   -6.5528621686e+00   -3.6418099474e+01    2.0256357165e+04    2.0212715490e+00    9.9900401918e-01
       186   -3.6040806473e+01    1.2996354163e+03   -4.7730279186e+01    1.1689472713e+01   -8.3086587392e+00    3.5624986578e+00   -6.5660196305e+00   -3.6418099474e+01    2.0331781192e+04    2.0275713980e+00    9.9888820975e-01
       187   -3.6049029292e+01    1.3002392443e+03   -4.7656070294e+01    1.1607041003e+01   -8.4246346294e+00    3.7605293018e+00   -6.5738654927e+00   -3.6418099474e+01    2.0406432824e+04    2.0409034110e+00    9.9900774206e-01
       188   -3.6064322654e+01    1.3013526687e+03   -4.7739240864e+01    1.1674918210e+01   -8.4339204515e+00    3.6953661927e+00   -6.5825871310e+00   -3.6418099474e+01    2.0336109868e+04    2.0275463630e+00    9.9889347890e-01
       189   -3.6055503462e+01    1.3006903907e+03   -4.7733075231e+01    1.1677571769e+01   -8.4419800189e+00    3.6969265351e+00   -6.5699222727e+00   -3.6418099474e+01    2.0316873942e+04    2.0324021040e+00    9.9891535173e-01
       190   -3.6050097977e+01    1.3002821432e+03   -4.7764787766e+01    1.1714689789e+01   -8.3893371907e+00    3.5773675834e+00   -6.5347186849e+00   -3.6418099474e+01    2.0254425249e+04    2.0315533270e+00    9.9896140445e-01
       191   -3.6052486884e+01    1.3004542578e+03   -4.7631478036e+01    1.1578991153e+01   -8.4047425940e+00    3.7390747787e+00   -6.5477107469e+00   -3.6418099474e+01    2.0202238918e+04    2.0201362750e+00    9.9894276804e-01
       192   -3.6046597569e+01    1.3000395353e+03   -4.7630910546e+01    1.1584312977e+01   -8.4158062789e+00    3.7258616297e+00   -6.5228664226e+00   -3.6418099474e+01    2.0212073648e+04    2.0104632940e+00    9.9888149897e-01
       193   -3.6064865200e+01    1.3013826449e+03   -4.7657852896e+01    1.1592987695e+01   -8.4885136889e+00    3.7843892783e+00   -6.5356290108e+00   -3.6418099474e+01    2.0285064196e+04    2.0288588720e+00    9.9886951132e-01
       194   -3.6052900302e+01    1.3005234188e+03   -4.7812452407e+01    1.1759552105e+01   -8.4831988470e+00    3.6439273448e+00   -6.5550814309e+00   -3.6418099474e+01    2.0302444058e+04    2.0217165430e+00    9.9904478095e-01
       195   -3.6048266623e+01    1.3001994958e+03   -4.7810186454e+01    1.1761919831e+01   -8.4784486949e+00    3.6570278540e+00   -6.5706661389e+00   -3.6418099474e+01    2.0300640337e+04    2.0195241190e+00    9.9893214268e-01
       196   -3.6040267327e+01    1.2996529971e+03   -4.7782776574e+01    1.1742509246e+01   -8.5374195960e+00    3.7157866684e+00   -6.5430441719e+00   -3.6418099474e+01    2.0386904346e+04    2.0219392670e+00    9.9895782246e-01
       197   -3.6049057693e+01    1.3003029631e+03   -4.7739775023e+01    1.1690717330e+01   -8.5237022608e+00    3.7520638861e+00   -6.5500371738e+00   -3.6418099474e+01    2.0362931651e+04    2.0216190050e+00    9.9901962848e-01
       198   -3.6039354797e+01    1.2995882753e+03   -4.7684058250e+01    1.1644703454e+01   -8.4705486974e+00    3.7635466719e+00   -6.5589567507e+00   -3.6418099474e+01    2.0509790126e+04    2.0507932600e+00    9.9886488670e-01
       199   -3.6053276740e+01    1.3005568337e+03   -4.7701827247e+01    1.1648550507e+01   -8.4622824070e+00    3.7266025261e+00   -6.5480478922e+00   -3.6418099474e+01    2.0375693099e+04    2.0249695660e+00    9.9896762297e-01
