#   index    LocalEnergy         LocalEnergy_sq      LocalPotential      Kinetic             LocalECP            NonLocalECP         ElecElec            IonIon              BlockWeight         BlockCPU            AcceptRatio         
         0   -3.6006826856e+01    1.2971754843e+03   -4.7866469401e+01    1.1859642545e+01   -8.6499190192e+00    3.7242509646e+00   -6.5227018721e+00   -3.6418099474e+01    2.0471734177e+04    2.1048632440e+00    9.9899111201e-01
         1   -3.5992198513e+01    1.2961920540e+03   -4.7847020191e+01    1.1854821678e+01   -8.6661526074e+00    3.7510385617e+00   -6.5138066713e+00   -3.6418099474e+01    2.0483918106e+04    2.0707623410e+00    9.9894891335e-01
         2   -3.5987949838e+01    1.2958677335e+03   -4.7872738958e+01    1.1884789120e+01   -8.5961971473e+00    3.6343170779e+00   -6.4927594144e+00   -3.6418099474e+01    2.0485511020e+04    2.0658421520e+00    9.9900110872e-01
         3   -3.5998483771e+01    1.2965854620e+03   -4.7884664762e+01    1.1886180991e+01   -8.6001887450e+00    3.6062247615e+00   -6.4726013043e+00   -3.6418099474e+01    2.0462861501e+04    2.0573570880e+00    9.9896318432e-01
         4   -3.5998801806e+01    1.2966164577e+03   -4.7881638298e+01    1.1882836491e+01   -8.6373260818e+00    3.6153270321e+00   -6.4415397736e+00   -3.6418099474e+01    2.0467022701e+04    2.0735598840e+00    9.9898612333e-01
         5   -3.5998766351e+01    1.2966459820e+03   -4.7952589051e+01    1.1953822700e+01   -8.7378524391e+00    3.6359300964e+00   -6.4325672339e+00   -3.6418099474e+01    2.0552088465e+04    2.0856935150e+00    9.9892780682e-01
         6   -3.6001933137e+01    1.2968405285e+03   -4.7956829602e+01    1.1954896466e+01   -8.7811940435e+00    3.6860340293e+00   -6.4435701137e+00   -3.6418099474e+01    2.0668385886e+04    2.0953154780e+00    9.9900126483e-01
         7   -3.5975167371e+01    1.2948840688e+03   -4.7861803800e+01    1.1886636430e+01   -8.7867906874e+00    3.7976695957e+00   -6.4545832345e+00   -3.6418099474e+01    2.0741468883e+04    2.0891800170e+00    9.9893449283e-01
         8   -3.5961630053e+01    1.2939129721e+03   -4.7779813607e+01    1.1818183554e+01   -8.7531811554e+00    3.8446252832e+00   -6.4531582604e+00   -3.6418099474e+01    2.0562971668e+04    2.0882083360e+00    9.9893395375e-01
         9   -3.5995476390e+01    1.2963685987e+03   -4.7840956186e+01    1.1845479796e+01   -8.6790127529e+00    3.7598458562e+00   -6.5036898145e+00   -3.6418099474e+01    2.0605073806e+04    2.0975828470e+00    9.9895309738e-01
        10   -3.5989692797e+01    1.2959485740e+03   -4.7868670890e+01    1.1878978094e+01   -8.6119770152e+00    3.6633483847e+00   -6.5019427857e+00   -3.6418099474e+01    2.0691973535e+04    2.0899158320e+00    9.9894897072e-01
        11   -3.5980620381e+01    1.2953119882e+03   -4.7871422271e+01    1.1890801890e+01   -8.6385278819e+00    3.6915132359e+00   -6.5063081510e+00   -3.6418099474e+01    2.0679997896e+04    2.0859843820e+00    9.9903306904e-01
        12   -3.6002309872e+01    1.2969156448e+03   -4.7831776393e+01    1.1829466521e+01   -8.7011048410e+00    3.7699228798e+00   -6.4824949573e+00   -3.6418099474e+01    2.0727253708e+04    2.0905945420e+00    9.9893513636e-01
        13   -3.5989894321e+01    1.2960201595e+03   -4.7890437601e+01    1.1900543281e+01   -8.6885572973e+00    3.7037854172e+00   -6.4875662471e+00   -3.6418099474e+01    2.0774653630e+04    2.1007283600e+00    9.9887759031e-01
        14   -3.5975594182e+01    1.2949326879e+03   -4.7835289290e+01    1.1859695108e+01   -8.5942259185e+00    3.6689637664e+00   -6.4919276641e+00   -3.6418099474e+01    2.0663136952e+04    2.0979407910e+00    9.9902368050e-01
        15   -3.5975657940e+01    1.2949329809e+03   -4.7873293042e+01    1.1897635102e+01   -8.5940526590e+00    3.6341727062e+00   -6.4953136154e+00   -3.6418099474e+01    2.0602196623e+04    2.0889951270e+00    9.9897394656e-01
        16   -3.5967792784e+01    1.2943745830e+03   -4.7861954404e+01    1.1894161619e+01   -8.6194352481e+00    3.6913566519e+00   -6.5157763333e+00   -3.6418099474e+01    2.0553336925e+04    2.0859684140e+00    9.9897155087e-01
        17   -3.5980505536e+01    1.2953159844e+03   -4.7802093428e+01    1.1821587892e+01   -8.6285600850e+00    3.7378205450e+00   -6.4932544134e+00   -3.6418099474e+01    2.0654037480e+04    2.0887507210e+00    9.9894881707e-01
        18   -3.5973082217e+01    1.2947709914e+03   -4.7792683911e+01    1.1819601694e+01   -8.6032168339e+00    3.7480941044e+00   -6.5194617078e+00   -3.6418099474e+01    2.0699031098e+04    2.0851310770e+00    9.9893050342e-01
        19   -3.5980202275e+01    1.2952850000e+03   -4.7755932284e+01    1.1775730009e+01   -8.6173232834e+00    3.7534328064e+00   -6.4739423328e+00   -3.6418099474e+01    2.0672062303e+04    2.0862350440e+00    9.9892900328e-01
        20   -3.5981451211e+01    1.2953656834e+03   -4.7767150790e+01    1.1785699579e+01   -8.5727079693e+00    3.6804441445e+00   -6.4567874906e+00   -3.6418099474e+01    2.0649421865e+04    2.0865391790e+00    9.9890359979e-01
        21   -3.5986021893e+01    1.2956480350e+03   -4.7729013459e+01    1.1742991565e+01   -8.6434404098e+00    3.7946272813e+00   -6.4621008560e+00   -3.6418099474e+01    2.0544289345e+04    2.0748652190e+00    9.9890484303e-01
        22   -3.5962647642e+01    1.2940148834e+03   -4.7794526882e+01    1.1831879240e+01   -8.6301161822e+00    3.7198883108e+00   -6.4661995368e+00   -3.6418099474e+01    2.0534186575e+04    2.0787194200e+00    9.9893234474e-01
        23   -3.5971275131e+01    1.2946706256e+03   -4.7844615409e+01    1.1873340277e+01   -8.6150033489e+00    3.6391142154e+00   -6.4506268011e+00   -3.6418099474e+01    2.0527814801e+04    2.0760755430e+00    9.9893192872e-01
        24   -3.5969622585e+01    1.2945157036e+03   -4.7807115007e+01    1.1837492422e+01   -8.7012871332e+00    3.7896126690e+00   -6.4773410687e+00   -3.6418099474e+01    2.0654489156e+04    2.0934504070e+00    9.9894373258e-01
        25   -3.5967957732e+01    1.2943784447e+03   -4.7865623340e+01    1.1897665608e+01   -8.7122505182e+00    3.7798407206e+00   -6.5151140688e+00   -3.6418099474e+01    2.0518306591e+04    2.0663881330e+00    9.9898018851e-01
        26   -3.5962064576e+01    1.2940320020e+03   -4.7917916103e+01    1.1955851527e+01   -8.6840437136e+00    3.6983054182e+00   -6.5140783339e+00   -3.6418099474e+01    2.0473017569e+04    2.0621149730e+00    9.9892736799e-01
        27   -3.5952932278e+01    1.2933399718e+03   -4.7918015680e+01    1.1965083402e+01   -8.6858602593e+00    3.6700167589e+00   -6.4840727059e+00   -3.6418099474e+01    2.0420769587e+04    2.0628248280e+00    9.9892818676e-01
        28   -3.5952872369e+01    1.2933168002e+03   -4.7905787130e+01    1.1952914762e+01   -8.6581787223e+00    3.6651396196e+00   -6.4946485536e+00   -3.6418099474e+01    2.0283288525e+04    2.0488295400e+00    9.9894901027e-01
        29   -3.5967244687e+01    1.2943297308e+03   -4.7912801228e+01    1.1945556541e+01   -8.6311938412e+00    3.5957940265e+00   -6.4593019395e+00   -3.6418099474e+01    2.0232138300e+04    2.0591150350e+00    9.9890202226e-01
        30   -3.5978055610e+01    1.2951066152e+03   -4.7854689280e+01    1.1876633671e+01   -8.6516941349e+00    3.7272006138e+00   -6.5120962851e+00   -3.6418099474e+01    2.0448119430e+04    2.0493752370e+00    9.9897125810e-01
        31   -3.5987507723e+01    1.2957986049e+03   -4.7825244952e+01    1.1837737228e+01   -8.6446515346e+00    3.7791887872e+00   -6.5416827299e+00   -3.6418099474e+01    2.0423387377e+04    2.0479113050e+00    9.9899263363e-01
        32   -3.5987878170e+01    1.2957946503e+03   -4.7804322388e+01    1.1816444218e+01   -8.6438389100e+00    3.7853943747e+00   -6.5277783781e+00   -3.6418099474e+01    2.0449942213e+04    2.0534574160e+00    9.9896601833e-01
        33   -3.5975453923e+01    1.2949036824e+03   -4.7880500539e+01    1.1905046615e+01   -8.7073631036e+00    3.7400948401e+00   -6.4951328008e+00   -3.6418099474e+01    2.0493395045e+04    2.0678633120e+00    9.9899447922e-01
        34   -3.5971056772e+01    1.2945873514e+03   -4.7857486877e+01    1.1886430106e+01   -8.6635002807e+00    3.7084624566e+00   -6.4843495792e+00   -3.6418099474e+01    2.0405735015e+04    2.0490930840e+00    9.9896744114e-01
        35   -3.5967715762e+01    1.2943915555e+03   -4.7793704698e+01    1.1825988936e+01   -8.6398782914e+00    3.7247458100e+00   -6.4604727426e+00   -3.6418099474e+01    2.0371719246e+04    2.0450020900e+00    9.9894292867e-01
        36   -3.5981946482e+01    1.2954032024e+03   -4.7816533845e+01    1.1834587364e+01   -8.6812153991e+00    3.7763644040e+00   -6.4935833760e+00   -3.6418099474e+01    2.0361924312e+04    2.0482417240e+00    9.9896856582e-01
        37   -3.5969334262e+01    1.2944786699e+03   -4.7869951652e+01    1.1900617390e+01   -8.6347399935e+00    3.6938409533e+00   -6.5109531377e+00   -3.6418099474e+01    2.0471347056e+04    2.0731132190e+00    9.9890971384e-01
        38   -3.5966053878e+01    1.2942456658e+03   -4.7834464937e+01    1.1868411058e+01   -8.6138839554e+00    3.7320088073e+00   -6.5344903143e+00   -3.6418099474e+01    2.0382398712e+04    2.0528576380e+00    9.9901533416e-01
        39   -3.5995885262e+01    1.2964141245e+03   -4.7799576079e+01    1.1803690818e+01   -8.6211008827e+00    3.7555723060e+00   -6.5159480285e+00   -3.6418099474e+01    2.0401516619e+04    2.0565181090e+00    9.9901075736e-01
        40   -3.5996195087e+01    1.2963935191e+03   -4.7796429464e+01    1.1800234377e+01   -8.6731843334e+00    3.7972200461e+00   -6.5023657026e+00   -3.6418099474e+01    2.0393147710e+04    2.0576091880e+00    9.9890692004e-01
        41   -3.5987653131e+01    1.2957903217e+03   -4.7864995805e+01    1.1877342673e+01   -8.6488233827e+00    3.7084024182e+00   -6.5064753660e+00   -3.6418099474e+01    2.0508352260e+04    2.0741779010e+00    9.9901601544e-01
        42   -3.5978719402e+01    1.2951962139e+03   -4.7813456489e+01    1.1834737087e+01   -8.5846611882e+00    3.6802200745e+00   -6.4909159013e+00   -3.6418099474e+01    2.0443074037e+04    2.0583760640e+00    9.9901817597e-01
        43   -3.5984151447e+01    1.2955432618e+03   -4.7803816696e+01    1.1819665249e+01   -8.6097898194e+00    3.7029224991e+00   -6.4788499019e+00   -3.6418099474e+01    2.0386623231e+04    2.0506722160e+00    9.9899611059e-01
        44   -3.5972390676e+01    1.2946858305e+03   -4.7780495575e+01    1.1808104899e+01   -8.6651351976e+00    3.7904322961e+00   -6.4876931995e+00   -3.6418099474e+01    2.0382830656e+04    2.0511900710e+00    9.9900302072e-01
        45   -3.5969713813e+01    1.2944840083e+03   -4.7805918604e+01    1.1836204790e+01   -8.6009850845e+00    3.7057126139e+00   -6.4925466590e+00   -3.6418099474e+01    2.0434358249e+04    2.0561444670e+00    9.9897589688e-01
        46   -3.5971987731e+01    1.2947019205e+03   -4.7817031268e+01    1.1845043537e+01   -8.6518806681e+00    3.7367055201e+00   -6.4837566463e+00   -3.6418099474e+01    2.0450660970e+04    2.0566877990e+00    9.9899416054e-01
        47   -3.5974717643e+01    1.2948571602e+03   -4.7814267242e+01    1.1839549600e+01   -8.7401116954e+00    3.8169425616e+00   -6.4729986344e+00   -3.6418099474e+01    2.0351539667e+04    2.0649826660e+00    9.9884877542e-01
        48   -3.5959617044e+01    1.2937679762e+03   -4.7848421462e+01    1.1888804418e+01   -8.6983966659e+00    3.7558380468e+00   -6.4877633692e+00   -3.6418099474e+01    2.0362316117e+04    2.0486570400e+00    9.9895829680e-01
        49   -3.5956755741e+01    1.2935568832e+03   -4.7802427995e+01    1.1845672254e+01   -8.6304220810e+00    3.7622277441e+00   -6.5161341842e+00   -3.6418099474e+01    2.0325914436e+04    2.0394963170e+00    9.9896874978e-01
        50   -3.5949265220e+01    1.2930341922e+03   -4.7845939807e+01    1.1896674587e+01   -8.6417667817e+00    3.7446755574e+00   -6.5307491084e+00   -3.6418099474e+01    2.0215761279e+04    2.0352700890e+00    9.9893134463e-01
        51   -3.5956618100e+01    1.2935536616e+03   -4.7805305736e+01    1.1848687636e+01   -8.7063973455e+00    3.8399825009e+00   -6.5207914174e+00   -3.6418099474e+01    2.0127453078e+04    2.0229357310e+00    9.9898506700e-01
        52   -3.5950366905e+01    1.2931170537e+03   -4.7857938377e+01    1.1907571472e+01   -8.7258275141e+00    3.7786492469e+00   -6.4926606358e+00   -3.6418099474e+01    2.0184768734e+04    2.0364400980e+00    9.9894026566e-01
        53   -3.5968504839e+01    1.2944480010e+03   -4.7894063531e+01    1.1925558692e+01   -8.7242227029e+00    3.7488970171e+00   -6.5006383714e+00   -3.6418099474e+01    2.0050139304e+04    2.0309778770e+00    9.9894182533e-01
        54   -3.5977692400e+01    1.2951261533e+03   -4.7861285849e+01    1.1883593449e+01   -8.8038731510e+00    3.8528737450e+00   -6.4921869690e+00   -3.6418099474e+01    2.0059430394e+04    2.0324381410e+00    9.9883890729e-01
        55   -3.5983089046e+01    1.2955254522e+03   -4.7835082776e+01    1.1851993730e+01   -8.7918523795e+00    3.8549278225e+00   -6.4800587453e+00   -3.6418099474e+01    2.0198298710e+04    2.0428185100e+00    9.9901137537e-01
        56   -3.5994607494e+01    1.2963095498e+03   -4.7827919304e+01    1.1833311810e+01   -8.7610576114e+00    3.8420309844e+00   -6.4907932024e+00   -3.6418099474e+01    2.0186380633e+04    2.0495397780e+00    9.9892573977e-01
        57   -3.5995477070e+01    1.2963620458e+03   -4.7885231217e+01    1.1889754147e+01   -8.7660110019e+00    3.7805257869e+00   -6.4816465276e+00   -3.6418099474e+01    2.0132211713e+04    2.0373784520e+00    9.9902218279e-01
        58   -3.5997361412e+01    1.2965214689e+03   -4.7904161204e+01    1.1906799792e+01   -8.7483811973e+00    3.7427147982e+00   -6.4803953305e+00   -3.6418099474e+01    2.0120547907e+04    2.1638258010e+00    9.9901804803e-01
        59   -3.5985663216e+01    1.2956601783e+03   -4.7898733411e+01    1.1913070195e+01   -8.7515515165e+00    3.7445574800e+00   -6.4736399007e+00   -3.6418099474e+01    2.0191597472e+04    2.0365860280e+00    9.9896503407e-01
        60   -3.5996036169e+01    1.2964251890e+03   -4.7871572424e+01    1.1875536255e+01   -8.8312397590e+00    3.8669565715e+00   -6.4891897628e+00   -3.6418099474e+01    2.0212341025e+04    2.0397557890e+00    9.9891651702e-01
        61   -3.6002247305e+01    1.2968594376e+03   -4.7840371741e+01    1.1838124436e+01   -8.7585711310e+00    3.8139957730e+00   -6.4776969087e+00   -3.6418099474e+01    2.0264757114e+04    2.0400151690e+00    9.9898100221e-01
        62   -3.5992345892e+01    1.2961363869e+03   -4.7892867189e+01    1.1900521297e+01   -8.6681464688e+00    3.6615310041e+00   -6.4681522503e+00   -3.6418099474e+01    2.0256225431e+04    2.0366734390e+00    9.9895772343e-01
        63   -3.5979080036e+01    1.2952173568e+03   -4.7866318114e+01    1.1887238079e+01   -8.6468145197e+00    3.6961543215e+00   -6.4975584418e+00   -3.6418099474e+01    2.0172021984e+04    2.0431323120e+00    9.9894109064e-01
        64   -3.5996786999e+01    1.2964778189e+03   -4.7837195128e+01    1.1840408129e+01   -8.6122925182e+00    3.6660585955e+00   -6.4728617306e+00   -3.6418099474e+01    2.0242884565e+04    2.0399785460e+00    9.9889876393e-01
        65   -3.6023275724e+01    1.2983770455e+03   -4.7901358740e+01    1.1878083015e+01   -8.5853786500e+00    3.5886579966e+00   -6.4865386120e+00   -3.6418099474e+01    2.0433525618e+04    2.0470676290e+00    9.9887387387e-01
        66   -3.6012051313e+01    1.2975651091e+03   -4.7886388073e+01    1.1874336760e+01   -8.5642343527e+00    3.5942400075e+00   -6.4982942537e+00   -3.6418099474e+01    2.0545530427e+04    2.0788846150e+00    9.9902972046e-01
        67   -3.5993546509e+01    1.2962352968e+03   -4.7842354797e+01    1.1848808288e+01   -8.6246946306e+00    3.7141157269e+00   -6.5136764194e+00   -3.6418099474e+01    2.0571671443e+04    2.0809794110e+00    9.9900166678e-01
        68   -3.6002101524e+01    1.2968422955e+03   -4.7815626212e+01    1.1813524688e+01   -8.6413109578e+00    3.7386471572e+00   -6.4948629370e+00   -3.6418099474e+01    2.0426688885e+04    2.0458762700e+00    9.9900317585e-01
        69   -3.6008215016e+01    1.2972691604e+03   -4.7817231506e+01    1.1809016490e+01   -8.6659812848e+00    3.7619637555e+00   -6.4951145026e+00   -3.6418099474e+01    2.0473738971e+04    2.0547849390e+00    9.9891293727e-01
        70   -3.6002467147e+01    1.2968456036e+03   -4.7774460626e+01    1.1771993478e+01   -8.7290103620e+00    3.8779659504e+00   -6.5053167398e+00   -3.6418099474e+01    2.0629274453e+04    2.0991364830e+00    9.9895762630e-01
        71   -3.5997504084e+01    1.2964812605e+03   -4.7951999614e+01    1.1954495530e+01   -8.7061164863e+00    3.6584574526e+00   -6.4862411062e+00   -3.6418099474e+01    2.0637768631e+04    2.0940414720e+00    9.9895293938e-01
        72   -3.5999375937e+01    1.2966297458e+03   -4.7905135455e+01    1.1905759518e+01   -8.7060400643e+00    3.6883868945e+00   -6.4693828110e+00   -3.6418099474e+01    2.0606181608e+04    2.1023463580e+00    9.9902931470e-01
        73   -3.6000152989e+01    1.2966650769e+03   -4.7805410531e+01    1.1805257543e+01   -8.6726352533e+00    3.7618474530e+00   -6.4765232568e+00   -3.6418099474e+01    2.0626348488e+04    2.1002608410e+00    9.9898176881e-01
        74   -3.5997012445e+01    1.2964743215e+03   -4.7855295191e+01    1.1858282746e+01   -8.6579380749e+00    3.7039631987e+00   -6.4832208410e+00   -3.6418099474e+01    2.0496021221e+04    2.0781886760e+00    9.9886720901e-01
        75   -3.5976727422e+01    1.2950023416e+03   -4.7812146687e+01    1.1835419265e+01   -8.6420847116e+00    3.7586490751e+00   -6.5106115767e+00   -3.6418099474e+01    2.0399552748e+04    2.0473045020e+00    9.9895483193e-01
        76   -3.5989372254e+01    1.2959984625e+03   -4.7881856655e+01    1.1892484400e+01   -8.6816536909e+00    3.7053634993e+00   -6.4874669888e+00   -3.6418099474e+01    2.0450126254e+04    2.0577236980e+00    9.9895384336e-01
        77   -3.5994799434e+01    1.2965248908e+03   -4.7882392230e+01    1.1887592796e+01   -8.6658822701e+00    3.7161676929e+00   -6.5145781789e+00   -3.6418099474e+01    2.0549058209e+04    2.0796079510e+00    9.9895372038e-01
        78   -3.5979709595e+01    1.2952257065e+03   -4.7834590432e+01    1.1854880837e+01   -8.6409836108e+00    3.7428309167e+00   -6.5183382636e+00   -3.6418099474e+01    2.0457800670e+04    2.0557409460e+00    9.9891938885e-01
        79   -3.5975612235e+01    1.2949070605e+03   -4.7756426856e+01    1.1780814621e+01   -8.6974488684e+00    3.8588101304e+00   -6.4996886436e+00   -3.6418099474e+01    2.0409229907e+04    2.0450802720e+00    9.9895359418e-01
        80   -3.5984868122e+01    1.2956648840e+03   -4.7812951160e+01    1.1828083038e+01   -8.6435801219e+00    3.7555698308e+00   -6.5068413942e+00   -3.6418099474e+01    2.0399841038e+04    2.0478297530e+00    9.9893026969e-01
        81   -3.5979731606e+01    1.2952529901e+03   -4.7939223926e+01    1.1959492320e+01   -8.6233480151e+00    3.5999041054e+00   -6.4976805416e+00   -3.6418099474e+01    2.0386511425e+04    2.0462103240e+00    9.9895936988e-01
        82   -3.5984943535e+01    1.2955695617e+03   -4.7898053176e+01    1.1913109641e+01   -8.7159333196e+00    3.7393695517e+00   -6.5033899337e+00   -3.6418099474e+01    2.0413153239e+04    2.0545408290e+00    9.9895894572e-01
        83   -3.5996048312e+01    1.2963834774e+03   -4.7948776503e+01    1.1952728191e+01   -8.7082344657e+00    3.6702506826e+00   -6.4926932455e+00   -3.6418099474e+01    2.0478805279e+04    2.0659125210e+00    9.9902673513e-01
        84   -3.5976070817e+01    1.2949873351e+03   -4.7916594851e+01    1.1940524034e+01   -8.7324054909e+00    3.7263764983e+00   -6.4924663839e+00   -3.6418099474e+01    2.0640387307e+04    2.0898706740e+00    9.9897405554e-01
        85   -3.5971823305e+01    1.2946384784e+03   -4.7878164457e+01    1.1906341151e+01   -8.6904959142e+00    3.7095636699e+00   -6.4791327380e+00   -3.6418099474e+01    2.0717407408e+04    2.0923007370e+00    9.9902622472e-01
        86   -3.5995671706e+01    1.2963707472e+03   -4.7894491325e+01    1.1898819619e+01   -8.7530973431e+00    3.7291925174e+00   -6.4524870246e+00   -3.6418099474e+01    2.0652923765e+04    2.0828516420e+00    9.9896412662e-01
        87   -3.5983677886e+01    1.2954989405e+03   -4.7905075185e+01    1.1921397299e+01   -8.7885455593e+00    3.7638006830e+00   -6.4622308348e+00   -3.6418099474e+01    2.0480011144e+04    2.0738884830e+00    9.9893624442e-01
        88   -3.5977569927e+01    1.2950504352e+03   -4.7805476314e+01    1.1827906387e+01   -8.7618805670e+00    3.8231198541e+00   -6.4486161265e+00   -3.6418099474e+01    2.0482907072e+04    2.0803307830e+00    9.9901316707e-01
        89   -3.6000603514e+01    1.2967587478e+03   -4.7829377479e+01    1.1828773965e+01   -8.7909577463e+00    3.8499392127e+00   -6.4702594716e+00   -3.6418099474e+01    2.0529046730e+04    2.0679649050e+00    9.9899604683e-01
        90   -3.5995600304e+01    1.2964192419e+03   -4.7879122894e+01    1.1883522591e+01   -8.7649683119e+00    3.8066283421e+00   -6.5026834503e+00   -3.6418099474e+01    2.0464014784e+04    2.0562623310e+00    9.9900856682e-01
        91   -3.5979624355e+01    1.2952561957e+03   -4.7897812525e+01    1.1918188170e+01   -8.7800776305e+00    3.7667215400e+00   -6.4663569600e+00   -3.6418099474e+01    2.0565641941e+04    2.0819597580e+00    9.9892511582e-01
        92   -3.5974227570e+01    1.2949224873e+03   -4.8028711715e+01    1.2054484145e+01   -8.6702156289e+00    3.5424125684e+00   -6.4828091802e+00   -3.6418099474e+01    2.0450107035e+04    2.0716265900e+00    9.9889811685e-01
        93   -3.5968142634e+01    1.2944251574e+03   -4.7921842462e+01    1.1953699828e+01   -8.6405218219e+00    3.6245342627e+00   -6.4877554290e+00   -3.6418099474e+01    2.0218421260e+04    2.0367781400e+00    9.9906382257e-01
        94   -3.5960923472e+01    1.2939107736e+03   -4.7890849821e+01    1.1929926349e+01   -8.6601107444e+00    3.7016634643e+00   -6.5143030672e+00   -3.6418099474e+01    2.0248291432e+04    2.0389503750e+00    9.9897354497e-01
        95   -3.5984909954e+01    1.2956271465e+03   -4.7890089484e+01    1.1905179530e+01   -8.6229170542e+00    3.6811891700e+00   -6.5302621253e+00   -3.6418099474e+01    2.0353440593e+04    2.0405101770e+00    9.9895587657e-01
        96   -3.5987602639e+01    1.2958417071e+03   -4.7886278161e+01    1.1898675521e+01   -8.6269516908e+00    3.6927600277e+00   -6.5339870234e+00   -3.6418099474e+01    2.0373129843e+04    2.0411634500e+00    9.9900944620e-01
        97   -3.5962120475e+01    1.2940287498e+03   -4.7867481762e+01    1.1905361287e+01   -8.6134136552e+00    3.6913408267e+00   -6.5273094589e+00   -3.6418099474e+01    2.0389953703e+04    2.0428403560e+00    9.9899825570e-01
        98   -3.5980888675e+01    1.2953609433e+03   -4.7904105113e+01    1.1923216438e+01   -8.5669938876e+00    3.6217855291e+00   -6.5407972799e+00   -3.6418099474e+01    2.0382834381e+04    2.0471610540e+00    9.9889958927e-01
        99   -3.5977254522e+01    1.2950741462e+03   -4.7844097310e+01    1.1866842789e+01   -8.5859616729e+00    3.6922505240e+00   -6.5322866873e+00   -3.6418099474e+01    2.0319504533e+04    2.0407777810e+00    9.9894011938e-01
       100   -3.5998278803e+01    1.2965815927e+03   -4.7827953829e+01    1.1829675026e+01   -8.6198386686e+00    3.7537839245e+00   -6.5437996112e+00   -3.6418099474e+01    2.0491082518e+04    2.0589549050e+00    9.9899069839e-01
       101   -3.6003917746e+01    1.2969698388e+03   -4.7883894119e+01    1.1879976373e+01   -8.6462762203e+00    3.7317436212e+00   -6.5512620461e+00   -3.6418099474e+01    2.0661983456e+04    2.0884595890e+00    9.9903708519e-01
       102   -3.5984295985e+01    1.2955755495e+03   -4.7807739500e+01    1.1823443515e+01   -8.7565015977e+00    3.9238322911e+00   -6.5569707192e+00   -3.6418099474e+01    2.0810365558e+04    2.0984490980e+00    9.9893782046e-01
       103   -3.5989262821e+01    1.2959377109e+03   -4.7846692169e+01    1.1857429348e+01   -8.7449124367e+00    3.8843063494e+00   -6.5679866073e+00   -3.6418099474e+01    2.0901147586e+04    2.1123078370e+00    9.9897490569e-01
       104   -3.6007672321e+01    1.2972303874e+03   -4.7901685840e+01    1.1894013519e+01   -8.6763088573e+00    3.7293597342e+00   -6.5366372426e+00   -3.6418099474e+01    2.0973078671e+04    2.1096236330e+00    9.9904639298e-01
       105   -3.5999093127e+01    1.2966369605e+03   -4.7904163985e+01    1.1905070857e+01   -8.5823021161e+00    3.6460013714e+00   -6.5497637656e+00   -3.6418099474e+01    2.0902998732e+04    2.1372663470e+00    9.9895269531e-01
       106   -3.5984138098e+01    1.2955693765e+03   -4.7895509945e+01    1.1911371847e+01   -8.5659854074e+00    3.6240745424e+00   -6.5354996059e+00   -3.6418099474e+01    2.0765095975e+04    2.1021208200e+00    9.9897679122e-01
       107   -3.5982063652e+01    1.2954221698e+03   -4.7861577958e+01    1.1879514307e+01   -8.6083854220e+00    3.7006568959e+00   -6.5357499580e+00   -3.6418099474e+01    2.0706224566e+04    2.1016651890e+00    9.9896870236e-01
       108   -3.5979461606e+01    1.2952757487e+03   -4.7833377010e+01    1.1853915403e+01   -8.5930737023e+00    3.7306514590e+00   -6.5528552922e+00   -3.6418099474e+01    2.0622749003e+04    2.0958937380e+00    9.9904242424e-01
       109   -3.5995349050e+01    1.2964865710e+03   -4.7833637390e+01    1.1838288340e+01   -8.6097897793e+00    3.7210874744e+00   -6.5268356114e+00   -3.6418099474e+01    2.0525079758e+04    2.0733096880e+00    9.9899590007e-01
       110   -3.5968510189e+01    1.2945271789e+03   -4.7833859888e+01    1.1865349699e+01   -8.6150650926e+00    3.7264050337e+00   -6.5271003552e+00   -3.6418099474e+01    2.0492885914e+04    2.0679365590e+00    9.9903116984e-01
       111   -3.5972026148e+01    1.2947405325e+03   -4.7815478010e+01    1.1843451863e+01   -8.6624127058e+00    3.7986922174e+00   -6.5336580475e+00   -3.6418099474e+01    2.0646889175e+04    2.0905163590e+00    9.9889489959e-01
       112   -3.5983850863e+01    1.2955358606e+03   -4.7748497014e+01    1.1764646150e+01   -8.7268537510e+00    3.8947296086e+00   -6.4982733971e+00   -3.6418099474e+01    2.0720096277e+04    2.0868961120e+00    9.9888145105e-01
       113   -3.5966689544e+01    1.2942845099e+03   -4.7882265507e+01    1.1915575963e+01   -8.6875378628e+00    3.7288446301e+00   -6.5054728000e+00   -3.6418099474e+01    2.0710255491e+04    2.0855498890e+00    9.9895870687e-01
       114   -3.5971080121e+01    1.2945843710e+03   -4.7851555789e+01    1.1880475668e+01   -8.6697384218e+00    3.7563397922e+00   -6.5200576852e+00   -3.6418099474e+01    2.0774743057e+04    2.0937476970e+00    9.9898769421e-01
       115   -3.5977499819e+01    1.2950637944e+03   -4.7797920527e+01    1.1820420707e+01   -8.6036822337e+00    3.7406757987e+00   -6.5168146174e+00   -3.6418099474e+01    2.0724412490e+04    2.0946954040e+00    9.9895930970e-01
       116   -3.5978628820e+01    1.2951902439e+03   -4.7774752637e+01    1.1796123817e+01   -8.5532689478e+00    3.7129665436e+00   -6.5163507584e+00   -3.6418099474e+01    2.0634231167e+04    2.1004717570e+00    9.9894087596e-01
       117   -3.5994426177e+01    1.2965789368e+03   -4.7821069338e+01    1.1826643161e+01   -8.5211626775e+00    3.6289185364e+00   -6.5107257226e+00   -3.6418099474e+01    2.0584703071e+04    2.0890543890e+00    9.9900234579e-01
       118   -3.5979013705e+01    1.2951837797e+03   -4.7796579966e+01    1.1817566261e+01   -8.5222673922e+00    3.6698359740e+00   -6.5260490733e+00   -3.6418099474e+01    2.0641022626e+04    2.0979460990e+00    9.9895675462e-01
       119   -3.5989826655e+01    1.2959958283e+03   -4.7763010969e+01    1.1773184314e+01   -8.5403994124e+00    3.7113380541e+00   -6.5158501362e+00   -3.6418099474e+01    2.0588099882e+04    2.0831790250e+00    9.9896090649e-01
       120   -3.6001826854e+01    1.2968443218e+03   -4.7874406887e+01    1.1872580033e+01   -8.5492657180e+00    3.6319261859e+00   -6.5389678807e+00   -3.6418099474e+01    2.0511341223e+04    2.0697448970e+00    9.9898297528e-01
       121   -3.5989582594e+01    1.2960203823e+03   -4.7792537192e+01    1.1802954597e+01   -8.6405181751e+00    3.7940218048e+00   -6.5279413473e+00   -3.6418099474e+01    2.0449929243e+04    2.0632842370e+00    9.9893981947e-01
       122   -3.5982181685e+01    1.2954963757e+03   -4.7731055072e+01    1.1748873387e+01   -8.6752659496e+00    3.8881788582e+00   -6.5258685059e+00   -3.6418099474e+01    2.0321363635e+04    2.0372516290e+00    9.9894544432e-01
       123   -3.5988204646e+01    1.2959603174e+03   -4.7737865602e+01    1.1749660956e+01   -8.6067150901e+00    3.8193744309e+00   -6.5324254682e+00   -3.6418099474e+01    2.0444512049e+04    2.0505191280e+00    9.9886094437e-01
       124   -3.5995096980e+01    1.2964028297e+03   -4.7804119964e+01    1.1809022983e+01   -8.6378105633e+00    3.8160750857e+00   -6.5642850118e+00   -3.6418099474e+01    2.0623226802e+04    2.0889950040e+00    9.9897647450e-01
       125   -3.5985147232e+01    1.2956730897e+03   -4.7752091188e+01    1.1766943956e+01   -8.6371757111e+00    3.8809052890e+00   -6.5777212915e+00   -3.6418099474e+01    2.0661491460e+04    2.0854529070e+00    9.9894912231e-01
       126   -3.5997413790e+01    1.2965395381e+03   -4.7892914170e+01    1.1895500380e+01   -8.5310987636e+00    3.6050315807e+00   -6.5487475129e+00   -3.6418099474e+01    2.0663992863e+04    2.0998638030e+00    9.9897677699e-01
       127   -3.6015675388e+01    1.2978265323e+03   -4.7933089381e+01    1.1917413992e+01   -8.5553650462e+00    3.5947835484e+00   -6.5544084088e+00   -3.6418099474e+01    2.0657685540e+04    2.0993367760e+00    9.9893132094e-01
       128   -3.6030092404e+01    1.2989073514e+03   -4.7886202836e+01    1.1856110432e+01   -8.5335897490e+00    3.6380316341e+00   -6.5725452469e+00   -3.6418099474e+01    2.0704418977e+04    2.0845801130e+00    9.9904230427e-01
       129   -3.6020230749e+01    1.2981650960e+03   -4.7824150397e+01    1.1803919648e+01   -8.5720129682e+00    3.7161574137e+00   -6.5501953686e+00   -3.6418099474e+01    2.0722381419e+04    2.0798248540e+00    9.9894841366e-01
       130   -3.6003047980e+01    1.2969081361e+03   -4.7816758541e+01    1.1813710561e+01   -8.4744951645e+00    3.6617463211e+00   -6.5859102235e+00   -3.6418099474e+01    2.0707805605e+04    2.0800371190e+00    9.9898580122e-01
       131   -3.5999511636e+01    1.2966534274e+03   -4.7736341319e+01    1.1736829683e+01   -8.4760752205e+00    3.7296189495e+00   -6.5717855741e+00   -3.6418099474e+01    2.0865314681e+04    2.0976015240e+00    9.9902609851e-01
       132   -3.6028400491e+01    1.2987312545e+03   -4.7897948794e+01    1.1869548302e+01   -8.4515603942e+00    3.5242877600e+00   -6.5525766855e+00   -3.6418099474e+01    2.0825387598e+04    2.0934646580e+00    9.9893131604e-01
       133   -3.6024709943e+01    1.2985084905e+03   -4.7898326253e+01    1.1873616310e+01   -8.4982503647e+00    3.5723095966e+00   -6.5542860106e+00   -3.6418099474e+01    2.0993581842e+04    2.1166016960e+00    9.9897400123e-01
       134   -3.6020484020e+01    1.2982240746e+03   -4.7896107923e+01    1.1875623903e+01   -8.4997708895e+00    3.6040047527e+00   -6.5822423122e+00   -3.6418099474e+01    2.1193156749e+04    2.1474044710e+00    9.9895181023e-01
       135   -3.6010428314e+01    1.2974573717e+03   -4.7788554953e+01    1.1778126639e+01   -8.4990130603e+00    3.6768207525e+00   -6.5482631708e+00   -3.6418099474e+01    2.1173580068e+04    2.1355114060e+00    9.9895597909e-01
       136   -3.5992119566e+01    1.2961339566e+03   -4.7775162278e+01    1.1783042712e+01   -8.4622718687e+00    3.6194722615e+00   -6.5142631967e+00   -3.6418099474e+01    2.1119552300e+04    2.1253674120e+00    9.9891631445e-01
       137   -3.5996632255e+01    1.2965010472e+03   -4.7695885134e+01    1.1699252880e+01   -8.4286703707e+00    3.6684336829e+00   -6.5175489722e+00   -3.6418099474e+01    2.1001435180e+04    2.1172175250e+00    9.9893562757e-01
       138   -3.6010163411e+01    1.2974355569e+03   -4.7687463521e+01    1.1677300111e+01   -8.4158988834e+00    3.6615954071e+00   -6.5150605709e+00   -3.6418099474e+01    2.0884955227e+04    2.1084799440e+00    9.9897392399e-01
       139   -3.5995444715e+01    1.2963797327e+03   -4.7736222527e+01    1.1740777812e+01   -8.4578728081e+00    3.6732355103e+00   -6.5334857547e+00   -3.6418099474e+01    2.0844224796e+04    2.1010046490e+00    9.9902516413e-01
       140   -3.6019739842e+01    1.2981319912e+03   -4.7703073799e+01    1.1683333957e+01   -8.4903389818e+00    3.7424055682e+00   -6.5370409115e+00   -3.6418099474e+01    2.0855395458e+04    2.1128659340e+00    9.9897063660e-01
       141   -3.5998328173e+01    1.2965591380e+03   -4.7695482083e+01    1.1697153910e+01   -8.5292540005e+00    3.7873278888e+00   -6.5354564972e+00   -3.6418099474e+01    2.0924272009e+04    2.1195136040e+00    9.9887870182e-01
       142   -3.6007380901e+01    1.2972240990e+03   -4.7731023805e+01    1.1723642904e+01   -8.5605122303e+00    3.7791164186e+00   -6.5315285191e+00   -3.6418099474e+01    2.0937763537e+04    2.1268345500e+00    9.9890322449e-01
       143   -3.5986242575e+01    1.2957397691e+03   -4.7720173383e+01    1.1733930808e+01   -8.5255643664e+00    3.7783889343e+00   -6.5548984766e+00   -3.6418099474e+01    2.0834432214e+04    2.1143364490e+00    9.9900250915e-01
       144   -3.6003901877e+01    1.2969636157e+03   -4.7732766637e+01    1.1728864759e+01   -8.4646580196e+00    3.7075767770e+00   -6.5575859199e+00   -3.6418099474e+01    2.0798329354e+04    2.1022387570e+00    9.9894048878e-01
       145   -3.5997548253e+01    1.2964987353e+03   -4.7802475218e+01    1.1804926965e+01   -8.5259837427e+00    3.7066173636e+00   -6.5650093645e+00   -3.6418099474e+01    2.0841389151e+04    2.1470417240e+00    9.9898047306e-01
       146   -3.6023283494e+01    1.2983635708e+03   -4.7781384261e+01    1.1758100767e+01   -8.5422207360e+00    3.7277923624e+00   -6.5488564130e+00   -3.6418099474e+01    2.1025312001e+04    2.1112534580e+00    9.9891105660e-01
       147   -3.6026186037e+01    1.2985705428e+03   -4.7749040301e+01    1.1722854263e+01   -8.5176414807e+00    3.7028901371e+00   -6.5161894828e+00   -3.6418099474e+01    2.1105086868e+04    2.1239710190e+00    9.9887625998e-01
       148   -3.6022819219e+01    1.2983159968e+03   -4.7764171869e+01    1.1741352649e+01   -8.5333430936e+00    3.7135782774e+00   -6.5263075786e+00   -3.6418099474e+01    2.1111017793e+04    2.1524259620e+00    9.9890877715e-01
       149   -3.5997981917e+01    1.2965297329e+03   -4.7819068807e+01    1.1821086890e+01   -8.5258738917e+00    3.6469916372e+00   -6.5220870786e+00   -3.6418099474e+01    2.1093247478e+04    2.1267790350e+00    9.9895719771e-01
       150   -3.5995983627e+01    1.2964065400e+03   -4.7876329123e+01    1.1880345496e+01   -8.5815012619e+00    3.6174592610e+00   -6.4941876477e+00   -3.6418099474e+01    2.0939076362e+04    2.1101479900e+00    9.9898358732e-01
       151   -3.5995810306e+01    1.2964005837e+03   -4.7801165014e+01    1.1805354708e+01   -8.5984483824e+00    3.7557916442e+00   -6.5404088018e+00   -3.6418099474e+01    2.0937240309e+04    2.1195791090e+00    9.9892891254e-01
       152   -3.6019410869e+01    1.2980897830e+03   -4.7819198563e+01    1.1799787694e+01   -8.6388513564e+00    3.7422107437e+00   -6.5044584761e+00   -3.6418099474e+01    2.1028969039e+04    2.1186956760e+00    9.9892320443e-01
       153   -3.6014441414e+01    1.2977519733e+03   -4.7842307820e+01    1.1827866405e+01   -8.6274638208e+00    3.7029731697e+00   -6.4997176943e+00   -3.6418099474e+01    2.1184793030e+04    2.1397922730e+00    9.9898349314e-01
       154   -3.6028905394e+01    1.2987959669e+03   -4.7829716917e+01    1.1800811524e+01   -8.5379983879e+00    3.6638978512e+00   -6.5375169066e+00   -3.6418099474e+01    2.1251579685e+04    2.1580926750e+00    9.9892105918e-01
       155   -3.6039580891e+01    1.2995726891e+03   -4.7941274078e+01    1.1901693187e+01   -8.5542643372e+00    3.5617805505e+00   -6.5306908175e+00   -3.6418099474e+01    2.1171797824e+04    2.1306689720e+00    9.9895057229e-01
       156   -3.6030266014e+01    1.2988510598e+03   -4.7851153569e+01    1.1820887554e+01   -8.6020452628e+00    3.6882796778e+00   -6.5192885096e+00   -3.6418099474e+01    2.1207515555e+04    2.1416021220e+00    9.9892719042e-01
       157   -3.5993140817e+01    1.2961933502e+03   -4.7741211459e+01    1.1748070642e+01   -8.6223192849e+00    3.8451421363e+00   -6.5459348367e+00   -3.6418099474e+01    2.0988958209e+04    2.1162095670e+00    9.9895203163e-01
       158   -3.5975343939e+01    1.2948840581e+03   -4.7805454063e+01    1.1830110124e+01   -8.6147705237e+00    3.7923835544e+00   -6.5649676195e+00   -3.6418099474e+01    2.0949563099e+04    2.1091222510e+00    9.9892126054e-01
       159   -3.5980962809e+01    1.2953402112e+03   -4.7777925462e+01    1.1796962653e+01   -8.5696472037e+00    3.7634426798e+00   -6.5536214636e+00   -3.6418099474e+01    2.0907581149e+04    2.1062644290e+00    9.9900271862e-01
       160   -3.5998252816e+01    1.2965804347e+03   -4.7781730396e+01    1.1783477581e+01   -8.5621485186e+00    3.7500311184e+00   -6.5515135221e+00   -3.6418099474e+01    2.0877178729e+04    2.1076721680e+00    9.9892920433e-01
       161   -3.5996151652e+01    1.2963880143e+03   -4.7743379949e+01    1.1747228297e+01   -8.5004262432e+00    3.7377271119e+00   -6.5625813438e+00   -3.6418099474e+01    2.0736875885e+04    2.0963418390e+00    9.9910102917e-01
       162   -3.5979890994e+01    1.2952179123e+03   -4.7733185150e+01    1.1753294156e+01   -8.5328665699e+00    3.7610731047e+00   -6.5432922107e+00   -3.6418099474e+01    2.0643277492e+04    2.0867794810e+00    9.9893965917e-01
       163   -3.5984706232e+01    1.2955605658e+03   -4.7777510613e+01    1.1792804381e+01   -8.5122702957e+00    3.6978546077e+00   -6.5449954509e+00   -3.6418099474e+01    2.0486817337e+04    2.0600808670e+00    9.9894188933e-01
       164   -3.6004036149e+01    1.2969704249e+03   -4.7791805905e+01    1.1787769757e+01   -8.5648526116e+00    3.7516584177e+00   -6.5605122371e+00   -3.6418099474e+01    2.0530943036e+04    2.0748870730e+00    9.9902746075e-01
       165   -3.5980143380e+01    1.2952593610e+03   -4.7855861745e+01    1.1875718365e+01   -8.5472771855e+00    3.6660146836e+00   -6.5564997693e+00   -3.6418099474e+01    2.0491591788e+04    2.0608381050e+00    9.9894911851e-01
       166   -3.5976110552e+01    1.2949616963e+03   -4.7845524162e+01    1.1869413609e+01   -8.6329535178e+00    3.7497388590e+00   -6.5442100286e+00   -3.6418099474e+01    2.0566338715e+04    2.0865243790e+00    9.9894089867e-01
       167   -3.5993927061e+01    1.2962610390e+03   -4.7758349161e+01    1.1764422100e+01   -8.7078368485e+00    3.9024382669e+00   -6.5348511050e+00   -3.6418099474e+01    2.0584297789e+04    2.0912665660e+00    9.9893294376e-01
       168   -3.5991205615e+01    1.2960383633e+03   -4.7823463219e+01    1.1832257604e+01   -8.7151199709e+00    3.8521989408e+00   -6.5424427143e+00   -3.6418099474e+01    2.0655503793e+04    2.0938053720e+00    9.9891942545e-01
       169   -3.6005265082e+01    1.2970503873e+03   -4.7811348824e+01    1.1806083742e+01   -8.6750832571e+00    3.8315983183e+00   -6.5497644113e+00   -3.6418099474e+01    2.0761637669e+04    2.0956746560e+00    9.9895064234e-01
       170   -3.5995636850e+01    1.2963472821e+03   -4.7769704819e+01    1.1774067969e+01   -8.6315732878e+00    3.8096362664e+00   -6.5296683236e+00   -3.6418099474e+01    2.0761886054e+04    2.0973888290e+00    9.9899030556e-01
       171   -3.5999537170e+01    1.2966643853e+03   -4.7865144886e+01    1.1865607716e+01   -8.5729661680e+00    3.6440002211e+00   -6.5180794647e+00   -3.6418099474e+01    2.0789991800e+04    2.1019761290e+00    9.9900712534e-01
       172   -3.6014780657e+01    1.2977530027e+03   -4.7864982400e+01    1.1850201742e+01   -8.6417794073e+00    3.7135844909e+00   -6.5186880089e+00   -3.6418099474e+01    2.0907146645e+04    2.1174089860e+00    9.9900233699e-01
       173   -3.5982867061e+01    1.2954286840e+03   -4.7876631081e+01    1.1893764020e+01   -8.6431723693e+00    3.7180391522e+00   -6.5333983902e+00   -3.6418099474e+01    2.0970801116e+04    2.1270989850e+00    9.9891718140e-01
       174   -3.5966276718e+01    1.2942294504e+03   -4.7867944070e+01    1.1901667352e+01   -8.6333420657e+00    3.6993361904e+00   -6.5158387204e+00   -3.6418099474e+01    2.0830119491e+04    2.1152210640e+00    9.9900079525e-01
       175   -3.5966594596e+01    1.2942731896e+03   -4.7843257285e+01    1.1876662689e+01   -8.6780873968e+00    3.7777439526e+00   -6.5248143667e+00   -3.6418099474e+01    2.0774076243e+04    2.1069367040e+00    9.9898607311e-01
       176   -3.5983044130e+01    1.2954542555e+03   -4.7816248184e+01    1.1833204054e+01   -8.7366051358e+00    3.8690156487e+00   -6.5305592223e+00   -3.6418099474e+01    2.0582743762e+04    2.0832850410e+00    9.9893299559e-01
       177   -3.5972806907e+01    1.2947025906e+03   -4.7891509627e+01    1.1918702720e+01   -8.7432149217e+00    3.8143045390e+00   -6.5444997699e+00   -3.6418099474e+01    2.0481872400e+04    2.0695837500e+00    9.9892430001e-01
       178   -3.5970200551e+01    1.2945495302e+03   -4.7867288259e+01    1.1897087708e+01   -8.6854642922e+00    3.7762747023e+00   -6.5399991949e+00   -3.6418099474e+01    2.0345157912e+04    2.0520355640e+00    9.9904167486e-01
       179   -3.5975990824e+01    1.2949742287e+03   -4.7838234857e+01    1.1862244032e+01   -8.6482192459e+00    3.7675750408e+00   -6.5394911774e+00   -3.6418099474e+01    2.0301434103e+04    2.0474592350e+00    9.9898848812e-01
       180   -3.5982806175e+01    1.2954552089e+03   -4.7877662792e+01    1.1894856618e+01   -8.6162250802e+00    3.7074626253e+00   -6.5508008632e+00   -3.6418099474e+01    2.0401614920e+04    2.0500817970e+00    9.9896018598e-01
       181   -3.5996326751e+01    1.2964329153e+03   -4.7889571331e+01    1.1893244579e+01   -8.5858113010e+00    3.6612924456e+00   -6.5469530011e+00   -3.6418099474e+01    2.0415985884e+04    2.0554563890e+00    9.9902028020e-01
       182   -3.6008162700e+01    1.2973043204e+03   -4.7764082724e+01    1.1755920024e+01   -8.6518169529e+00    3.8726074339e+00   -6.5667737308e+00   -3.6418099474e+01    2.0420779313e+04    2.0560493280e+00    9.9897489364e-01
       183   -3.5992200711e+01    1.2961477172e+03   -4.7840180789e+01    1.1847980078e+01   -8.6483705439e+00    3.7746354991e+00   -6.5483462704e+00   -3.6418099474e+01    2.0457983910e+04    2.0589656100e+00    9.9897869399e-01
       184   -3.6010746005e+01    1.2974861017e+03   -4.7958333451e+01    1.1947587446e+01   -8.6323081642e+00    3.6343622768e+00   -6.5422880893e+00   -3.6418099474e+01    2.0446564941e+04    2.0569172630e+00    9.9896222064e-01
       185   -3.6014003819e+01    1.2977366794e+03   -4.7947256707e+01    1.1933252888e+01   -8.6396637946e+00    3.6364024499e+00   -6.5258958877e+00   -3.6418099474e+01    2.0373347847e+04    2.0507547290e+00    9.9908816082e-01
       186   -3.6016193431e+01    1.2978892943e+03   -4.7912086661e+01    1.1895893230e+01   -8.6034763143e+00    3.6206502802e+00   -6.5111611530e+00   -3.6418099474e+01    2.0467576082e+04    2.0550584910e+00    9.9903305081e-01
       187   -3.6034422792e+01    1.2992331326e+03   -4.7794003589e+01    1.1759580797e+01   -8.6794861155e+00    3.8165341229e+00   -6.5129521223e+00   -3.6418099474e+01    2.0581106526e+04    2.0923928790e+00    9.9891501344e-01
       188   -3.6030736950e+01    1.2989642669e+03   -4.7772169262e+01    1.1741432312e+01   -8.6933874163e+00    3.8494817387e+00   -6.5101641101e+00   -3.6418099474e+01    2.0701751379e+04    2.0944284420e+00    9.9897145618e-01
       189   -3.6002808817e+01    1.2969427784e+03   -4.7799316452e+01    1.1796507635e+01   -8.6400119052e+00    3.7586914848e+00   -6.4998965574e+00   -3.6418099474e+01    2.0749397417e+04    2.0971317380e+00    9.9889151284e-01
       190   -3.6000010590e+01    1.2967542250e+03   -4.7854207263e+01    1.1854196673e+01   -8.5475567777e+00    3.6009147963e+00   -6.4894658077e+00   -3.6418099474e+01    2.0826320796e+04    2.0996394130e+00    9.9899860078e-01
       191   -3.5995230141e+01    1.2963278305e+03   -4.7767788822e+01    1.1772558681e+01   -8.5076528121e+00    3.6385915228e+00   -6.4806280581e+00   -3.6418099474e+01    2.0888345633e+04    2.0994102840e+00    9.9896230092e-01
       192   -3.5993713873e+01    1.2962182643e+03   -4.7891830865e+01    1.1898116992e+01   -8.4555173932e+00    3.4645166152e+00   -6.4827306124e+00   -3.6418099474e+01    2.1063268454e+04    2.1305086680e+00    9.9890660175e-01
       193   -3.6001440083e+01    1.2967912423e+03   -4.7821253516e+01    1.1819813433e+01   -8.5177570177e+00    3.5778784851e+00   -6.4632755093e+00   -3.6418099474e+01    2.1023705790e+04    2.1227530910e+00    9.9902506301e-01
       194   -3.6014645988e+01    1.2977507264e+03   -4.7761278908e+01    1.1746632920e+01   -8.5528540429e+00    3.6615065535e+00   -6.4518319446e+00   -3.6418099474e+01    2.1024582256e+04    2.1133426820e+00    9.9900968235e-01
       195   -3.5996167749e+01    1.2963780497e+03   -4.7731114915e+01    1.1734947167e+01   -8.5815098318e+00    3.7327134323e+00   -6.4642190418e+00   -3.6418099474e+01    2.0926843856e+04    2.1099182630e+00    9.9896423452e-01
       196   -3.5981985543e+01    1.2953776296e+03   -4.7698652272e+01    1.1716666730e+01   -8.6045521509e+00    3.7997707723e+00   -6.4757714197e+00   -3.6418099474e+01    2.0907161965e+04    2.1034516750e+00    9.9883360316e-01
       197   -3.5988862064e+01    1.2959167048e+03   -4.7681282687e+01    1.1692420623e+01   -8.6578337230e+00    3.8480712632e+00   -6.4534207531e+00   -3.6418099474e+01    2.0828159090e+04    2.0944446620e+00    9.9893021725e-01
       198   -3.5990070969e+01    1.2959883506e+03   -4.7825538818e+01    1.1835467850e+01   -8.6560237189e+00    3.7271291430e+00   -6.4785447681e+00   -3.6418099474e+01    2.0780995396e+04    2.1007984850e+00    9.9895180359e-01
       199   -3.5989188215e+01    1.2959129745e+03   -4.7887841681e+01    1.1898653466e+01   -8.5745716395e+00    3.5757770453e+00   -6.4709476131e+00   -3.6418099474e+01    2.0704635351e+04    2.0909885930e+00    9.9894790582e-01
