#   index    LocalEnergy         LocalEnergy_sq      LocalPotential      Kinetic             LocalECP            NonLocalECP         ElecElec            IonIon              BlockWeight         BlockCPU            AcceptRatio         
         0   -3.5663724863e+01    1.2727669343e+03   -4.7511887752e+01    1.1848162889e+01   -8.6323339062e+00    3.8377792340e+00   -6.2992336057e+00   -3.6418099474e+01    2.0480000000e+04    2.1956919160e+00    6.9993373326e-01
         1   -3.5683316055e+01    1.2741448284e+03   -4.7554082792e+01    1.1870766737e+01   -8.5634589611e+00    3.7493581311e+00   -6.3218824880e+00   -3.6418099474e+01    2.0480000000e+04    2.1922410370e+00    6.9902576265e-01
         2   -3.5670835998e+01    1.2732565046e+03   -4.7537086536e+01    1.1866250538e+01   -8.5533943104e+00    3.7726388419e+00   -6.3382315935e+00   -3.6418099474e+01    2.0480000000e+04    2.1928478810e+00    6.9966808501e-01
         3   -3.5653184290e+01    1.2720166296e+03   -4.7588337563e+01    1.1935153273e+01   -8.5681257428e+00    3.7039030163e+00   -6.3060153618e+00   -3.6418099474e+01    2.0480000000e+04    2.2018872490e+00    7.0031854539e-01
         4   -3.5661990976e+01    1.2726559043e+03   -4.7516125042e+01    1.1854134066e+01   -8.5933081858e+00    3.8050281198e+00   -6.3097455015e+00   -3.6418099474e+01    2.0480000000e+04    2.1971956090e+00    6.9954020182e-01
         5   -3.5661358448e+01    1.2726134879e+03   -4.7542198152e+01    1.1880839704e+01   -8.5472808043e+00    3.7617424164e+00   -6.3385602902e+00   -3.6418099474e+01    2.0480000000e+04    2.2118712910e+00    6.9993315197e-01
         6   -3.5662168637e+01    1.2726573306e+03   -4.7496957427e+01    1.1834788790e+01   -8.5219389515e+00    3.7615219852e+00   -6.3184409861e+00   -3.6418099474e+01    2.0480000000e+04    2.1948055280e+00    7.0025634766e-01
         7   -3.5667002828e+01    1.2729906047e+03   -4.7506931134e+01    1.1839928306e+01   -8.5416741224e+00    3.7784765167e+00   -6.3256340545e+00   -3.6418099474e+01    2.0480000000e+04    2.2027751740e+00    6.9948614211e-01
         8   -3.5671094369e+01    1.2732745173e+03   -4.7555605993e+01    1.1884511625e+01   -8.5834287126e+00    3.7777221204e+00   -6.3317999270e+00   -3.6418099474e+01    2.0480000000e+04    2.2052421250e+00    7.0055106027e-01
         9   -3.5662167120e+01    1.2726644993e+03   -4.7525354280e+01    1.1863187160e+01   -8.5904831676e+00    3.7666339082e+00   -6.2834055462e+00   -3.6418099474e+01    2.0480000000e+04    2.2076434750e+00    6.9965762184e-01
        10   -3.5670208008e+01    1.2732473075e+03   -4.7531260385e+01    1.1861052377e+01   -8.5247058737e+00    3.7373379153e+00   -6.3257929520e+00   -3.6418099474e+01    2.0480000000e+04    2.2401283310e+00    6.9935884022e-01
        11   -3.5683580465e+01    1.2741592985e+03   -4.7607777489e+01    1.1924197024e+01   -8.6202428553e+00    3.7526146785e+00   -6.3220498383e+00   -3.6418099474e+01    2.0480000000e+04    2.2113353050e+00    6.9976515997e-01
        12   -3.5667264084e+01    1.2730213970e+03   -4.7499207627e+01    1.1831943542e+01   -8.5370099966e+00    3.7749085254e+00   -6.3190066814e+00   -3.6418099474e+01    2.0480000000e+04    2.2062830130e+00    7.0043654669e-01
        13   -3.5668980382e+01    1.2731244693e+03   -4.7497342129e+01    1.1828361747e+01   -8.5023442587e+00    3.7459710523e+00   -6.3228694487e+00   -3.6418099474e+01    2.0480000000e+04    2.2082473800e+00    6.9961867560e-01
        14   -3.5665199905e+01    1.2728824864e+03   -4.7547567691e+01    1.1882367787e+01   -8.5472343410e+00    3.7313394418e+00   -6.3135733178e+00   -3.6418099474e+01    2.0480000000e+04    2.2042375180e+00    6.9981747582e-01
        15   -3.5670893614e+01    1.2732884138e+03   -4.7533743238e+01    1.1862849624e+01   -8.6022140422e+00    3.8090767063e+00   -6.3225064282e+00   -3.6418099474e+01    2.0480000000e+04    2.2172835260e+00    6.9922281901e-01
        16   -3.5684952514e+01    1.2742611267e+03   -4.7575406446e+01    1.1890453932e+01   -8.5323608151e+00    3.7091233702e+00   -6.3340695269e+00   -3.6418099474e+01    2.0480000000e+04    2.2190374640e+00    6.9940650577e-01
        17   -3.5660646616e+01    1.2725684854e+03   -4.7584188951e+01    1.1923542335e+01   -8.6082184804e+00    3.7328723672e+00   -6.2907433637e+00   -3.6418099474e+01    2.0480000000e+04    2.2122150370e+00    6.9970993769e-01
        18   -3.5657556066e+01    1.2723354627e+03   -4.7570775257e+01    1.1913219191e+01   -8.6137562385e+00    3.7651295904e+00   -6.3040491344e+00   -3.6418099474e+01    2.0480000000e+04    2.2111202820e+00    6.9955066499e-01
        19   -3.5657529548e+01    1.2723299550e+03   -4.7532863741e+01    1.1875334193e+01   -8.6038629558e+00    3.8159186817e+00   -6.3268199931e+00   -3.6418099474e+01    2.0480000000e+04    2.2087428420e+00    6.9998256138e-01
        20   -3.5655039673e+01    1.2721544143e+03   -4.7448141517e+01    1.1793101844e+01   -8.5378910675e+00    3.7878328876e+00   -6.2799838632e+00   -3.6418099474e+01    2.0480000000e+04    2.2142133060e+00    6.9952741350e-01
        21   -3.5667725476e+01    1.2730405936e+03   -4.7501107817e+01    1.1833382342e+01   -8.4583346156e+00    3.7035297730e+00   -6.3282035006e+00   -3.6418099474e+01    2.0480000000e+04    2.2197617440e+00    7.0018078032e-01
        22   -3.5654312600e+01    1.2721308837e+03   -4.7552029428e+01    1.1897716828e+01   -8.5656698549e+00    3.7461263076e+00   -6.3143864067e+00   -3.6418099474e+01    2.0480000000e+04    2.2091996170e+00    6.9968901135e-01
        23   -3.5656906991e+01    1.2722956239e+03   -4.7528846759e+01    1.1871939769e+01   -8.5508338785e+00    3.7389882768e+00   -6.2989016835e+00   -3.6418099474e+01    2.0480000000e+04    2.2115629630e+00    6.9982212612e-01
        24   -3.5652642188e+01    1.2719852374e+03   -4.7494780393e+01    1.1842138206e+01   -8.5103316658e+00    3.7495821711e+00   -6.3159314245e+00   -3.6418099474e+01    2.0480000000e+04    2.2287570510e+00    6.9915306455e-01
        25   -3.5659691785e+01    1.2724861901e+03   -4.7485096237e+01    1.1825404452e+01   -8.4834132792e+00    3.7293620895e+00   -6.3129455729e+00   -3.6418099474e+01    2.0480000000e+04    2.2108971020e+00    6.9974888393e-01
        26   -3.5672571634e+01    1.2734030668e+03   -4.7501294941e+01    1.1828723307e+01   -8.5002887621e+00    3.7388002247e+00   -6.3217069290e+00   -3.6418099474e+01    2.0480000000e+04    2.2156887870e+00    6.9931931269e-01
        27   -3.5689441369e+01    1.2745867070e+03   -4.7547158089e+01    1.1857716719e+01   -8.5523579714e+00    3.7626392036e+00   -6.3393398468e+00   -3.6418099474e+01    2.0480000000e+04    2.2105720760e+00    6.9933035714e-01
        28   -3.5651869456e+01    1.2719235727e+03   -4.7550432655e+01    1.1898563200e+01   -8.5528611249e+00    3.7217290747e+00   -6.3012011307e+00   -3.6418099474e+01    2.0480000000e+04    2.2239435220e+00    6.9916469029e-01
        29   -3.5659310804e+01    1.2724620714e+03   -4.7517221273e+01    1.1857910469e+01   -8.5770514963e+00    3.7786680100e+00   -6.3007383123e+00   -3.6418099474e+01    2.0480000000e+04    2.2098669250e+00    6.9991048177e-01
        30   -3.5676318472e+01    1.2736553214e+03   -4.7534754414e+01    1.1858435941e+01   -8.5697006816e+00    3.7845399567e+00   -6.3314942146e+00   -3.6418099474e+01    2.0480000000e+04    2.2083688720e+00    6.9929954892e-01
        31   -3.5665521970e+01    1.2728751460e+03   -4.7498867426e+01    1.1833345456e+01   -8.6162001183e+00    3.8567027539e+00   -6.3212705872e+00   -3.6418099474e+01    2.0480000000e+04    2.2093464610e+00    6.9966982887e-01
        32   -3.5666324051e+01    1.2729573172e+03   -4.7514448956e+01    1.1848124905e+01   -8.5164242390e+00    3.7281273612e+00   -6.3080526038e+00   -3.6418099474e+01    2.0480000000e+04    2.2180861010e+00    7.0036388579e-01
        33   -3.5668002650e+01    1.2730557805e+03   -4.7520818337e+01    1.1852815687e+01   -8.5040615204e+00    3.7265534554e+00   -6.3252107973e+00   -3.6418099474e+01    2.0480000000e+04    2.2176092020e+00    6.9928269159e-01
        34   -3.5660666915e+01    1.2725604610e+03   -4.7493601048e+01    1.1832934133e+01   -8.5565096267e+00    3.7929580362e+00   -6.3119499836e+00   -3.6418099474e+01    2.0480000000e+04    2.2181418200e+00    6.9975237165e-01
        35   -3.5668368746e+01    1.2731023445e+03   -4.7527530258e+01    1.1859161513e+01   -8.6280589722e+00    3.8332621661e+00   -6.3146339780e+00   -3.6418099474e+01    2.0480000000e+04    2.2158865720e+00    6.9977097284e-01
        36   -3.5674302805e+01    1.2734890733e+03   -4.7578840256e+01    1.1904537450e+01   -8.4569252527e+00    3.6174375494e+00   -6.3212530784e+00   -3.6418099474e+01    2.0480000000e+04    2.2113655960e+00    6.9992501395e-01
        37   -3.5673712739e+01    1.2734897216e+03   -4.7570497431e+01    1.1896784692e+01   -8.5159503838e+00    3.6797377802e+00   -6.3161853531e+00   -3.6418099474e+01    2.0480000000e+04    2.2214363200e+00    6.9951985677e-01
        38   -3.5668020302e+01    1.2730622886e+03   -4.7563232375e+01    1.1895212073e+01   -8.5239194557e+00    3.6930910184e+00   -6.3143044639e+00   -3.6418099474e+01    2.0480000000e+04    2.2183962090e+00    6.9966052827e-01
        39   -3.5672934887e+01    1.2734201938e+03   -4.7554368197e+01    1.1881433310e+01   -8.5738299619e+00    3.7542312187e+00   -6.3166699792e+00   -3.6418099474e+01    2.0480000000e+04    2.2225724470e+00    7.0045166016e-01
