#  Band    State   TwistIndex BandIndex Energy      Kx      Ky      Kz      K1      K2      K3    KmK 
       0        0        8        0    -0.252427  0.2272  0.1312  0.1308  0.3000 -0.0000  0.3000      1
       1        1        8        1    -0.244743  0.2272  0.1312  0.1308  0.3000 -0.0000  0.3000      1
       2        2        8        2    -0.188683  0.2272  0.1312  0.1308  0.3000 -0.0000  0.3000      1
       3        3        8        3    -0.163232  0.2272  0.1312  0.1308  0.3000 -0.0000  0.3000      1
       4        4        8        4    -0.132296  0.2272  0.1312  0.1308  0.3000 -0.0000  0.3000      1
       5        5        8        5     0.050100  0.2272  0.1312  0.1308  0.3000 -0.0000  0.3000      1
       6        6        8        6     0.071218  0.2272  0.1312  0.1308  0.3000 -0.0000  0.3000      1
       7        7        8        7     0.100714  0.2272  0.1312  0.1308  0.3000 -0.0000  0.3000      1
       8        8        8        8     0.104378  0.2272  0.1312  0.1308  0.3000 -0.0000  0.3000      1
       9        9        8        9     0.109403  0.2272  0.1312  0.1308  0.3000 -0.0000  0.3000      1
      10       10        8       10     0.117994  0.2272  0.1312  0.1308  0.3000 -0.0000  0.3000      1
      11       11        8       11     0.177680  0.2272  0.1312  0.1308  0.3000 -0.0000  0.3000      1
      12       12        8       12     0.178462  0.2272  0.1312  0.1308  0.3000 -0.0000  0.3000      1
      13       13        8       13     0.193836  0.2272  0.1312  0.1308  0.3000 -0.0000  0.3000      1
      14       14        8       14     0.239273  0.2272  0.1312  0.1308  0.3000 -0.0000  0.3000      1
      15       15        8       15     0.255969  0.2272  0.1312  0.1308  0.3000 -0.0000  0.3000      1
      16       16        8       16     0.262563  0.2272  0.1312  0.1308  0.3000 -0.0000  0.3000      1
      17       17        8       17     0.316980  0.2272  0.1312  0.1308  0.3000 -0.0000  0.3000      1
      18       18        8       18     0.328404  0.2272  0.1312  0.1308  0.3000 -0.0000  0.3000      1
      19       19        8       19     0.365522  0.2272  0.1312  0.1308  0.3000 -0.0000  0.3000      1
      20       20        8       20     0.366762  0.2272  0.1312  0.1308  0.3000 -0.0000  0.3000      1
      21       21        8       21     0.400455  0.2272  0.1312  0.1308  0.3000 -0.0000  0.3000      1
      22       22        8       22     0.455404  0.2272  0.1312  0.1308  0.3000 -0.0000  0.3000      1
      23       23        8       23     0.479023  0.2272  0.1312  0.1308  0.3000 -0.0000  0.3000      1
      24       24        8       24     0.502836  0.2272  0.1312  0.1308  0.3000 -0.0000  0.3000      1
      25       25        8       25     0.510671  0.2272  0.1312  0.1308  0.3000 -0.0000  0.3000      1
      26       26        8       26     0.511689  0.2272  0.1312  0.1308  0.3000 -0.0000  0.3000      1
      27       27        8       27     0.550089  0.2272  0.1312  0.1308  0.3000 -0.0000  0.3000      1
      28       28        8       28     0.561065  0.2272  0.1312  0.1308  0.3000 -0.0000  0.3000      1
      29       29        8       29     0.580499  0.2272  0.1312  0.1308  0.3000 -0.0000  0.3000      1
      30       30        8       30     0.600516  0.2272  0.1312  0.1308  0.3000 -0.0000  0.3000      1
      31       31        8       31     0.611549  0.2272  0.1312  0.1308  0.3000 -0.0000  0.3000      1
      32       32        8       32     0.627398  0.2272  0.1312  0.1308  0.3000 -0.0000  0.3000      1
      33       33        8       33     0.639153  0.2272  0.1312  0.1308  0.3000 -0.0000  0.3000      1
      34       34        8       34     0.647313  0.2272  0.1312  0.1308  0.3000 -0.0000  0.3000      1
      35       35        8       35     0.650981  0.2272  0.1312  0.1308  0.3000 -0.0000  0.3000      1
      36       36        8       36     0.661660  0.2272  0.1312  0.1308  0.3000 -0.0000  0.3000      1
      37       37        8       37     0.682059  0.2272  0.1312  0.1308  0.3000 -0.0000  0.3000      1
      38       38        8       38     0.683237  0.2272  0.1312  0.1308  0.3000 -0.0000  0.3000      1
      39       39        8       39     0.741846  0.2272  0.1312  0.1308  0.3000 -0.0000  0.3000      1
      40       40        8       40     0.760239  0.2272  0.1312  0.1308  0.3000 -0.0000  0.3000      1
      41       41        8       41     0.761999  0.2272  0.1312  0.1308  0.3000 -0.0000  0.3000      1
      42       42        8       42     0.771119  0.2272  0.1312  0.1308  0.3000 -0.0000  0.3000      1
      43       43        8       43     0.776735  0.2272  0.1312  0.1308  0.3000 -0.0000  0.3000      1
      44       44        8       44     0.784978  0.2272  0.1312  0.1308  0.3000 -0.0000  0.3000      1
      45       45        8       45     0.792540  0.2272  0.1312  0.1308  0.3000 -0.0000  0.3000      1
      46       46        8       46     0.800350  0.2272  0.1312  0.1308  0.3000 -0.0000  0.3000      1
      47       47        8       47     0.832882  0.2272  0.1312  0.1308  0.3000 -0.0000  0.3000      1
      48       48        8       48     0.851265  0.2272  0.1312  0.1308  0.3000 -0.0000  0.3000      1
      49       49        8       49     0.853400  0.2272  0.1312  0.1308  0.3000 -0.0000  0.3000      1
      50       50        8       50     0.889282  0.2272  0.1312  0.1308  0.3000 -0.0000  0.3000      1
      51       51        8       51     0.891638  0.2272  0.1312  0.1308  0.3000 -0.0000  0.3000      1
      52       52        8       52     0.897132  0.2272  0.1312  0.1308  0.3000 -0.0000  0.3000      1
      53       53        8       53     0.917189  0.2272  0.1312  0.1308  0.3000 -0.0000  0.3000      1
      54       54        8       54     0.923187  0.2272  0.1312  0.1308  0.3000 -0.0000  0.3000      1
      55       55        8       55     0.924493  0.2272  0.1312  0.1308  0.3000 -0.0000  0.3000      1
      56       56        8       56     0.940267  0.2272  0.1312  0.1308  0.3000 -0.0000  0.3000      1
      57       57        8       57     0.948962  0.2272  0.1312  0.1308  0.3000 -0.0000  0.3000      1
      58       58        8       58     0.979557  0.2272  0.1312  0.1308  0.3000 -0.0000  0.3000      1
      59       59        8       59     0.995750  0.2272  0.1312  0.1308  0.3000 -0.0000  0.3000      1
      60       60        8       60     1.011922  0.2272  0.1312  0.1308  0.3000 -0.0000  0.3000      1
      61       61        8       61     1.012601  0.2272  0.1312  0.1308  0.3000 -0.0000  0.3000      1
      62       62        8       62     1.020354  0.2272  0.1312  0.1308  0.3000 -0.0000  0.3000      1
      63       63        8       63     1.032864  0.2272  0.1312  0.1308  0.3000 -0.0000  0.3000      1
      64       64        8       64     1.049575  0.2272  0.1312  0.1308  0.3000 -0.0000  0.3000      1
      65       65        8       65     1.061396  0.2272  0.1312  0.1308  0.3000 -0.0000  0.3000      1
      66       66        8       66     1.062279  0.2272  0.1312  0.1308  0.3000 -0.0000  0.3000      1
      67       67        8       67     1.068084  0.2272  0.1312  0.1308  0.3000 -0.0000  0.3000      1
      68       68        8       68     1.089179  0.2272  0.1312  0.1308  0.3000 -0.0000  0.3000      1
      69       69        8       69     1.089357  0.2272  0.1312  0.1308  0.3000 -0.0000  0.3000      1
      70       70        8       70     1.119064  0.2272  0.1312  0.1308  0.3000 -0.0000  0.3000      1
      71       71        8       71     1.134235  0.2272  0.1312  0.1308  0.3000 -0.0000  0.3000      1
      72       72        8       72     1.141051  0.2272  0.1312  0.1308  0.3000 -0.0000  0.3000      1
      73       73        8       73     1.145773  0.2272  0.1312  0.1308  0.3000 -0.0000  0.3000      1
      74       74        8       74     1.160357  0.2272  0.1312  0.1308  0.3000 -0.0000  0.3000      1
      75       75        8       75     1.165321  0.2272  0.1312  0.1308  0.3000 -0.0000  0.3000      1
      76       76        8       76     1.174442  0.2272  0.1312  0.1308  0.3000 -0.0000  0.3000      1
      77       77        8       77     1.176306  0.2272  0.1312  0.1308  0.3000 -0.0000  0.3000      1
      78       78        8       78     1.187769  0.2272  0.1312  0.1308  0.3000 -0.0000  0.3000      1
      79       79        8       79     1.196761  0.2272  0.1312  0.1308  0.3000 -0.0000  0.3000      1
      80       80        8       80     1.209681  0.2272  0.1312  0.1308  0.3000 -0.0000  0.3000      1
      81       81        8       81     1.232582  0.2272  0.1312  0.1308  0.3000 -0.0000  0.3000      1
      82       82        8       82     1.240813  0.2272  0.1312  0.1308  0.3000 -0.0000  0.3000      1
      83       83        8       83     1.261312  0.2272  0.1312  0.1308  0.3000 -0.0000  0.3000      1
      84       84        8       84     1.264397  0.2272  0.1312  0.1308  0.3000 -0.0000  0.3000      1
      85       85        8       85     1.271785  0.2272  0.1312  0.1308  0.3000 -0.0000  0.3000      1
      86       86        8       86     1.283492  0.2272  0.1312  0.1308  0.3000 -0.0000  0.3000      1
      87       87        8       87     1.290747  0.2272  0.1312  0.1308  0.3000 -0.0000  0.3000      1
      88       88        8       88     1.290951  0.2272  0.1312  0.1308  0.3000 -0.0000  0.3000      1
      89       89        8       89     1.305712  0.2272  0.1312  0.1308  0.3000 -0.0000  0.3000      1
      90       90        8       90     1.308479  0.2272  0.1312  0.1308  0.3000 -0.0000  0.3000      1
      91       91        8       91     1.312213  0.2272  0.1312  0.1308  0.3000 -0.0000  0.3000      1
      92       92        8       92     1.322019  0.2272  0.1312  0.1308  0.3000 -0.0000  0.3000      1
      93       93        8       93     1.343430  0.2272  0.1312  0.1308  0.3000 -0.0000  0.3000      1
      94       94        8       94     1.344408  0.2272  0.1312  0.1308  0.3000 -0.0000  0.3000      1
      95       95        8       95     1.371885  0.2272  0.1312  0.1308  0.3000 -0.0000  0.3000      1
      96       96        8       96     1.376956  0.2272  0.1312  0.1308  0.3000 -0.0000  0.3000      1
      97       97        8       97     1.397905  0.2272  0.1312  0.1308  0.3000 -0.0000  0.3000      1
      98       98        8       98     1.397956  0.2272  0.1312  0.1308  0.3000 -0.0000  0.3000      1
      99       99        8       99     1.399387  0.2272  0.1312  0.1308  0.3000 -0.0000  0.3000      1
