#   index    LocalEnergy         LocalEnergy_sq      LocalPotential      Kinetic             LocalECP            NonLocalECP         ElecElec            IonIon              BlockWeight         BlockCPU            AcceptRatio         
         0   -3.5818074870e+01    1.2836367756e+03   -4.7853703558e+01    1.2035628688e+01   -8.6550353403e+00    3.6830191893e+00   -6.4635879327e+00   -3.6418099474e+01    2.0484857839e+04    5.4784626700e-01    9.9893533233e-01
         1   -3.5804668010e+01    1.2826846754e+03   -4.7767791134e+01    1.1963123125e+01   -8.6027052037e+00    3.7386551837e+00   -6.4856416402e+00   -3.6418099474e+01    2.0458865263e+04    5.0470536300e-01    9.9900366372e-01
         2   -3.5794492010e+01    1.2819518613e+03   -4.7759587531e+01    1.1965095521e+01   -8.6398858165e+00    3.7642799398e+00   -6.4658821800e+00   -3.6418099474e+01    2.0581508837e+04    5.2768751700e-01    9.9895371354e-01
         3   -3.5791242219e+01    1.2817362771e+03   -4.7826740436e+01    1.2035498218e+01   -8.5800567078e+00    3.6475706064e+00   -6.4761548607e+00   -3.6418099474e+01    2.0673627308e+04    5.6839415300e-01    9.9904651356e-01
         4   -3.5807591661e+01    1.2828743716e+03   -4.7877341951e+01    1.2069750290e+01   -8.5817835718e+00    3.6015792093e+00   -6.4790381142e+00   -3.6418099474e+01    2.0680264156e+04    5.7598755600e-01    9.9902424703e-01
         5   -3.5797548048e+01    1.2821502310e+03   -4.7855080478e+01    1.2057532430e+01   -8.5918922820e+00    3.6567708971e+00   -6.5018596189e+00   -3.6418099474e+01    2.0669342888e+04    5.9432512700e-01    9.9899963372e-01
         6   -3.5816920773e+01    1.2836034310e+03   -4.7825435172e+01    1.2008514399e+01   -8.6460130164e+00    3.7191736244e+00   -6.4804963057e+00   -3.6418099474e+01    2.0554846294e+04    5.6265669300e-01    9.9910510110e-01
         7   -3.5848973493e+01    1.2859615326e+03   -4.7778471361e+01    1.1929497868e+01   -8.6640654505e+00    3.7917541214e+00   -6.4880605579e+00   -3.6418099474e+01    2.0486277901e+04    5.0849043500e-01    9.9903031825e-01
         8   -3.5839878694e+01    1.2851619854e+03   -4.7844061501e+01    1.2004182807e+01   -8.5909240590e+00    3.6585918393e+00   -6.4936298072e+00   -3.6418099474e+01    2.0449248475e+04    4.7996045600e-01    9.9905136931e-01
         9   -3.5816917091e+01    1.2834905036e+03   -4.7792524656e+01    1.1975607565e+01   -8.5620684212e+00    3.6843627118e+00   -6.4967194719e+00   -3.6418099474e+01    2.0509518023e+04    5.2434196800e-01    9.9906312908e-01
        10   -3.5818580069e+01    1.2836032571e+03   -4.7856171004e+01    1.2037590936e+01   -8.5113157203e+00    3.5638938715e+00   -6.4906496815e+00   -3.6418099474e+01    2.0448972338e+04    4.8028924500e-01    9.9905160127e-01
        11   -3.5828827266e+01    1.2843411835e+03   -4.7775768957e+01    1.1946941691e+01   -8.6039445426e+00    3.7136779276e+00   -6.4674028678e+00   -3.6418099474e+01    2.0543253933e+04    5.2256419000e-01    9.9903503098e-01
        12   -3.5840602639e+01    1.2852150134e+03   -4.7858439449e+01    1.2017836810e+01   -8.6111417509e+00    3.6560795566e+00   -6.4852777802e+00   -3.6418099474e+01    2.0700783829e+04    5.5255225500e-01    9.9897850724e-01
        13   -3.5839168359e+01    1.2851349338e+03   -4.7826772821e+01    1.1987604461e+01   -8.6417361290e+00    3.7298693965e+00   -6.4968066140e+00   -3.6418099474e+01    2.0674197583e+04    5.4038013800e-01    9.9902732475e-01
        14   -3.5827633354e+01    1.2843201695e+03   -4.7844048832e+01    1.2016415479e+01   -8.6903345956e+00    3.7798661810e+00   -6.5154809435e+00   -3.6418099474e+01    2.0730233114e+04    5.4012997000e-01    9.9902837021e-01
        15   -3.5835456487e+01    1.2848412865e+03   -4.7779032398e+01    1.1943575911e+01   -8.7420404641e+00    3.9229357369e+00   -6.5418281968e+00   -3.6418099474e+01    2.0675859583e+04    5.7904411200e-01    9.9906028675e-01
        16   -3.5838339209e+01    1.2850673748e+03   -4.7888884651e+01    1.2050545442e+01   -8.7773460632e+00    3.8200123380e+00   -6.5134514517e+00   -3.6418099474e+01    2.0784509605e+04    5.6720507300e-01    9.9901881942e-01
        17   -3.5828909766e+01    1.2843966261e+03   -4.7967885075e+01    1.2138975310e+01   -8.8499730697e+00    3.7954014403e+00   -6.4952139717e+00   -3.6418099474e+01    2.0781928559e+04    5.4400897200e-01    9.9896898713e-01
        18   -3.5849201585e+01    1.2858059034e+03   -4.8014681223e+01    1.2165479638e+01   -8.8560762613e+00    3.7399645429e+00   -6.4804700306e+00   -3.6418099474e+01    2.0651599810e+04    5.3570678600e-01    9.9904003155e-01
        19   -3.5838571463e+01    1.2850469060e+03   -4.7962174898e+01    1.2123603435e+01   -8.8972551897e+00    3.8291991417e+00   -6.4760193757e+00   -3.6418099474e+01    2.0607543866e+04    5.2506395800e-01    9.9895834778e-01
        20   -3.5837731382e+01    1.2850149546e+03   -4.8054173256e+01    1.2216441874e+01   -8.8975489158e+00    3.7156299485e+00   -6.4541548145e+00   -3.6418099474e+01    2.0601161123e+04    5.5003215900e-01    9.9900832178e-01
        21   -3.5833339616e+01    1.2847114385e+03   -4.7982292804e+01    1.2148953189e+01   -8.9631547950e+00    3.8743792558e+00   -6.4754177909e+00   -3.6418099474e+01    2.0603246428e+04    5.5289695100e-01    9.9894432850e-01
        22   -3.5835168817e+01    1.2848715107e+03   -4.7922637907e+01    1.2087469090e+01   -8.9317744816e+00    3.9003488565e+00   -6.4731128078e+00   -3.6418099474e+01    2.0522179796e+04    5.5604452700e-01    9.9889834107e-01
        23   -3.5847048366e+01    1.2857379746e+03   -4.7946424626e+01    1.2099376260e+01   -8.8950910625e+00    3.8307639103e+00   -6.4639980000e+00   -3.6418099474e+01    2.0537467179e+04    5.6482262900e-01    9.9902948420e-01
        24   -3.5860062254e+01    1.2868495855e+03   -4.8007818331e+01    1.2147756077e+01   -8.9257899397e+00    3.7885147167e+00   -6.4524436339e+00   -3.6418099474e+01    2.0642277198e+04    5.5924307600e-01    9.9895655244e-01
        25   -3.5824477327e+01    1.2841096879e+03   -4.7851686718e+01    1.2027209391e+01   -8.8852323021e+00    3.9217995495e+00   -6.4701544917e+00   -3.6418099474e+01    2.0643406313e+04    5.7666122200e-01    9.9896209574e-01
        26   -3.5847327506e+01    1.2857366236e+03   -4.7850942194e+01    1.2003614688e+01   -8.8780530224e+00    3.9230898405e+00   -6.4778795383e+00   -3.6418099474e+01    2.0531837195e+04    5.1699564500e-01    9.9900315234e-01
        27   -3.5853859969e+01    1.2861942867e+03   -4.7924392212e+01    1.2070532243e+01   -8.8042236949e+00    3.7893025286e+00   -6.4913715714e+00   -3.6418099474e+01    2.0721962956e+04    5.8921412100e-01    9.9905193990e-01
        28   -3.5835194095e+01    1.2848387467e+03   -4.7940537931e+01    1.2105343836e+01   -8.8238596706e+00    3.8090731859e+00   -6.5076519718e+00   -3.6418099474e+01    2.0778930011e+04    5.3394208500e-01    9.9900149175e-01
        29   -3.5834815505e+01    1.2848343707e+03   -4.7977243689e+01    1.2142428184e+01   -8.8391330116e+00    3.7767767550e+00   -6.4967879579e+00   -3.6418099474e+01    2.0742976630e+04    5.3219028700e-01    9.9902213959e-01
        30   -3.5824689942e+01    1.2841066543e+03   -4.8066470774e+01    1.2241780833e+01   -8.7934476755e+00    3.6353502280e+00   -6.4902738524e+00   -3.6418099474e+01    2.0761111227e+04    5.4084117000e-01    9.9892332565e-01
        31   -3.5823854923e+01    1.2840544597e+03   -4.7958087696e+01    1.2134232773e+01   -8.8604440446e+00    3.8007341249e+00   -6.4802783018e+00   -3.6418099474e+01    2.0836012542e+04    5.3377761000e-01    9.9900779370e-01
        32   -3.5814965213e+01    1.2833866762e+03   -4.7925446780e+01    1.2110481567e+01   -8.8608299030e+00    3.8495859155e+00   -6.4961033184e+00   -3.6418099474e+01    2.0997575221e+04    5.2972975000e-01    9.9892887746e-01
        33   -3.5836109163e+01    1.2849054263e+03   -4.7899865254e+01    1.2063756091e+01   -8.8832281108e+00    3.8992886222e+00   -6.4978262907e+00   -3.6418099474e+01    2.0918566763e+04    5.5439441800e-01    9.9896725252e-01
        34   -3.5842886251e+01    1.2854184600e+03   -4.7890748608e+01    1.2047862357e+01   -8.9329811505e+00    3.9529327080e+00   -6.4926006912e+00   -3.6418099474e+01    2.0977776628e+04    5.7334434300e-01    9.9900755822e-01
        35   -3.5831598450e+01    1.2846254679e+03   -4.7955172194e+01    1.2123573744e+01   -8.9363116749e+00    3.8825702412e+00   -6.4833312857e+00   -3.6418099474e+01    2.1066325622e+04    5.6192978800e-01    9.9903392450e-01
        36   -3.5827233132e+01    1.2843276770e+03   -4.7983983018e+01    1.2156749885e+01   -8.9008506591e+00    3.7903020915e+00   -6.4553349760e+00   -3.6418099474e+01    2.0951227816e+04    5.3580390500e-01    9.9895704811e-01
        37   -3.5825823701e+01    1.2842146465e+03   -4.7995484866e+01    1.2169661165e+01   -8.9237965636e+00    3.8029133741e+00   -6.4565022026e+00   -3.6418099474e+01    2.0882037626e+04    5.6306207700e-01    9.9901339863e-01
        38   -3.5814537135e+01    1.2834299624e+03   -4.8044641368e+01    1.2230104233e+01   -8.8550872334e+00    3.6853178134e+00   -6.4567724741e+00   -3.6418099474e+01    2.0881749528e+04    5.5244546400e-01    9.9896391129e-01
        39   -3.5815632388e+01    1.2835378851e+03   -4.7996913769e+01    1.2181281381e+01   -8.8189645508e+00    3.6951555088e+00   -6.4550052529e+00   -3.6418099474e+01    2.0840968014e+04    5.7471844100e-01    9.9897729142e-01
        40   -3.5827112407e+01    1.2844231518e+03   -4.8105955202e+01    1.2278842795e+01   -8.7929717034e+00    3.5461840216e+00   -6.4410680460e+00   -3.6418099474e+01    2.0769526814e+04    5.8294058500e-01    9.9894093294e-01
        41   -3.5814245544e+01    1.2834134056e+03   -4.8012123203e+01    1.2197877659e+01   -8.8390719893e+00    3.6789259706e+00   -6.4338777102e+00   -3.6418099474e+01    2.0671617153e+04    5.5546110000e-01    9.9905001416e-01
        42   -3.5813187229e+01    1.2832876252e+03   -4.8031454945e+01    1.2218267716e+01   -8.8784249620e+00    3.7037065606e+00   -6.4386370696e+00   -3.6418099474e+01    2.0697945931e+04    5.9804655600e-01    9.9902705612e-01
        43   -3.5804484716e+01    1.2826470037e+03   -4.8010186661e+01    1.2205701945e+01   -8.8740541817e+00    3.7310956044e+00   -6.4491286093e+00   -3.6418099474e+01    2.0747183258e+04    5.4250759600e-01    9.9898991637e-01
        44   -3.5812833448e+01    1.2832041816e+03   -4.7995232058e+01    1.2182398610e+01   -8.9019729769e+00    3.7654467880e+00   -6.4406063953e+00   -3.6418099474e+01    2.0743262928e+04    5.3263030400e-01    9.9899134554e-01
        45   -3.5823184175e+01    1.2839804041e+03   -4.7951751587e+01    1.2128567413e+01   -8.9514625949e+00    3.8450728844e+00   -6.4272624026e+00   -3.6418099474e+01    2.0692507888e+04    5.7866001300e-01    9.9899739080e-01
        46   -3.5830880464e+01    1.2845293965e+03   -4.7924104325e+01    1.2093223861e+01   -8.9369746277e+00    3.8389539242e+00   -6.4079841476e+00   -3.6418099474e+01    2.0643008802e+04    5.3167615100e-01    9.9906060564e-01
        47   -3.5828296110e+01    1.2844218372e+03   -4.7992111479e+01    1.2163815369e+01   -8.9039646252e+00    3.7386680954e+00   -6.4087154746e+00   -3.6418099474e+01    2.0691868796e+04    5.5034367000e-01    9.9894034158e-01
        48   -3.5831175622e+01    1.2845644514e+03   -4.8014332448e+01    1.2183156826e+01   -8.8807806645e+00    3.7025755180e+00   -6.4180278275e+00   -3.6418099474e+01    2.0714970540e+04    5.4381550400e-01    9.9904495273e-01
        49   -3.5824886276e+01    1.2841340695e+03   -4.7995958216e+01    1.2171071940e+01   -8.8961168168e+00    3.7578538787e+00   -6.4395958034e+00   -3.6418099474e+01    2.0690422172e+04    5.3121280200e-01    9.9889714258e-01
        50   -3.5800756154e+01    1.2823775902e+03   -4.7954378723e+01    1.2153622569e+01   -8.8770026102e+00    3.7755656411e+00   -6.4348422792e+00   -3.6418099474e+01    2.0673611562e+04    5.3623279500e-01    9.9897594065e-01
        51   -3.5791611415e+01    1.2817251559e+03   -4.7867458622e+01    1.2075847207e+01   -8.9410097498e+00    3.9192214369e+00   -6.4275708349e+00   -3.6418099474e+01    2.0552853510e+04    5.5525667000e-01    9.9899949280e-01
        52   -3.5791184044e+01    1.2816905331e+03   -4.7957080191e+01    1.2165896147e+01   -8.8085951954e+00    3.7109601812e+00   -6.4413457024e+00   -3.6418099474e+01    2.0668212458e+04    5.8340678700e-01    9.9906210489e-01
        53   -3.5784254795e+01    1.2812092155e+03   -4.7889870751e+01    1.2105615955e+01   -8.7457456807e+00    3.7318133912e+00   -6.4578389871e+00   -3.6418099474e+01    2.0650561394e+04    5.5255150100e-01    9.9899914954e-01
        54   -3.5819939440e+01    1.2838118217e+03   -4.7851990923e+01    1.2032051483e+01   -8.7362846033e+00    3.7392934576e+00   -6.4369003031e+00   -3.6418099474e+01    2.0582486585e+04    5.3284807100e-01    9.9903882855e-01
        55   -3.5824921241e+01    1.2841689945e+03   -4.7912672974e+01    1.2087751733e+01   -8.7223652008e+00    3.6245431670e+00   -6.3967514660e+00   -3.6418099474e+01    2.0495791344e+04    5.8296267600e-01    9.9898412234e-01
        56   -3.5826861702e+01    1.2843355240e+03   -4.7927937658e+01    1.2101075956e+01   -8.6808122596e+00    3.5889522196e+00   -6.4179781438e+00   -3.6418099474e+01    2.0516894102e+04    5.3851296500e-01    9.9906175367e-01
        57   -3.5830876118e+01    1.2845439776e+03   -4.7845510293e+01    1.2014634176e+01   -8.6836461562e+00    3.6966716446e+00   -6.4404363078e+00   -3.6418099474e+01    2.0455098635e+04    5.1993490500e-01    9.9899425889e-01
        58   -3.5830572084e+01    1.2845430830e+03   -4.7940106616e+01    1.2109534532e+01   -8.7265586245e+00    3.6437318931e+00   -6.4391804107e+00   -3.6418099474e+01    2.0473167235e+04    5.8843810400e-01    9.9905969129e-01
        59   -3.5826966209e+01    1.2842735769e+03   -4.8071108779e+01    1.2244142570e+01   -8.7732715854e+00    3.5558857238e+00   -6.4356234432e+00   -3.6418099474e+01    2.0304678008e+04    5.0760070200e-01    9.9900612858e-01
        60   -3.5841818060e+01    1.2853387130e+03   -4.7977450921e+01    1.2135632861e+01   -8.7853355143e+00    3.6619406305e+00   -6.4359565632e+00   -3.6418099474e+01    2.0264595106e+04    5.5250430900e-01    9.9901631021e-01
        61   -3.5834563861e+01    1.2848373812e+03   -4.7921447403e+01    1.2086883542e+01   -8.7459718324e+00    3.6770645533e+00   -6.4344406501e+00   -3.6418099474e+01    2.0360024166e+04    5.0936344500e-01    9.9904385294e-01
        62   -3.5829810035e+01    1.2844719127e+03   -4.7958406907e+01    1.2128596872e+01   -8.7843245364e+00    3.6639942196e+00   -6.4199771161e+00   -3.6418099474e+01    2.0331262413e+04    4.9572444500e-01    9.9897402022e-01
        63   -3.5829801872e+01    1.2844849216e+03   -4.7949944227e+01    1.2120142356e+01   -8.7910384569e+00    3.6970326908e+00   -6.4378389871e+00   -3.6418099474e+01    2.0467327385e+04    5.1418147100e-01    9.9902102442e-01
        64   -3.5847142668e+01    1.2857465122e+03   -4.7885964712e+01    1.2038822044e+01   -8.7911153464e+00    3.7619089806e+00   -6.4386588717e+00   -3.6418099474e+01    2.0489578082e+04    5.2384772200e-01    9.9893655598e-01
        65   -3.5828369130e+01    1.2844234085e+03   -4.7944407288e+01    1.2116038158e+01   -8.8445456624e+00    3.7465194850e+00   -6.4282816364e+00   -3.6418099474e+01    2.0468101955e+04    5.1595716500e-01    9.9898966280e-01
        66   -3.5825300491e+01    1.2841477679e+03   -4.8036852679e+01    1.2211552188e+01   -8.8494508472e+00    3.6720880456e+00   -6.4413904032e+00   -3.6418099474e+01    2.0432267867e+04    5.4257701800e-01    9.9901939535e-01
        67   -3.5826851668e+01    1.2842601914e+03   -4.7945318798e+01    1.2118467130e+01   -8.8643404041e+00    3.7833884817e+00   -6.4462674018e+00   -3.6418099474e+01    2.0365993770e+04    4.9077232900e-01    9.9901441549e-01
        68   -3.5818324586e+01    1.2836504734e+03   -4.7941770062e+01    1.2123445476e+01   -8.8240548559e+00    3.7480883762e+00   -6.4477041085e+00   -3.6418099474e+01    2.0375634664e+04    4.8297523900e-01    9.9900968927e-01
        69   -3.5804404455e+01    1.2826450455e+03   -4.7745245557e+01    1.1940841103e+01   -8.8123123121e+00    3.9044858639e+00   -6.4193196351e+00   -3.6418099474e+01    2.0300460133e+04    5.0205746000e-01    9.9900085139e-01
        70   -3.5799010975e+01    1.2822690101e+03   -4.7936616048e+01    1.2137605072e+01   -8.7132887127e+00    3.6770175263e+00   -6.4822453870e+00   -3.6418099474e+01    2.0216074444e+04    5.0736142500e-01    9.9902142963e-01
        71   -3.5829726594e+01    1.2844701525e+03   -4.7978518052e+01    1.2148791458e+01   -8.6747974958e+00    3.5973025830e+00   -6.4829236650e+00   -3.6418099474e+01    2.0132978754e+04    4.9895003800e-01    9.9899576304e-01
        72   -3.5819605003e+01    1.2837549759e+03   -4.7865645905e+01    1.2046040903e+01   -8.5820058690e+00    3.6211049481e+00   -6.4866455102e+00   -3.6418099474e+01    2.0204072746e+04    5.1894206500e-01    9.9909839196e-01
        73   -3.5806422688e+01    1.2828139932e+03   -4.7823467887e+01    1.2017045199e+01   -8.5488490959e+00    3.6230921140e+00   -6.4796114311e+00   -3.6418099474e+01    2.0232529254e+04    4.7838494200e-01    9.9899391406e-01
        74   -3.5795079260e+01    1.2819565921e+03   -4.7800207076e+01    1.2005127816e+01   -8.6116273334e+00    3.7176058220e+00   -6.4880860907e+00   -3.6418099474e+01    2.0085795591e+04    4.9376893300e-01    9.9895815554e-01
        75   -3.5797741672e+01    1.2821660205e+03   -4.7873654615e+01    1.2075912944e+01   -8.6417726168e+00    3.6755940017e+00   -6.4893765262e+00   -3.6418099474e+01    2.0045822157e+04    5.1453260600e-01    9.9902906741e-01
        76   -3.5813196874e+01    1.2832781541e+03   -4.7976293745e+01    1.2163096871e+01   -8.6775806655e+00    3.6267819315e+00   -6.5073955369e+00   -3.6418099474e+01    1.9879168870e+04    4.7837493900e-01    9.9902071414e-01
        77   -3.5809931673e+01    1.2830221565e+03   -4.7962386218e+01    1.2152454545e+01   -8.6883766221e+00    3.6351475547e+00   -6.4910576768e+00   -3.6418099474e+01    1.9885417138e+04    5.3731561800e-01    9.9898328711e-01
        78   -3.5812936765e+01    1.2832375826e+03   -4.7862935272e+01    1.2049998507e+01   -8.6949959740e+00    3.7417808191e+00   -6.4916206427e+00   -3.6418099474e+01    1.9819206267e+04    5.1708006700e-01    9.9897444216e-01
        79   -3.5818765458e+01    1.2836792843e+03   -4.7837876906e+01    1.2019111448e+01   -8.7150242943e+00    3.7481109388e+00   -6.4528640761e+00   -3.6418099474e+01    1.9781726605e+04    4.8475760400e-01    9.9904465730e-01
        80   -3.5827946699e+01    1.2843079259e+03   -4.7934623790e+01    1.2106677091e+01   -8.7318930768e+00    3.6909333984e+00   -6.4755646378e+00   -3.6418099474e+01    1.9965922718e+04    5.1660032000e-01    9.9904451761e-01
        81   -3.5813035572e+01    1.2832266193e+03   -4.7861516928e+01    1.2048481356e+01   -8.7114633419e+00    3.7657394312e+00   -6.4976935433e+00   -3.6418099474e+01    2.0067959111e+04    5.0651429900e-01    9.9900506899e-01
        82   -3.5810423165e+01    1.2830752142e+03   -4.7792285617e+01    1.1981862451e+01   -8.7547665527e+00    3.8555309681e+00   -6.4749505577e+00   -3.6418099474e+01    2.0069656077e+04    4.7606414000e-01    9.9890550699e-01
        83   -3.5837308918e+01    1.2849974202e+03   -4.7836759398e+01    1.1999450480e+01   -8.7243521321e+00    3.7392269421e+00   -6.4335347341e+00   -3.6418099474e+01    2.0152659863e+04    5.1793796700e-01    9.9899666026e-01
        84   -3.5827746616e+01    1.2843020867e+03   -4.7825736119e+01    1.1997989503e+01   -8.7424731729e+00    3.7732058734e+00   -6.4383693450e+00   -3.6418099474e+01    2.0368566034e+04    5.0247609200e-01    9.9894431896e-01
        85   -3.5822919252e+01    1.2839466278e+03   -4.7874109502e+01    1.2051190251e+01   -8.7521552058e+00    3.7455758062e+00   -6.4494306287e+00   -3.6418099474e+01    2.0371611049e+04    4.8243571900e-01    9.9900068024e-01
        86   -3.5830660937e+01    1.2845071354e+03   -4.7877295385e+01    1.2046634448e+01   -8.7076520806e+00    3.7032417015e+00   -6.4547855319e+00   -3.6418099474e+01    2.0228813310e+04    5.0175568200e-01    9.9900582730e-01
        87   -3.5819850702e+01    1.2837396471e+03   -4.7966492041e+01    1.2146641339e+01   -8.6639331110e+00    3.5951092079e+00   -6.4795686634e+00   -3.6418099474e+01    2.0169390349e+04    4.7776892300e-01    9.9899234251e-01
        88   -3.5814391209e+01    1.2833690599e+03   -4.7913699433e+01    1.2099308225e+01   -8.6791816374e+00    3.6628909813e+00   -6.4793093032e+00   -3.6418099474e+01    2.0166075426e+04    4.7729712900e-01    9.9897630265e-01
        89   -3.5815390318e+01    1.2834199601e+03   -4.7963764023e+01    1.2148373706e+01   -8.6631401320e+00    3.5934669080e+00   -6.4759913250e+00   -3.6418099474e+01    2.0028027723e+04    4.7585814500e-01    9.9901908329e-01
        90   -3.5810118533e+01    1.2830583343e+03   -4.7930228906e+01    1.2120110373e+01   -8.7039525636e+00    3.6468319308e+00   -6.4550087991e+00   -3.6418099474e+01    2.0061323322e+04    4.8969795500e-01    9.9902079476e-01
        91   -3.5824373938e+01    1.2840857450e+03   -4.7763250396e+01    1.1938876458e+01   -8.6362629240e+00    3.7485018157e+00   -6.4573898135e+00   -3.6418099474e+01    2.0201827383e+04    5.2809791500e-01    9.9900631573e-01
        92   -3.5839484553e+01    1.2851570150e+03   -4.7816468096e+01    1.1976983543e+01   -8.6369413289e+00    3.6921213332e+00   -6.4535486259e+00   -3.6418099474e+01    2.0352526180e+04    5.1621686400e-01    9.9894865062e-01
        93   -3.5835796830e+01    1.2848571047e+03   -4.7954403504e+01    1.2118606674e+01   -8.6348180419e+00    3.5656988645e+00   -6.4671848529e+00   -3.6418099474e+01    2.0450992997e+04    4.8661341600e-01    9.9902714901e-01
        94   -3.5817152871e+01    1.2835281481e+03   -4.7843849133e+01    1.2026696262e+01   -8.7690526305e+00    3.7800827480e+00   -6.4367797767e+00   -3.6418099474e+01    2.0470787803e+04    5.2498440500e-01    9.9894629599e-01
        95   -3.5817816304e+01    1.2835953101e+03   -4.7889074551e+01    1.2071258247e+01   -8.8311059236e+00    3.7813946135e+00   -6.4212637669e+00   -3.6418099474e+01    2.0665139602e+04    5.5617210800e-01    9.9899257652e-01
        96   -3.5823406975e+01    1.2840088933e+03   -4.7847548394e+01    1.2024141418e+01   -8.8477905426e+00    3.8528551786e+00   -6.4345135554e+00   -3.6418099474e+01    2.0810902383e+04    5.6198912700e-01    9.9898591607e-01
        97   -3.5812335130e+01    1.2831967709e+03   -4.7953220740e+01    1.2140885610e+01   -8.8756983434e+00    3.7796888807e+00   -6.4391118028e+00   -3.6418099474e+01    2.0777071342e+04    5.4499431900e-01    9.9896206377e-01
        98   -3.5810726016e+01    1.2830688126e+03   -4.7936312918e+01    1.2125586903e+01   -8.7764659283e+00    3.6985551898e+00   -6.4403027056e+00   -3.6418099474e+01    2.0662995993e+04    5.5841073900e-01    9.9899252777e-01
        99   -3.5774413994e+01    1.2804651272e+03   -4.7976155554e+01    1.2201741560e+01   -8.7817866773e+00    3.6445397526e+00   -6.4208091548e+00   -3.6418099474e+01    2.0681045166e+04    5.8619382100e-01    9.9900587500e-01
       100   -3.5785196322e+01    1.2812492744e+03   -4.8038662698e+01    1.2253466376e+01   -8.8221266400e+00    3.6381748445e+00   -6.4366114280e+00   -3.6418099474e+01    2.0485824622e+04    5.5862868300e-01    9.9896659650e-01
       101   -3.5776652278e+01    1.2806424683e+03   -4.7943872999e+01    1.2167220721e+01   -8.8503101789e+00    3.7660638960e+00   -6.4415272424e+00   -3.6418099474e+01    2.0340160788e+04    5.1239703300e-01    9.9904167486e-01
       102   -3.5783524525e+01    1.2811266668e+03   -4.7930769165e+01    1.2147244640e+01   -8.8587525703e+00    3.8201747247e+00   -6.4740918448e+00   -3.6418099474e+01    2.0265297026e+04    5.0900432200e-01    9.9903098727e-01
       103   -3.5810993996e+01    1.2831950197e+03   -4.8058869795e+01    1.2247875799e+01   -8.8225551113e+00    3.6299917284e+00   -6.4482069378e+00   -3.6418099474e+01    2.0266513293e+04    4.7801254200e-01    9.9900969861e-01
       104   -3.5808472424e+01    1.2829691613e+03   -4.7983429339e+01    1.2174956915e+01   -8.8197822184e+00    3.7184511218e+00   -6.4639987681e+00   -3.6418099474e+01    2.0333795775e+04    4.8815049600e-01    9.9897783554e-01
       105   -3.5806437130e+01    1.2827944481e+03   -4.7957899149e+01    1.2151462019e+01   -8.8607056977e+00    3.8018979348e+00   -6.4809919115e+00   -3.6418099474e+01    2.0245167316e+04    5.1315890600e-01    9.9894511791e-01
       106   -3.5823866391e+01    1.2840859167e+03   -4.7991635304e+01    1.2167768913e+01   -8.8705090699e+00    3.7473111758e+00   -6.4503379356e+00   -3.6418099474e+01    2.0340037710e+04    4.8006983100e-01    9.9902188725e-01
       107   -3.5818546289e+01    1.2836739770e+03   -4.7942872243e+01    1.2124325955e+01   -8.8330935212e+00    3.7460805157e+00   -6.4377597638e+00   -3.6418099474e+01    2.0355503187e+04    4.8158489000e-01    9.9896480331e-01
       108   -3.5834608732e+01    1.2848379561e+03   -4.7911084373e+01    1.2076475641e+01   -8.8768716813e+00    3.8397795970e+00   -6.4558928144e+00   -3.6418099474e+01    2.0315181357e+04    4.7819308500e-01    9.9902937887e-01
       109   -3.5846513163e+01    1.2856680737e+03   -4.7980221637e+01    1.2133708474e+01   -8.9019019949e+00    3.7843191769e+00   -6.4445393451e+00   -3.6418099474e+01    2.0307773451e+04    4.7781668700e-01    9.9898843829e-01
       110   -3.5844688591e+01    1.2855015096e+03   -4.7966688337e+01    1.2121999746e+01   -8.7702319280e+00    3.6784084584e+00   -6.4567653934e+00   -3.6418099474e+01    2.0282592850e+04    5.5415840500e-01    9.9898719105e-01
       111   -3.5833462665e+01    1.2847012374e+03   -4.7974837245e+01    1.2141374581e+01   -8.8057327188e+00    3.7254214126e+00   -6.4764264650e+00   -3.6418099474e+01    2.0369799815e+04    4.8284538400e-01    9.9904076823e-01
       112   -3.5828790112e+01    1.2843985519e+03   -4.7886103561e+01    1.2057313449e+01   -8.7739374093e+00    3.7745799349e+00   -6.4686466122e+00   -3.6418099474e+01    2.0403140921e+04    5.2197843800e-01    9.9898289300e-01
       113   -3.5868978950e+01    1.2873465784e+03   -4.7892376458e+01    1.2023397508e+01   -8.8553046315e+00    3.8375323819e+00   -6.4565047340e+00   -3.6418099474e+01    2.0498173200e+04    5.5237902400e-01    9.9897854598e-01
       114   -3.5860718227e+01    1.2867736499e+03   -4.7946157424e+01    1.2085439196e+01   -8.8481929110e+00    3.7925164577e+00   -6.4723814961e+00   -3.6418099474e+01    2.0699217111e+04    5.5915255200e-01    9.9895414820e-01
       115   -3.5848513068e+01    1.2858773032e+03   -4.8001782862e+01    1.2153269794e+01   -8.8541643609e+00    3.7259054019e+00   -6.4554244287e+00   -3.6418099474e+01    2.0812799573e+04    5.2992250400e-01    9.9901494402e-01
       116   -3.5839559342e+01    1.2851282475e+03   -4.7974195204e+01    1.2134635862e+01   -8.8780947906e+00    3.7746611409e+00   -6.4526620801e+00   -3.6418099474e+01    2.0930043744e+04    5.7815347300e-01    9.9889603254e-01
       117   -3.5831559546e+01    1.2846623328e+03   -4.7940951334e+01    1.2109391787e+01   -8.9041311698e+00    3.8275303780e+00   -6.4462510678e+00   -3.6418099474e+01    2.0863615550e+04    5.7316568600e-01    9.9906033054e-01
       118   -3.5845444668e+01    1.2856226231e+03   -4.7954347039e+01    1.2108902370e+01   -8.8521669408e+00    3.7637253152e+00   -6.4478059388e+00   -3.6418099474e+01    2.0941055707e+04    5.6431668600e-01    9.9902276464e-01
       119   -3.5842453604e+01    1.2853474393e+03   -4.7950461364e+01    1.2108007760e+01   -8.8233487058e+00    3.7550531427e+00   -6.4640663263e+00   -3.6418099474e+01    2.0987101098e+04    5.5561376900e-01    9.9901644477e-01
       120   -3.5822747015e+01    1.2840276931e+03   -4.7902712211e+01    1.2079965196e+01   -8.7753266553e+00    3.7677749841e+00   -6.4770610652e+00   -3.6418099474e+01    2.1049937662e+04    5.3118909300e-01    9.9894668639e-01
       121   -3.5840949928e+01    1.2853163385e+03   -4.7946788897e+01    1.2105838969e+01   -8.7448081889e+00    3.6905725307e+00   -6.4744537650e+00   -3.6418099474e+01    2.0932193598e+04    5.3746281300e-01    9.9899168094e-01
       122   -3.5818058149e+01    1.2836285217e+03   -4.7915178273e+01    1.2097120124e+01   -8.7795744826e+00    3.7497160544e+00   -6.4672203703e+00   -3.6418099474e+01    2.0805645495e+04    5.3047770700e-01    9.9899086977e-01
       123   -3.5823417013e+01    1.2841198702e+03   -4.7900857737e+01    1.2077440724e+01   -8.7634727258e+00    3.7339328333e+00   -6.4532183703e+00   -3.6418099474e+01    2.0775982821e+04    5.3105892000e-01    9.9904956689e-01
       124   -3.5817597992e+01    1.2836278457e+03   -4.8009730994e+01    1.2192133003e+01   -8.7835238771e+00    3.6484251990e+00   -6.4565328422e+00   -3.6418099474e+01    2.0772049390e+04    5.7109071400e-01    9.9905802433e-01
       125   -3.5823596203e+01    1.2840190022e+03   -4.7905192635e+01    1.2081596432e+01   -8.8041575396e+00    3.7684084845e+00   -6.4513441060e+00   -3.6418099474e+01    2.0671015400e+04    5.3616577100e-01    9.9897899952e-01
       126   -3.5829444791e+01    1.2844318502e+03   -4.7929173936e+01    1.2099729145e+01   -8.7884099016e+00    3.7181086431e+00   -6.4407732032e+00   -3.6418099474e+01    2.0603006042e+04    5.2782785400e-01    9.9902753413e-01
       127   -3.5834260663e+01    1.2848019584e+03   -4.7895076262e+01    1.2060815599e+01   -8.7964715417e+00    3.7633454756e+00   -6.4438507220e+00   -3.6418099474e+01    2.0556951250e+04    5.5928606300e-01    9.9893496511e-01
       128   -3.5870896161e+01    1.2874039445e+03   -4.7888437783e+01    1.2017541621e+01   -8.8092965899e+00    3.7945147159e+00   -6.4555564344e+00   -3.6418099474e+01    2.0563718667e+04    5.7734557500e-01    9.9896618828e-01
       129   -3.5839007048e+01    1.2851139499e+03   -4.7998271240e+01    1.2159264192e+01   -8.7524378681e+00    3.6528747958e+00   -6.4806086931e+00   -3.6418099474e+01    2.0580514707e+04    5.2774584500e-01    9.9904544382e-01
       130   -3.5825416797e+01    1.2841607409e+03   -4.7961291058e+01    1.2135874261e+01   -8.7394762465e+00    3.6746908877e+00   -6.4784062251e+00   -3.6418099474e+01    2.0500809628e+04    5.4915636400e-01    9.9905056896e-01
       131   -3.5823140714e+01    1.2839452736e+03   -4.7957081029e+01    1.2133940315e+01   -8.7531058977e+00    3.7065659491e+00   -6.4924416064e+00   -3.6418099474e+01    2.0559318956e+04    5.4861632100e-01    9.9898207337e-01
       132   -3.5825385546e+01    1.2841088469e+03   -4.8053234362e+01    1.2227848816e+01   -8.6962247876e+00    3.5571208965e+00   -6.4960309969e+00   -3.6418099474e+01    2.0625640569e+04    5.5393063800e-01    9.9903385992e-01
       133   -3.5837229709e+01    1.2849563041e+03   -4.7979143384e+01    1.2141913675e+01   -8.7125807895e+00    3.6293989157e+00   -6.4778620366e+00   -3.6418099474e+01    2.0750921633e+04    5.4175843700e-01    9.9905340190e-01
       134   -3.5839312125e+01    1.2851272860e+03   -4.7879582629e+01    1.2040270504e+01   -8.7847021814e+00    3.8142424786e+00   -6.4910234518e+00   -3.6418099474e+01    2.0761335265e+04    5.5313743200e-01    9.9887323071e-01
       135   -3.5835454923e+01    1.2848691127e+03   -4.7824303506e+01    1.1988848584e+01   -8.8557713461e+00    3.9502844965e+00   -6.5007171827e+00   -3.6418099474e+01    2.0742750097e+04    5.9270497400e-01    9.9897900152e-01
       136   -3.5837474992e+01    1.2850596082e+03   -4.7817531884e+01    1.1980056892e+01   -8.8511345166e+00    3.9521853245e+00   -6.5004832180e+00   -3.6418099474e+01    2.0703465882e+04    5.7837678000e-01    9.9899427964e-01
       137   -3.5829298303e+01    1.2844421995e+03   -4.7826534643e+01    1.1997236340e+01   -8.7891428356e+00    3.8728541774e+00   -6.4921465110e+00   -3.6418099474e+01    2.0669934120e+04    5.5143235900e-01    9.9902382219e-01
       138   -3.5829441207e+01    1.2844405089e+03   -4.7877693609e+01    1.2048252402e+01   -8.8352925631e+00    3.8577388571e+00   -6.4820404289e+00   -3.6418099474e+01    2.0645092616e+04    5.5177327400e-01    9.9902609983e-01
       139   -3.5824258490e+01    1.2840777365e+03   -4.7942573993e+01    1.2118315503e+01   -8.8190852195e+00    3.7835771824e+00   -6.4889664818e+00   -3.6418099474e+01    2.0742636350e+04    5.3978501000e-01    9.9901181007e-01
       140   -3.5806582088e+01    1.2827715627e+03   -4.7947987115e+01    1.2141405028e+01   -8.8872476283e+00    3.8531576674e+00   -6.4957976801e+00   -3.6418099474e+01    2.0703254761e+04    5.5306738100e-01    9.9898249898e-01
       141   -3.5805048416e+01    1.2826537118e+03   -4.7924508211e+01    1.2119459795e+01   -8.9468294999e+00    3.9486930525e+00   -6.5082722898e+00   -3.6418099474e+01    2.0735151534e+04    5.3842678500e-01    9.9903060733e-01
       142   -3.5821638370e+01    1.2838650120e+03   -4.8036485651e+01    1.2214847281e+01   -8.9050998397e+00    3.8066144606e+00   -6.5199007980e+00   -3.6418099474e+01    2.0717713336e+04    5.5850276300e-01    9.9897791750e-01
       143   -3.5826419369e+01    1.2842448461e+03   -4.8066100205e+01    1.2239680836e+01   -8.8811095359e+00    3.7427838747e+00   -6.5096750699e+00   -3.6418099474e+01    2.0585713232e+04    5.2894025100e-01    9.9895733578e-01
       144   -3.5813543080e+01    1.2832924768e+03   -4.7973584377e+01    1.2160041297e+01   -8.8882723407e+00    3.8385303315e+00   -6.5057428933e+00   -3.6418099474e+01    2.0523395872e+04    5.1547562900e-01    9.9900822650e-01
       145   -3.5819892003e+01    1.2837723001e+03   -4.7959945340e+01    1.2140053337e+01   -8.9210359316e+00    3.8533129052e+00   -6.4741228396e+00   -3.6418099474e+01    2.0626844041e+04    5.2572171400e-01    9.9903568485e-01
       146   -3.5830872399e+01    1.2845684749e+03   -4.8004961110e+01    1.2174088711e+01   -8.9765158298e+00    3.8720970036e+00   -6.4824428096e+00   -3.6418099474e+01    2.0731503773e+04    5.8573087200e-01    9.9898023165e-01
       147   -3.5820369094e+01    1.2837861217e+03   -4.8061369865e+01    1.2241000770e+01   -9.0192828653e+00    3.8256511468e+00   -6.4496386722e+00   -3.6418099474e+01    2.0692311969e+04    5.6023976600e-01    9.9899389086e-01
       148   -3.5838034445e+01    1.2850843209e+03   -4.8066594415e+01    1.2228559970e+01   -8.9826249994e+00    3.7812918883e+00   -6.4471618300e+00   -3.6418099474e+01    2.0656570892e+04    5.5367191900e-01    9.9901619730e-01
       149   -3.5829132588e+01    1.2844654552e+03   -4.7977350724e+01    1.2148218136e+01   -9.0429503939e+00    3.9590763756e+00   -6.4753772317e+00   -3.6418099474e+01    2.0592943032e+04    5.5165174500e-01    9.9896115878e-01
       150   -3.5828896799e+01    1.2844448432e+03   -4.8021487125e+01    1.2192590326e+01   -9.0469405888e+00    3.9211859427e+00   -6.4776330052e+00   -3.6418099474e+01    2.0581874877e+04    5.2539736200e-01    9.9899010231e-01
       151   -3.5820883256e+01    1.2838804677e+03   -4.7983933807e+01    1.2163050550e+01   -9.0664165712e+00    3.9397432389e+00   -6.4391610005e+00   -3.6418099474e+01    2.0560346367e+04    5.4558869100e-01    9.9894048661e-01
       152   -3.5833135266e+01    1.2847274416e+03   -4.7953362943e+01    1.2120227677e+01   -9.0491984118e+00    3.9562909537e+00   -6.4423560108e+00   -3.6418099474e+01    2.0449998304e+04    5.4414184200e-01    9.9887694221e-01
       153   -3.5816023909e+01    1.2834849522e+03   -4.8021386021e+01    1.2205362113e+01   -8.9931840147e+00    3.8392617607e+00   -6.4493642932e+00   -3.6418099474e+01    2.0438303039e+04    5.2423471700e-01    9.9900405368e-01
       154   -3.5823008387e+01    1.2839615499e+03   -4.8082145727e+01    1.2259137340e+01   -8.9444104267e+00    3.7076924808e+00   -6.4273283069e+00   -3.6418099474e+01    2.0457759081e+04    4.8731695700e-01    9.9898398112e-01
       155   -3.5813084955e+01    1.2832323741e+03   -4.8075992682e+01    1.2262907727e+01   -8.9266274676e+00    3.6812808863e+00   -6.4125466266e+00   -3.6418099474e+01    2.0453310592e+04    5.5206961700e-01    9.9895065824e-01
       156   -3.5791871440e+01    1.2817306951e+03   -4.7915297319e+01    1.2123425880e+01   -8.8606761872e+00    3.7821427269e+00   -6.4186643846e+00   -3.6418099474e+01    2.0425937113e+04    5.1780178800e-01    9.9903163105e-01
       157   -3.5819740815e+01    1.2837672464e+03   -4.7969910035e+01    1.2150169220e+01   -8.8538273533e+00    3.7097636822e+00   -6.4077468900e+00   -3.6418099474e+01    2.0475499378e+04    5.1403535200e-01    9.9893608857e-01
       158   -3.5824170588e+01    1.2840399694e+03   -4.7982307262e+01    1.2158136674e+01   -8.8958972992e+00    3.7386649277e+00   -6.4069754160e+00   -3.6418099474e+01    2.0490982395e+04    5.2479719500e-01    9.9894901594e-01
       159   -3.5815320441e+01    1.2834280283e+03   -4.8007486527e+01    1.2192166086e+01   -8.9063677163e+00    3.7211855225e+00   -6.4042048593e+00   -3.6418099474e+01    2.0520957407e+04    5.1744020500e-01    9.9895413508e-01
       160   -3.5797993987e+01    1.2821741461e+03   -4.7934441560e+01    1.2136447573e+01   -8.8543938990e+00    3.7743237755e+00   -6.4362719628e+00   -3.6418099474e+01    2.0526134054e+04    5.1976974700e-01    9.9890414962e-01
       161   -3.5801133694e+01    1.2823923181e+03   -4.7846440528e+01    1.2045306834e+01   -8.8016429974e+00    3.8162498506e+00   -6.4429479073e+00   -3.6418099474e+01    2.0445485443e+04    5.4236521900e-01    9.9895214810e-01
       162   -3.5810496374e+01    1.2831107961e+03   -4.7814579595e+01    1.2004083221e+01   -8.8872822381e+00    3.9264103108e+00   -6.4356081939e+00   -3.6418099474e+01    2.0394814592e+04    4.9222093300e-01    9.9895117629e-01
       163   -3.5828204198e+01    1.2843595136e+03   -4.7814437303e+01    1.1986233105e+01   -8.8310653329e+00    3.8966865602e+00   -6.4619590561e+00   -3.6418099474e+01    2.0499786969e+04    5.0609033000e-01    9.9902608490e-01
       164   -3.5822601159e+01    1.2839609524e+03   -4.7825779546e+01    1.2003178387e+01   -8.7136118655e+00    3.7876256501e+00   -6.4816938564e+00   -3.6418099474e+01    2.0435071139e+04    4.8473164100e-01    9.9897584676e-01
       165   -3.5819415673e+01    1.2837399153e+03   -4.7872628677e+01    1.2053213004e+01   -8.7051287484e+00    3.7212197141e+00   -6.4706201686e+00   -3.6418099474e+01    2.0391588704e+04    5.3168667500e-01    9.9898589714e-01
       166   -3.5791308599e+01    1.2817285302e+03   -4.7990600509e+01    1.2199291910e+01   -8.6419571693e+00    3.5365064286e+00   -6.4670502945e+00   -3.6418099474e+01    2.0468414154e+04    5.0997212800e-01    9.9896912611e-01
       167   -3.5802776365e+01    1.2825415171e+03   -4.7847548447e+01    1.2044772082e+01   -8.6376794189e+00    3.6728989990e+00   -6.4646685532e+00   -3.6418099474e+01    2.0529197076e+04    5.6440480800e-01    9.9896165245e-01
       168   -3.5822220919e+01    1.2839051797e+03   -4.7876133728e+01    1.2053912809e+01   -8.6736183342e+00    3.6584137574e+00   -6.4428296770e+00   -3.6418099474e+01    2.0643074747e+04    5.4401571300e-01    9.9895166592e-01
       169   -3.5814965669e+01    1.2833946325e+03   -4.7914421246e+01    1.2099455576e+01   -8.7070259865e+00    3.6674278734e+00   -6.4567236585e+00   -3.6418099474e+01    2.0599946122e+04    5.4170196100e-01    9.9897379716e-01
       170   -3.5803050614e+01    1.2825807322e+03   -4.7806323110e+01    1.2003272496e+01   -8.7598483796e+00    3.8210961471e+00   -6.4494714037e+00   -3.6418099474e+01    2.0472248050e+04    5.0517828300e-01    9.9893429241e-01
       171   -3.5802267543e+01    1.2824787538e+03   -4.7903494439e+01    1.2101226896e+01   -8.7288722902e+00    3.6781941253e+00   -6.4347167998e+00   -3.6418099474e+01    2.0194297071e+04    4.9831868500e-01    9.9902031520e-01
       172   -3.5814325865e+01    1.2833683410e+03   -4.7885870387e+01    1.2071544522e+01   -8.7783107476e+00    3.7534473596e+00   -6.4429075251e+00   -3.6418099474e+01    2.0126545913e+04    5.3708213900e-01    9.9896184561e-01
       173   -3.5783429917e+01    1.2811118680e+03   -4.7884643598e+01    1.2101213681e+01   -8.7268361560e+00    3.6810891219e+00   -6.4207970902e+00   -3.6418099474e+01    2.0080483263e+04    4.7885422800e-01    9.9899884770e-01
       174   -3.5789578792e+01    1.2815629569e+03   -4.7866770945e+01    1.2077192153e+01   -8.8083494727e+00    3.7597885216e+00   -6.4001105198e+00   -3.6418099474e+01    2.0144180994e+04    5.3176771300e-01    9.9900911824e-01
       175   -3.5818448434e+01    1.2836436139e+03   -4.7899132118e+01    1.2080683684e+01   -8.8170437756e+00    3.7322654923e+00   -6.3962543609e+00   -3.6418099474e+01    2.0205948889e+04    4.9726314700e-01    9.9894999576e-01
       176   -3.5810415797e+01    1.2830719537e+03   -4.7836806723e+01    1.2026390926e+01   -8.8550182835e+00    3.8513784654e+00   -6.4150674307e+00   -3.6418099474e+01    2.0287658532e+04    4.8001803800e-01    9.9902475777e-01
       177   -3.5804786395e+01    1.2827006066e+03   -4.7860300533e+01    1.2055514137e+01   -8.8035350935e+00    3.7870478562e+00   -6.4257138210e+00   -3.6418099474e+01    2.0263712476e+04    4.7973894400e-01    9.9898487893e-01
       178   -3.5807735571e+01    1.2828818332e+03   -4.7876541550e+01    1.2068805979e+01   -8.7821562555e+00    3.7512138079e+00   -6.4274996286e+00   -3.6418099474e+01    2.0353084040e+04    5.3506148000e-01    9.9901217672e-01
       179   -3.5803064274e+01    1.2825708562e+03   -4.7920098061e+01    1.2117033787e+01   -8.8208682398e+00    3.7629248021e+00   -6.4440551488e+00   -3.6418099474e+01    2.0401117406e+04    4.8950980500e-01    9.9899704540e-01
       180   -3.5798125389e+01    1.2821735631e+03   -4.7809347927e+01    1.2011222538e+01   -8.7953978875e+00    3.8449372498e+00   -6.4407878148e+00   -3.6418099474e+01    2.0453180292e+04    5.0394460900e-01    9.9889844001e-01
       181   -3.5813481909e+01    1.2833049404e+03   -4.7859525389e+01    1.2046043480e+01   -8.7818422406e+00    3.7863505602e+00   -6.4459342343e+00   -3.6418099474e+01    2.0288115461e+04    5.3742398600e-01    9.9904236142e-01
       182   -3.5807477530e+01    1.2828392054e+03   -4.7916150201e+01    1.2108672671e+01   -8.7296202565e+00    3.7061964771e+00   -6.4746269475e+00   -3.6418099474e+01    2.0352506022e+04    5.0389672100e-01    9.9901388285e-01
       183   -3.5812717170e+01    1.2832042441e+03   -4.7947061929e+01    1.2134344759e+01   -8.7095026019e+00    3.6816904131e+00   -6.5011502659e+00   -3.6418099474e+01    2.0345180954e+04    4.7976136900e-01    9.9900822907e-01
       184   -3.5813182908e+01    1.2832293409e+03   -4.8045329438e+01    1.2232146529e+01   -8.6277611864e+00    3.5099968851e+00   -6.5094656620e+00   -3.6418099474e+01    2.0250386402e+04    4.8183860300e-01    9.9895061728e-01
       185   -3.5820434068e+01    1.2837726030e+03   -4.7953510747e+01    1.2133076680e+01   -8.5596309376e+00    3.5311310928e+00   -6.5069114284e+00   -3.6418099474e+01    2.0268889637e+04    5.2513021200e-01    9.9904313134e-01
       186   -3.5824577062e+01    1.2840828862e+03   -4.7955182156e+01    1.2130605094e+01   -8.5458330366e+00    3.5145238277e+00   -6.5057734729e+00   -3.6418099474e+01    2.0354744907e+04    4.8427429600e-01    9.9907875989e-01
       187   -3.5830434902e+01    1.2844918764e+03   -4.7851306141e+01    1.2020871239e+01   -8.6681115206e+00    3.7353632967e+00   -6.5004584434e+00   -3.6418099474e+01    2.0084221516e+04    4.9988810100e-01    9.9900037708e-01
       188   -3.5835592601e+01    1.2848806608e+03   -4.7897511956e+01    1.2061919355e+01   -8.6670110667e+00    3.6989541370e+00   -6.5113555525e+00   -3.6418099474e+01    2.0040132374e+04    4.9106086200e-01    9.9900699560e-01
       189   -3.5831023459e+01    1.2844916155e+03   -4.7902759383e+01    1.2071735924e+01   -8.6694964506e+00    3.6972909254e+00   -6.5124543833e+00   -3.6418099474e+01    1.9940916167e+04    4.8106641900e-01    9.9900923046e-01
       190   -3.5822063899e+01    1.2838831060e+03   -4.7891008257e+01    1.2068944358e+01   -8.7047909795e+00    3.7385574681e+00   -6.5066752714e+00   -3.6418099474e+01    1.9914663454e+04    5.0107984300e-01    9.9893623128e-01
       191   -3.5835499900e+01    1.2848313437e+03   -4.7816442946e+01    1.1980943046e+01   -8.7136228900e+00    3.8357137168e+00   -6.5204342989e+00   -3.6418099474e+01    1.9839890133e+04    5.0097327200e-01    9.9898427426e-01
       192   -3.5835277771e+01    1.2848361470e+03   -4.7871434921e+01    1.2036157150e+01   -8.7444433785e+00    3.7928499046e+00   -6.5017419729e+00   -3.6418099474e+01    1.9959539353e+04    5.3092734000e-01    9.9902086436e-01
       193   -3.5835763834e+01    1.2848900642e+03   -4.7911056406e+01    1.2075292572e+01   -8.7387057618e+00    3.7386458257e+00   -6.4928969956e+00   -3.6418099474e+01    2.0065262106e+04    4.8110761100e-01    9.9901179437e-01
       194   -3.5831958261e+01    1.2846243406e+03   -4.7956385322e+01    1.2124427061e+01   -8.8301961265e+00    3.7885944362e+00   -6.4966841575e+00   -3.6418099474e+01    2.0170086444e+04    5.0910830900e-01    9.9907371329e-01
       195   -3.5835006560e+01    1.2848014836e+03   -4.7900566718e+01    1.2065560159e+01   -8.8285394261e+00    3.8295221850e+00   -6.4834500032e+00   -3.6418099474e+01    2.0185228357e+04    4.9255220800e-01    9.9904608523e-01
       196   -3.5826422981e+01    1.2842012570e+03   -4.7995913760e+01    1.2169490779e+01   -8.7926723208e+00    3.6845357896e+00   -6.4696777546e+00   -3.6418099474e+01    2.0192932345e+04    5.0474728100e-01    9.9906066245e-01
       197   -3.5823892951e+01    1.2840319090e+03   -4.7989734615e+01    1.2165841664e+01   -8.7683064583e+00    3.6396185784e+00   -6.4429472615e+00   -3.6418099474e+01    2.0216107392e+04    4.8200329300e-01    9.9903527433e-01
       198   -3.5809387635e+01    1.2829829881e+03   -4.7959006970e+01    1.2149619335e+01   -8.7575086439e+00    3.6636859071e+00   -6.4470847588e+00   -3.6418099474e+01    2.0175336467e+04    5.1691272900e-01    9.9900867410e-01
       199   -3.5813297837e+01    1.2832608385e+03   -4.7979803900e+01    1.2166506063e+01   -8.7437152352e+00    3.6297632863e+00   -6.4477524765e+00   -3.6418099474e+01    2.0227827502e+04    4.7962785400e-01    9.9903064504e-01
