# Index          LocalEnergy            Variance              Weight        NumOfWalkers      AvgSentWalkers         TrialEnergy             DiffEff      LivingFraction
         0   -3.4963030658e+01    9.9182218795e-01    2.0484420779e+03    2.0480000000e+03    0.0000000000e+00   -3.4941322642e+01    9.9530534311e-01    1.0000000000e+00
         1   -3.4976687681e+01    9.8836758686e-01    2.0482804617e+03    2.0480000000e+03    0.0000000000e+00   -3.4973822410e+01    9.9533738809e-01    9.8632812500e-01
         2   -3.5001397591e+01    1.0069512647e+00    2.0472274100e+03    2.0470000000e+03    6.2500000000e-01   -3.4983534420e+01    9.9519689022e-01    9.9413776258e-01
         3   -3.4993799242e+01    9.9722927373e-01    2.0566417608e+03    2.0560000000e+03    5.6250000000e-01   -3.4982531972e+01    9.9540242383e-01    9.9270428016e-01
         4   -3.4999944925e+01    9.3923513877e-01    2.0465987263e+03    2.0550000000e+03    3.1250000000e-01   -3.5204335850e+01    9.9469963802e-01    9.9075425791e-01
         5   -3.5006674744e+01    9.8788603780e-01    2.0465091787e+03    2.0450000000e+03    4.3750000000e-01   -3.4965722432e+01    9.9548227884e-01    9.9119804401e-01
         6   -3.5010801336e+01    9.8121793025e-01    2.0446727069e+03    2.0430000000e+03    5.0000000000e-01   -3.4970264486e+01    9.9461511969e-01    9.9216837983e-01
         7   -3.5025896630e+01    8.9619808770e-01    2.0497766445e+03    2.0460000000e+03    5.6250000000e-01   -3.4929502534e+01    9.9546053923e-01    9.8973607038e-01
         8   -3.5064085958e+01    8.9040072768e-01    2.0411554939e+03    2.0420000000e+03    5.0000000000e-01   -3.5069252936e+01    9.9534968491e-01    9.9706170421e-01
         9   -3.5059493797e+01    9.1903352830e-01    2.0596862013e+03    2.0530000000e+03    3.7500000000e-01   -3.4896703904e+01    9.9490037602e-01    9.9269361909e-01
        10   -3.5062725917e+01    9.2262816179e-01    2.0445007663e+03    2.0560000000e+03    5.0000000000e-01   -3.5343990525e+01    9.9550751674e-01    9.9124513619e-01
        11   -3.5061645376e+01    8.8971490208e-01    2.0503467817e+03    2.0470000000e+03    3.7500000000e-01   -3.4977222340e+01    9.9543288773e-01    9.8974108451e-01
        12   -3.5046730948e+01    8.7413333700e-01    2.0394616459e+03    2.0420000000e+03    6.2500000000e-01   -3.5118907051e+01    9.9453231997e-01    9.9412340842e-01
        13   -3.5061714459e+01    8.9101157792e-01    2.0477172165e+03    2.0390000000e+03    5.6250000000e-01   -3.4837839286e+01    9.9517152923e-01    9.9754781756e-01
        14   -3.5073223468e+01    8.9200096377e-01    2.0575167384e+03    2.0570000000e+03    3.7500000000e-01   -3.5054810089e+01    9.9564748433e-01    9.9319397180e-01
        15   -3.5071399046e+01    8.4123720496e-01    2.0504997880e+03    2.0600000000e+03    5.6250000000e-01   -3.5305027551e+01    9.9488448887e-01    9.9174757282e-01
        16   -3.5103755481e+01    8.2505866393e-01    2.0552094556e+03    2.0570000000e+03    2.5000000000e-01   -3.5132391810e+01    9.9493714105e-01    9.9222168206e-01
        17   -3.5109084933e+01    8.6773757668e-01    2.0459292091e+03    2.0530000000e+03    5.6250000000e-01   -3.5279458503e+01    9.9640422906e-01    9.9171943497e-01
        18   -3.5110018950e+01    8.4133958983e-01    2.0571706910e+03    2.0550000000e+03    4.3750000000e-01   -3.5058502936e+01    9.9416868250e-01    9.9464720195e-01
        19   -3.5113373369e+01    8.4267820682e-01    2.0499458647e+03    2.0590000000e+03    3.1250000000e-01   -3.5333412981e+01    9.9548669998e-01    9.8980087421e-01
        20   -3.5124312355e+01    8.0952411358e-01    2.0474268060e+03    2.0490000000e+03    4.3750000000e-01   -3.5160857276e+01    9.9473900231e-01    9.9121522694e-01
        21   -3.5161618493e+01    8.2304196314e-01    2.0447849903e+03    2.0440000000e+03    3.7500000000e-01   -3.5124032436e+01    9.9543197334e-01    9.9217221135e-01
        22   -3.5154735341e+01    8.0748470922e-01    2.0386427340e+03    2.0380000000e+03    4.3750000000e-01   -3.5141394362e+01    9.9497850027e-01    9.9362119725e-01
        23   -3.5150346004e+01    8.5365706980e-01    2.0322970235e+03    2.0320000000e+03    3.1250000000e-01   -3.5142309283e+01    9.9535270775e-01    9.9163385827e-01
        24   -3.5161204920e+01    8.0026642843e-01    2.0286428180e+03    2.0280000000e+03    3.7500000000e-01   -3.5140056033e+01    9.9529534708e-01    9.9506903353e-01
        25   -3.5135476257e+01    8.1425530286e-01    2.0352580198e+03    2.0350000000e+03    5.0000000000e-01   -3.5140946723e+01    9.9530521530e-01    9.9361179361e-01
        26   -3.5156320859e+01    8.2494252055e-01    2.0311326861e+03    2.0310000000e+03    3.7500000000e-01   -3.5141707790e+01    9.9510413524e-01    9.9310684392e-01
        27   -3.5139718801e+01    7.5370894125e-01    2.0342911092e+03    2.0340000000e+03    3.1250000000e-01   -3.5140874794e+01    9.9505735304e-01    9.9557522124e-01
        28   -3.5116735416e+01    8.0585376930e-01    2.0343802229e+03    2.0350000000e+03    3.1250000000e-01   -3.5141250331e+01    9.9519261406e-01    9.9361179361e-01
        29   -3.5130153871e+01    7.9948017255e-01    2.0364236621e+03    2.0370000000e+03    5.0000000000e-01   -3.5137824001e+01    9.9565032925e-01    9.9312714777e-01
        30   -3.5157549626e+01    7.7677403183e-01    2.0353109316e+03    2.0350000000e+03    3.7500000000e-01   -3.5137393687e+01    9.9573926216e-01    9.9115479115e-01
        31   -3.5163975496e+01    8.1578480516e-01    2.0248416981e+03    2.0240000000e+03    5.6250000000e-01   -3.5138164160e+01    9.9552941497e-01    9.9357707510e-01
        32   -3.5159483955e+01    7.6885645311e-01    2.0251084073e+03    2.0240000000e+03    5.0000000000e-01   -3.5134640103e+01    9.9598426402e-01    9.9505928854e-01
        33   -3.5171598503e+01    7.6149252566e-01    2.0291483549e+03    2.0280000000e+03    4.3750000000e-01   -3.5135808095e+01    9.9563349622e-01    9.9506903353e-01
        34   -3.5178552893e+01    7.5918127427e-01    2.0353998802e+03    2.0340000000e+03    5.0000000000e-01   -3.5139554604e+01    9.9509552951e-01    9.9360865290e-01
        35   -3.5175069221e+01    7.7470124340e-01    2.0342557400e+03    2.0330000000e+03    3.7500000000e-01   -3.5144614113e+01    9.9499505610e-01    9.9754058042e-01
        36   -3.5173903937e+01    7.5319720829e-01    2.0440868089e+03    2.0430000000e+03    3.1250000000e-01   -3.5145569566e+01    9.9600793114e-01    9.9559471366e-01
        37   -3.5175188243e+01    7.4273205648e-01    2.0478875311e+03    2.0470000000e+03    3.7500000000e-01   -3.5151661314e+01    9.9557661200e-01    9.9511480215e-01
        38   -3.5185610881e+01    7.1240187346e-01    2.0490274175e+03    2.0480000000e+03    3.1250000000e-01   -3.5154719759e+01    9.9578712694e-01    9.9560546875e-01
        39   -3.5176075449e+01    7.2851696411e-01    2.0519337143e+03    2.0510000000e+03    5.6250000000e-01   -3.5156899178e+01    9.9525446909e-01    9.8976109215e-01
        40   -3.5175805029e+01    7.1514340030e-01    2.0437678192e+03    2.0430000000e+03    4.3750000000e-01   -3.5159300443e+01    9.9497614990e-01    9.9314733235e-01
        41   -3.5179773476e+01    7.4104331795e-01    2.0398909601e+03    2.0390000000e+03    3.7500000000e-01   -3.5156190203e+01    9.9561884133e-01    9.9362432565e-01
        42   -3.5186105268e+01    7.2653704485e-01    2.0380261869e+03    2.0370000000e+03    5.0000000000e-01   -3.5155269422e+01    9.9624481208e-01    9.9459990182e-01
        43   -3.5188683913e+01    7.5077450333e-01    2.0372511341e+03    2.0360000000e+03    3.7500000000e-01   -3.5155523046e+01    9.9483513965e-01    9.9312377210e-01
        44   -3.5185547719e+01    7.5051380924e-01    2.0352349411e+03    2.0340000000e+03    3.1250000000e-01   -3.5156320967e+01    9.9524361657e-01    9.9360865290e-01
        45   -3.5196628933e+01    7.6217430329e-01    2.0394409026e+03    2.0380000000e+03    5.0000000000e-01   -3.5156289392e+01    9.9527557941e-01    9.9411187439e-01
        46   -3.5182373431e+01    7.6078895644e-01    2.0432294950e+03    2.0420000000e+03    4.3750000000e-01   -3.5159664875e+01    9.9559854461e-01    9.9706170421e-01
        47   -3.5158431640e+01    7.5020635016e-01    2.0523635183e+03    2.0520000000e+03    2.5000000000e-01   -3.5162206760e+01    9.9555147936e-01    9.9512670565e-01
        48   -3.5178079690e+01    7.6275050680e-01    2.0489459872e+03    2.0490000000e+03    3.1250000000e-01   -3.5166449069e+01    9.9578262288e-01    9.9219131284e-01
        49   -3.5176363174e+01    7.2300791056e-01    2.0485999219e+03    2.0480000000e+03    5.6250000000e-01   -3.5165256961e+01    9.9610057598e-01    9.9560546875e-01
        50   -3.5177159303e+01    7.5402583756e-01    2.0554261584e+03    2.0550000000e+03    3.7500000000e-01   -3.5165473648e+01    9.9548758180e-01    9.9464720195e-01
        51   -3.5187906151e+01    7.3153582953e-01    2.0625435628e+03    2.0620000000e+03    5.6250000000e-01   -3.5169186660e+01    9.9569802644e-01    9.9321047527e-01
        52   -3.5183044518e+01    7.2846191502e-01    2.0665444364e+03    2.0660000000e+03    4.3750000000e-01   -3.5173341511e+01    9.9530531810e-01    9.9322362052e-01
        53   -3.5201047339e+01    7.4599068705e-01    2.0616375818e+03    2.0610000000e+03    4.3750000000e-01   -3.5175787871e+01    9.9510173430e-01    9.9369238234e-01
        54   -3.5209557934e+01    6.9471559307e-01    2.0652888704e+03    2.0640000000e+03    3.7500000000e-01   -3.5174418670e+01    9.9543512411e-01    9.9515503876e-01
        55   -3.5208622583e+01    6.9371433614e-01    2.0703291817e+03    2.0690000000e+03    4.3750000000e-01   -3.5177381771e+01    9.9396301747e-01    9.9516674722e-01
        56   -3.5203830169e+01    7.0969386745e-01    2.0709989962e+03    2.0700000000e+03    3.7500000000e-01   -3.5180920596e+01    9.9462395132e-01    9.9420289855e-01
        57   -3.5217702287e+01    7.0559668669e-01    2.0711615233e+03    2.0700000000e+03    5.0000000000e-01   -3.5182156331e+01    9.9472236352e-01    9.9227053140e-01
        58   -3.5244615763e+01    7.2133046481e-01    2.0629665724e+03    2.0610000000e+03    5.0000000000e-01   -3.5183464104e+01    9.9546383645e-01    9.9466278506e-01
        59   -3.5242792549e+01    7.0993048357e-01    2.0706347448e+03    2.0680000000e+03    3.7500000000e-01   -3.5181355909e+01    9.9538998762e-01    9.9274661509e-01
        60   -3.5252242350e+01    7.2362936120e-01    2.0715332540e+03    2.0690000000e+03    5.0000000000e-01   -3.5186784028e+01    9.9498951952e-01    9.9323344611e-01
        61   -3.5248450977e+01    7.2355486459e-01    2.0675388269e+03    2.0650000000e+03    3.1250000000e-01   -3.5189082493e+01    9.9447035288e-01    9.9418886199e-01
        62   -3.5237611182e+01    7.4237826279e-01    2.0651781813e+03    2.0630000000e+03    3.7500000000e-01   -3.5188837952e+01    9.9530205688e-01    9.9321376636e-01
        63   -3.5241505450e+01    7.0761346103e-01    2.0721244634e+03    2.0700000000e+03    5.6250000000e-01   -3.5189050614e+01    9.9550451767e-01    9.9178743961e-01
        64   -3.5247465703e+01    7.1208601683e-01    2.0701456858e+03    2.0680000000e+03    5.0000000000e-01   -3.5193790488e+01    9.9462190458e-01    9.9419729207e-01
        65   -3.5252998355e+01    7.0483076754e-01    2.0713094611e+03    2.0690000000e+03    4.3750000000e-01   -3.5194288101e+01    9.9563886251e-01    9.9275012083e-01
        66   -3.5247423156e+01    7.1982856772e-01    2.0693183347e+03    2.0670000000e+03    3.7500000000e-01   -3.5196360234e+01    9.9539364941e-01    9.9371069182e-01
        67   -3.5218914620e+01    7.0295142107e-01    2.0705508281e+03    2.0690000000e+03    5.6250000000e-01   -3.5196725721e+01    9.9606343378e-01    9.8985016916e-01
        68   -3.5230524885e+01    6.9013626764e-01    2.0571556222e+03    2.0560000000e+03    4.3750000000e-01   -3.5197999157e+01    9.9477897679e-01    9.9319066148e-01
        69   -3.5259965184e+01    7.1875106974e-01    2.0581340528e+03    2.0560000000e+03    4.3750000000e-01   -3.5192396026e+01    9.9507482379e-01    9.9610894942e-01
        70   -3.5254339186e+01    7.3210563868e-01    2.0594851332e+03    2.0570000000e+03    3.7500000000e-01   -3.5194312131e+01    9.9517837340e-01    9.9319397180e-01
        71   -3.5238325903e+01    7.1826249135e-01    2.0611460829e+03    2.0590000000e+03    5.0000000000e-01   -3.5196242161e+01    9.9526456435e-01    9.9562894609e-01
        72   -3.5248115628e+01    7.0591010188e-01    2.0628154445e+03    2.0610000000e+03    3.1250000000e-01   -3.5197965171e+01    9.9509532964e-01    9.9223677826e-01
        73   -3.5260576097e+01    7.5387862546e-01    2.0633238327e+03    2.0610000000e+03    5.0000000000e-01   -3.5199841723e+01    9.9516238101e-01    9.9272197962e-01
        74   -3.5240383526e+01    7.2311364388e-01    2.0619939489e+03    2.0600000000e+03    4.3750000000e-01   -3.5201346339e+01    9.9554138057e-01    9.9417475728e-01
        75   -3.5239970415e+01    7.2878877865e-01    2.0696480840e+03    2.0680000000e+03    5.0000000000e-01   -3.5201546900e+01    9.9479238308e-01    9.9274661509e-01
        76   -3.5226949146e+01    7.5184102899e-01    2.0630808629e+03    2.0620000000e+03    4.3750000000e-01   -3.5206059771e+01    9.9548716933e-01    9.9515033948e-01
        77   -3.5244835990e+01    7.4264410596e-01    2.0682805736e+03    2.0670000000e+03    5.0000000000e-01   -3.5203432568e+01    9.9538314078e-01    9.9467827770e-01
        78   -3.5252398115e+01    7.0980632825e-01    2.0726755202e+03    2.0710000000e+03    6.2500000000e-01   -3.5206790106e+01    9.9545718243e-01    9.9420569773e-01
        79   -3.5236294160e+01    7.5311960469e-01    2.0734063100e+03    2.0720000000e+03    3.7500000000e-01   -3.5209852812e+01    9.9587349915e-01    9.9034749035e-01
        80   -3.5244935735e+01    7.3670802965e-01    2.0663385535e+03    2.0650000000e+03    5.6250000000e-01   -3.5210845632e+01    9.9467765784e-01    9.9176755448e-01
        81   -3.5266879335e+01    7.3335515818e-01    2.0599585805e+03    2.0580000000e+03    4.3750000000e-01   -3.5208192014e+01    9.9520130133e-01    9.9271137026e-01
        82   -3.5289418878e+01    7.6482923214e-01    2.0599889778e+03    2.0570000000e+03    4.3750000000e-01   -3.5206190016e+01    9.9592865102e-01    9.9465240642e-01
        83   -3.5279170169e+01    7.4152392382e-01    2.0661588878e+03    2.0630000000e+03    5.0000000000e-01   -3.5207618280e+01    9.9553934256e-01    9.9660688318e-01
        84   -3.5276313551e+01    7.5161331042e-01    2.0747359071e+03    2.0720000000e+03    2.5000000000e-01   -3.5211818122e+01    9.9587533959e-01    9.9613899614e-01
        85   -3.5264608925e+01    6.9517327892e-01    2.0760959497e+03    2.0740000000e+03    3.1250000000e-01   -3.5217088766e+01    9.9477109638e-01    9.9469623915e-01
        86   -3.5261910399e+01    6.9439541073e-01    2.0818465490e+03    2.0800000000e+03    3.1250000000e-01   -3.5218660597e+01    9.9573532105e-01    9.9423076923e-01
        87   -3.5261860318e+01    6.9382377864e-01    2.0835756949e+03    2.0820000000e+03    5.0000000000e-01   -3.5222275563e+01    9.9507095142e-01    9.8943323727e-01
        88   -3.5276650828e+01    7.1109860758e-01    2.0769620916e+03    2.0750000000e+03    5.0000000000e-01   -3.5223928982e+01    9.9463207234e-01    9.9373493976e-01
        89   -3.5283701649e+01    7.3504520284e-01    2.0804142071e+03    2.0780000000e+03    3.1250000000e-01   -3.5221763449e+01    9.9507450908e-01    9.9278152069e-01
        90   -3.5297498412e+01    7.3171058351e-01    2.0827072831e+03    2.0800000000e+03    5.0000000000e-01   -3.5224509608e+01    9.9514746945e-01    9.9471153846e-01
        91   -3.5300849497e+01    7.6351269863e-01    2.0849892505e+03    2.0820000000e+03    4.3750000000e-01   -3.5226860406e+01    9.9547583912e-01    9.9375600384e-01
        92   -3.5281781401e+01    6.8533977463e-01    2.0845414158e+03    2.0820000000e+03    4.3750000000e-01   -3.5229216508e+01    9.9564434151e-01    9.9663784822e-01
        93   -3.5272526003e+01    7.1977217408e-01    2.0858416443e+03    2.0840000000e+03    3.1250000000e-01   -3.5229966967e+01    9.9495365491e-01    9.9328214971e-01
        94   -3.5273697428e+01    7.2518587455e-01    2.0908006605e+03    2.0890000000e+03    6.2500000000e-01   -3.5231404632e+01    9.9576813154e-01    9.9377692676e-01
        95   -3.5287775660e+01    7.1622955929e-01    2.0928766143e+03    2.0910000000e+03    5.0000000000e-01   -3.5234587296e+01    9.9529775981e-01    9.9330463893e-01
        96   -3.5287887894e+01    7.1211914074e-01    2.0931429135e+03    2.0910000000e+03    4.3750000000e-01   -3.5236551699e+01    9.9567065137e-01    9.9473935916e-01
        97   -3.5266353896e+01    6.6611637842e-01    2.0936524184e+03    2.0920000000e+03    5.0000000000e-01   -3.5237627139e+01    9.9560540907e-01    9.9187380497e-01
        98   -3.5259183435e+01    6.4290405251e-01    2.0870500918e+03    2.0860000000e+03    4.3750000000e-01   -3.5238518343e+01    9.9550047871e-01    9.9616490892e-01
        99   -3.5277462955e+01    6.7923431759e-01    2.0902626087e+03    2.0890000000e+03    4.3750000000e-01   -3.5235900515e+01    9.9447858918e-01    9.9329822882e-01
       100   -3.5281383735e+01    6.6888960412e-01    2.0866949973e+03    2.0850000000e+03    4.3750000000e-01   -3.5238194223e+01    9.9541679485e-01    9.9184652278e-01
       101   -3.5281516433e+01    6.7926890406e-01    2.0838721727e+03    2.0820000000e+03    6.2500000000e-01   -3.5237271365e+01    9.9506198421e-01    9.9615754083e-01
       102   -3.5271985833e+01    6.5431503549e-01    2.0916589697e+03    2.0900000000e+03    3.7500000000e-01   -3.5236685516e+01    9.9500305773e-01    9.9138755981e-01
       103   -3.5287352309e+01    6.8978107938e-01    2.0836175358e+03    2.0820000000e+03    4.3750000000e-01   -3.5241049759e+01    9.9530824425e-01    9.9567723343e-01
       104   -3.5291730711e+01    6.8312531183e-01    2.0850795099e+03    2.0830000000e+03    5.0000000000e-01   -3.5238000163e+01    9.9591087316e-01    9.9231877100e-01
       105   -3.5264143381e+01    7.2804875881e-01    2.0826516723e+03    2.0810000000e+03    3.7500000000e-01   -3.5239536538e+01    9.9533614181e-01    9.9423354157e-01
       106   -3.5270344957e+01    7.6858622170e-01    2.0781204107e+03    2.0770000000e+03    5.0000000000e-01   -3.5238866243e+01    9.9578746963e-01    9.9325950891e-01
       107   -3.5254900134e+01    7.7549440141e-01    2.0759980378e+03    2.0750000000e+03    5.6250000000e-01   -3.5237242832e+01    9.9482185996e-01    9.9180722892e-01
       108   -3.5267073725e+01    7.4227044853e-01    2.0771691031e+03    2.0760000000e+03    4.3750000000e-01   -3.5236587578e+01    9.9528127174e-01    9.8940269750e-01
       109   -3.5270101954e+01    7.9350539816e-01    2.0681275199e+03    2.0670000000e+03    3.7500000000e-01   -3.5237646622e+01    9.9544584745e-01    9.9516207063e-01
       110   -3.5293588299e+01    7.5049417563e-01    2.0727928402e+03    2.0710000000e+03    4.3750000000e-01   -3.5233802033e+01    9.9488161353e-01    9.9275712216e-01
       111   -3.5287546663e+01    7.2160887378e-01    2.0742315468e+03    2.0720000000e+03    3.7500000000e-01   -3.5236819774e+01    9.9501799752e-01    9.9565637066e-01
       112   -3.5272952926e+01    7.4011296687e-01    2.0726723734e+03    2.0710000000e+03    4.3750000000e-01   -3.5238195799e+01    9.9592617092e-01    9.9758570739e-01
       113   -3.5258491535e+01    7.0925141300e-01    2.0741273414e+03    2.0730000000e+03    1.8750000000e-01   -3.5237954412e+01    9.9593974118e-01    9.9517607332e-01
       114   -3.5270517068e+01    6.9578472220e-01    2.0760204510e+03    2.0750000000e+03    4.3750000000e-01   -3.5239002017e+01    9.9482994580e-01    9.9518072289e-01
       115   -3.5291949478e+01    7.0211521065e-01    2.0847885216e+03    2.0830000000e+03    5.0000000000e-01   -3.5240379504e+01    9.9525409541e-01    9.9519923188e-01
       116   -3.5289453911e+01    6.7833049800e-01    2.0898993618e+03    2.0880000000e+03    5.0000000000e-01   -3.5245272849e+01    9.9512453626e-01    9.9377394636e-01
       117   -3.5293919918e+01    7.4888083168e-01    2.0887411000e+03    2.0870000000e+03    4.3750000000e-01   -3.5248360358e+01    9.9561684815e-01    9.9520843316e-01
       118   -3.5268934565e+01    7.1621550160e-01    2.0943448945e+03    2.0930000000e+03    3.1250000000e-01   -3.5248477534e+01    9.9497045797e-01    9.9139990444e-01
       119   -3.5264266099e+01    7.4957411027e-01    2.0866781200e+03    2.0860000000e+03    4.3750000000e-01   -3.5251562404e+01    9.9508132656e-01    9.9424736337e-01
       120   -3.5270078237e+01    7.6462613660e-01    2.0837285789e+03    2.0830000000e+03    4.3750000000e-01   -3.5248245792e+01    9.9507098164e-01    9.9663946231e-01
       121   -3.5290033696e+01    7.0461420294e-01    2.0882863354e+03    2.0870000000e+03    3.7500000000e-01   -3.5247232689e+01    9.9490429100e-01    9.9377096310e-01
       122   -3.5263383693e+01    6.9353164219e-01    2.0860859885e+03    2.0850000000e+03    3.1250000000e-01   -3.5250006787e+01    9.9597700833e-01    9.9328537170e-01
       123   -3.5286441993e+01    6.8885370426e-01    2.0902731748e+03    2.0890000000e+03    4.3750000000e-01   -3.5249271570e+01    9.9553609177e-01    9.9234083293e-01
       124   -3.5306786622e+01    7.2418794015e-01    2.0899031684e+03    2.0880000000e+03    5.0000000000e-01   -3.5251811335e+01    9.9526228758e-01    9.9521072797e-01
       125   -3.5296550678e+01    7.2162669950e-01    2.0930594451e+03    2.0910000000e+03    1.2500000000e-01   -3.5252352462e+01    9.9574027552e-01    9.9521759923e-01
       126   -3.5321966782e+01    7.3313750473e-01    2.0983043958e+03    2.0960000000e+03    3.1250000000e-01   -3.5254469613e+01    9.9488373296e-01    9.9379770992e-01
       127   -3.5316517034e+01    7.1632693791e-01    2.0945239106e+03    2.0920000000e+03    4.3750000000e-01   -3.5257806564e+01    9.9506899349e-01    9.9426386233e-01
       128   -3.5324641080e+01    7.0988571854e-01    2.0987276368e+03    2.0960000000e+03    5.0000000000e-01   -3.5256771553e+01    9.9560229759e-01    9.9475190840e-01
       129   -3.5321753838e+01    6.7860271089e-01    2.0935755929e+03    2.0910000000e+03    1.8750000000e-01   -3.5259605285e+01    9.9552374929e-01    9.9378287901e-01
       130   -3.5323702070e+01    6.7142076595e-01    2.0916578727e+03    2.0890000000e+03    4.3750000000e-01   -3.5257934844e+01    9.9491980964e-01    9.9377692676e-01
       131   -3.5341944294e+01    6.9048430290e-01    2.0860815496e+03    2.0830000000e+03    3.1250000000e-01   -3.5257809205e+01    9.9548851636e-01    9.9711953913e-01
       132   -3.5336457253e+01    6.9002849598e-01    2.1004494184e+03    2.0970000000e+03    3.7500000000e-01   -3.5256079202e+01    9.9534833243e-01    9.9284692418e-01
       133   -3.5332282517e+01    7.0695629915e-01    2.0948944646e+03    2.0920000000e+03    5.0000000000e-01   -3.5263817435e+01    9.9565001858e-01    9.9713193117e-01
       134   -3.5341199206e+01    6.9149957885e-01    2.1010144823e+03    2.0980000000e+03    5.6250000000e-01   -3.5261991674e+01    9.9468256968e-01    9.9523355577e-01
       135   -3.5316825849e+01    6.6764307445e-01    2.1086756948e+03    2.1060000000e+03    4.3750000000e-01   -3.5265794437e+01    9.9456449917e-01    9.9810066477e-01
       136   -3.5315682578e+01    6.6361897174e-01    2.1228712412e+03    2.1210000000e+03    3.7500000000e-01   -3.5270094482e+01    9.9517884009e-01    9.9528524281e-01
       137   -3.5315146475e+01    6.6564819315e-01    2.1266267987e+03    2.1250000000e+03    4.3750000000e-01   -3.5277443079e+01    9.9510512745e-01    9.9247058824e-01
       138   -3.5311831722e+01    6.7387717840e-01    2.1244504372e+03    2.1230000000e+03    6.2500000000e-01   -3.5279834417e+01    9.9406623942e-01    9.9528968441e-01
       139   -3.5315263693e+01    7.2326390091e-01    2.1304475430e+03    2.1290000000e+03    5.6250000000e-01   -3.5279395974e+01    9.9482179248e-01    9.9389384688e-01
       140   -3.5315573351e+01    7.9886831437e-01    2.1293266752e+03    2.1280000000e+03    2.5000000000e-01   -3.5282819204e+01    9.9563300614e-01    9.9248120301e-01
       141   -3.5311820563e+01    7.4380682044e-01    2.1232265373e+03    2.1220000000e+03    5.6250000000e-01   -3.5282889827e+01    9.9594350040e-01    9.9010367578e-01
       142   -3.5316988214e+01    7.4193558787e-01    2.1165281351e+03    2.1150000000e+03    5.0000000000e-01   -3.5280577231e+01    9.9448347093e-01    9.9148936170e-01
       143   -3.5307379719e+01    7.3251926181e-01    2.1134653744e+03    2.1120000000e+03    5.0000000000e-01   -3.5278006724e+01    9.9632015568e-01    9.9431818182e-01
       144   -3.5298452861e+01    6.9347093382e-01    2.1191161320e+03    2.1180000000e+03    3.1250000000e-01   -3.5277060917e+01    9.9493470172e-01    9.9244570349e-01
       145   -3.5320351265e+01    6.9305330561e-01    2.1162516044e+03    2.1150000000e+03    4.3750000000e-01   -3.5280153899e+01    9.9487724646e-01    9.9479905437e-01
       146   -3.5337339003e+01    7.4173797282e-01    2.1180626721e+03    2.1160000000e+03    4.3750000000e-01   -3.5279391171e+01    9.9586178246e-01    9.9385633270e-01
       147   -3.5330593977e+01    7.4101446262e-01    2.1181721356e+03    2.1160000000e+03    4.3750000000e-01   -3.5280961009e+01    9.9447546617e-01    9.9291115312e-01
       148   -3.5321433157e+01    7.8120359649e-01    2.1139102657e+03    2.1120000000e+03    4.3750000000e-01   -3.5281663244e+01    9.9523674904e-01    9.9337121212e-01
       149   -3.5324678055e+01    7.7811892968e-01    2.1198516362e+03    2.1180000000e+03    3.7500000000e-01   -3.5280218622e+01    9.9478948426e-01    9.8866855524e-01
       150   -3.5318617301e+01    7.9984931977e-01    2.1106659960e+03    2.1090000000e+03    6.2500000000e-01   -3.5283610942e+01    9.9503137074e-01    9.9431009957e-01
       151   -3.5322882040e+01    7.7629915876e-01    2.1116911755e+03    2.1100000000e+03    5.0000000000e-01   -3.5279798822e+01    9.9625242640e-01    9.9431279621e-01
       152   -3.5316951614e+01    7.6920044326e-01    2.1146074010e+03    2.1130000000e+03    5.0000000000e-01   -3.5280839138e+01    9.9511776516e-01    9.9621391387e-01
       153   -3.5313871833e+01    7.4352710097e-01    2.1294674699e+03    2.1280000000e+03    3.1250000000e-01   -3.5282720965e+01    9.9519297591e-01    9.9201127820e-01
       154   -3.5336192937e+01    7.1762013505e-01    2.1325784088e+03    2.1310000000e+03    5.0000000000e-01   -3.5290195046e+01    9.9524161423e-01    9.9483810418e-01
       155   -3.5342536236e+01    1.0094983373e+00    2.1377337056e+03    2.1360000000e+03    4.3750000000e-01   -3.5292284555e+01    9.9515288895e-01    9.9625468165e-01
       156   -3.5320199557e+01    7.9851857169e-01    2.1402343635e+03    2.1390000000e+03    3.7500000000e-01   -3.5295366095e+01    9.9413576046e-01    9.9392239364e-01
       157   -3.5321014243e+01    7.7367441711e-01    2.1420286340e+03    2.1410000000e+03    3.7500000000e-01   -3.5297029459e+01    9.9493669472e-01    9.9346099953e-01
       158   -3.5311489485e+01    7.9746108185e-01    2.1478797998e+03    2.1470000000e+03    4.3750000000e-01   -3.5298360478e+01    9.9649928947e-01    9.9254774103e-01
       159   -3.5330382956e+01    7.8654898854e-01    2.1408546112e+03    2.1400000000e+03    5.0000000000e-01   -3.5301505754e+01    9.9490245206e-01    9.9485981308e-01
       160   -3.5334230168e+01    8.0355361220e-01    2.1424543010e+03    2.1410000000e+03    4.3750000000e-01   -3.5298776030e+01    9.9548184126e-01    9.9532928538e-01
       161   -3.5325211864e+01    7.5560174644e-01    2.1421765607e+03    2.1410000000e+03    3.7500000000e-01   -3.5300088897e+01    9.9553680645e-01    9.9299392807e-01
       162   -3.5333195553e+01    7.5027253963e-01    2.1382213218e+03    2.1370000000e+03    3.7500000000e-01   -3.5300453697e+01    9.9473082738e-01    9.9298081423e-01
       163   -3.5334076150e+01    7.5975759093e-01    2.1334320320e+03    2.1320000000e+03    3.7500000000e-01   -3.5299148987e+01    9.9509640498e-01    9.9202626642e-01
       164   -3.5357082315e+01    1.6853610472e+00    2.1366876173e+03    2.1350000000e+03    5.6250000000e-01   -3.5297448556e+01    9.9523482346e-01    9.9672131148e-01
       165   -3.5316599959e+01    7.6825174806e-01    2.1410788401e+03    2.1400000000e+03    4.3750000000e-01   -3.5299666495e+01    9.9605778246e-01    9.9392523364e-01
       166   -3.5309722897e+01    7.2560614181e-01    2.1424780328e+03    2.1420000000e+03    3.1250000000e-01   -3.5302125887e+01    9.9574701470e-01    9.9486461251e-01
       167   -3.5325955677e+01    7.5447862381e-01    2.1506633506e+03    2.1500000000e+03    5.0000000000e-01   -3.5303133207e+01    9.9559191522e-01    9.9302325581e-01
       168   -3.5328183553e+01    7.2970913863e-01    2.1498705563e+03    2.1490000000e+03    4.3750000000e-01   -3.5307405350e+01    9.9469786304e-01    9.9395067473e-01
       169   -3.5327556467e+01    7.1794383699e-01    2.1458371329e+03    2.1450000000e+03    3.7500000000e-01   -3.5307504378e+01    9.9475865410e-01    9.9440559441e-01
       170   -3.5327836102e+01    7.4935763649e-01    2.1428119441e+03    2.1420000000e+03    3.7500000000e-01   -3.5306083799e+01    9.9577580571e-01    9.9346405229e-01
       171   -3.5330817647e+01    7.2655015042e-01    2.1470739284e+03    2.1460000000e+03    4.3750000000e-01   -3.5305126112e+01    9.9516065304e-01    9.9534016775e-01
       172   -3.5327653041e+01    7.8565080709e-01    2.1518805682e+03    2.1510000000e+03    3.7500000000e-01   -3.5307579859e+01    9.9549315141e-01    9.9209669921e-01
       173   -3.5357280199e+01    8.4903336332e-01    2.1565892249e+03    2.1550000000e+03    6.2500000000e-01   -3.5310256020e+01    9.9555534227e-01    9.9303944316e-01
       174   -3.5356125905e+01    8.2729232845e-01    2.1538929723e+03    2.1520000000e+03    5.6250000000e-01   -3.5313068429e+01    9.9521050924e-01    9.9628252788e-01
       175   -3.5340867971e+01    8.4081607543e-01    2.1594921721e+03    2.1580000000e+03    3.7500000000e-01   -3.5312428515e+01    9.9573317968e-01    9.9397590361e-01
       176   -3.5353510109e+01    9.1141073236e-01    2.1612985791e+03    2.1600000000e+03    3.1250000000e-01   -3.5315530180e+01    9.9505561609e-01    9.9212962963e-01
       177   -3.5343765759e+01    9.0735852746e-01    2.1571500752e+03    2.1560000000e+03    3.7500000000e-01   -3.5316945876e+01    9.9511822072e-01    9.9304267161e-01
       178   -3.5362759672e+01    9.6035920706e-01    2.1585459251e+03    2.1570000000e+03    5.6250000000e-01   -3.5315535123e+01    9.9525104633e-01    9.9768196569e-01
       179   -3.5359716988e+01    8.4403472009e-01    2.1667305483e+03    2.1650000000e+03    3.1250000000e-01   -3.5316805571e+01    9.9573034764e-01    9.9445727483e-01
       180   -3.5352192117e+01    8.3792375790e-01    2.1603789556e+03    2.1590000000e+03    5.0000000000e-01   -3.5321186896e+01    9.9593510235e-01    9.9675775822e-01
       181   -3.5346293009e+01    8.5393183308e-01    2.1722529825e+03    2.1710000000e+03    3.7500000000e-01   -3.5318793788e+01    9.9532216039e-01    9.9309074159e-01
       182   -3.5357704423e+01    8.7421439728e-01    2.1752483208e+03    2.1740000000e+03    5.0000000000e-01   -3.5324774510e+01    9.9513207495e-01    9.9402023919e-01
       183   -3.5372100646e+01    9.1501094237e-01    2.1836991422e+03    2.1820000000e+03    4.3750000000e-01   -3.5326715849e+01    9.9552760277e-01    9.9358386801e-01
       184   -3.5354186516e+01    8.3920597493e-01    2.1893203949e+03    2.1880000000e+03    6.2500000000e-01   -3.5331237606e+01    9.9517427188e-01    9.9223034735e-01
       185   -3.5338630820e+01    8.4167579875e-01    2.1855899905e+03    2.1850000000e+03    4.3750000000e-01   -3.5334336399e+01    9.9440570168e-01    9.9496567506e-01
       186   -3.5345669419e+01    8.7117588969e-01    2.1852380375e+03    2.1850000000e+03    4.3750000000e-01   -3.5333058878e+01    9.9558534947e-01    9.9405034325e-01
       187   -3.5358432449e+01    8.3331387920e-01    2.1776654371e+03    2.1770000000e+03    3.1250000000e-01   -3.5333362698e+01    9.9529291792e-01    9.9540652274e-01
       188   -3.5331363337e+01    8.2694911372e-01    2.1805371983e+03    2.1800000000e+03    3.1250000000e-01   -3.5330426639e+01    9.9573618250e-01    9.8990825688e-01
       189   -3.5350322923e+01    7.7590504959e-01    2.1724334067e+03    2.1720000000e+03    3.7500000000e-01   -3.5332113299e+01    9.9546110053e-01    9.9769797422e-01
       190   -3.5334172426e+01    7.7765220473e-01    2.1784756622e+03    2.1780000000e+03    5.0000000000e-01   -3.5328865940e+01    9.9470522293e-01    9.9540863177e-01
       191   -3.5326641867e+01    8.4311967771e-01    2.1769026866e+03    2.1770000000e+03    4.3750000000e-01   -3.5332019379e+01    9.9581625844e-01    9.9448782729e-01
       192   -3.5318461267e+01    8.5743617329e-01    2.1845186899e+03    2.1850000000e+03    3.7500000000e-01   -3.5331624879e+01    9.9561906451e-01    9.9405034325e-01
       193   -3.5314915405e+01    8.0523353072e-01    2.1870586792e+03    2.1880000000e+03    5.0000000000e-01   -3.5335394063e+01    9.9525777090e-01    9.9223034735e-01
       194   -3.5311896523e+01    8.0687219620e-01    2.1749175614e+03    2.1760000000e+03    3.1250000000e-01   -3.5336809289e+01    9.9526651194e-01    9.9402573529e-01
       195   -3.5291144088e+01    8.1161246278e-01    2.1817488567e+03    2.1830000000e+03    3.1250000000e-01   -3.5331475512e+01    9.9506926944e-01    9.9221255153e-01
       196   -3.5315535572e+01    8.1899095456e-01    2.1725684062e+03    2.1740000000e+03    4.3750000000e-01   -3.5334724010e+01    9.9520342743e-01    9.8942042318e-01
       197   -3.5320544725e+01    7.9026694383e-01    2.1675784671e+03    2.1680000000e+03    4.3750000000e-01   -3.5330756301e+01    9.9527847397e-01    9.9446494465e-01
       198   -3.5334177061e+01    8.0595140284e-01    2.1708835513e+03    2.1710000000e+03    4.3750000000e-01   -3.5328731219e+01    9.9530034823e-01    9.9078765546e-01
       199   -3.5341646681e+01    7.6527800250e-01    2.1653560339e+03    2.1650000000e+03    5.0000000000e-01   -3.5330602285e+01    9.9544305172e-01    9.9584295612e-01
