#   index    LocalEnergy         LocalEnergy_sq      LocalPotential      Kinetic             LocalECP            NonLocalECP         ElecElec            IonIon              BlockWeight         BlockCPU            AcceptRatio         
         0   -3.6060011901e+01    1.3009977232e+03   -4.7802232594e+01    1.1742220693e+01   -8.5289133993e+00    3.6722317273e+00   -6.5274514474e+00   -3.6418099474e+01    2.0486018486e+04    2.0633805030e+00    9.9888436437e-01
         1   -3.6050825890e+01    1.3003448975e+03   -4.7808926828e+01    1.1758100938e+01   -8.4668401793e+00    3.6113243800e+00   -6.5353115544e+00   -3.6418099474e+01    2.0489269010e+04    2.0750453320e+00    9.9885528902e-01
         2   -3.6077015082e+01    1.3022425671e+03   -4.7746520315e+01    1.1669505233e+01   -8.5410550593e+00    3.7366539312e+00   -6.5240197124e+00   -3.6418099474e+01    2.0463275159e+04    2.0753984470e+00    9.9887623980e-01
         3   -3.6072514848e+01    1.3019035134e+03   -4.7803523901e+01    1.1731009052e+01   -8.5466494145e+00    3.6988183663e+00   -6.5375933784e+00   -3.6418099474e+01    2.0513927119e+04    2.1022433890e+00    9.9887712823e-01
         4   -3.6095791866e+01    1.3035898677e+03   -4.7788031354e+01    1.1692239487e+01   -8.4582849031e+00    3.6268048660e+00   -6.5384518424e+00   -3.6418099474e+01    2.0435900793e+04    2.0508776730e+00    9.9885683522e-01
         5   -3.6088155980e+01    1.3030509273e+03   -4.7817876915e+01    1.1729720936e+01   -8.5048298340e+00    3.6588797137e+00   -6.5538273208e+00   -3.6418099474e+01    2.0377152418e+04    2.0406956240e+00    9.9886415425e-01
         6   -3.6065777624e+01    1.3014295316e+03   -4.7740250210e+01    1.1674472586e+01   -8.5598481830e+00    3.7997488085e+00   -6.5620513611e+00   -3.6418099474e+01    2.0255954930e+04    2.0327864530e+00    9.9891042955e-01
         7   -3.6047643701e+01    1.3001111648e+03   -4.7603150273e+01    1.1555506572e+01   -8.5358951083e+00    3.9247730390e+00   -6.5739287301e+00   -3.6418099474e+01    2.0203879068e+04    2.0207805150e+00    9.9896605844e-01
         8   -3.6059002600e+01    1.3009546940e+03   -4.7703517593e+01    1.1644514993e+01   -8.4745628269e+00    3.7789090978e+00   -6.5897643899e+00   -3.6418099474e+01    2.0213568979e+04    2.0493301160e+00    9.9894521477e-01
         9   -3.6069539649e+01    1.3016949748e+03   -4.7845430927e+01    1.1775891279e+01   -8.4470812957e+00    3.5966150167e+00   -6.5768651743e+00   -3.6418099474e+01    2.0299446189e+04    2.0364083610e+00    9.9891790887e-01
        10   -3.6080999008e+01    1.3025438902e+03   -4.7958585702e+01    1.1877586694e+01   -8.4758254879e+00    3.5065662497e+00   -6.5712269894e+00   -3.6418099474e+01    2.0358655593e+04    2.0484225570e+00    9.9891046515e-01
        11   -3.6086852078e+01    1.3029435480e+03   -4.7947014862e+01    1.1860162784e+01   -8.5582858359e+00    3.5818189220e+00   -6.5524484739e+00   -3.6418099474e+01    2.0335967339e+04    2.0408449740e+00    9.9893728394e-01
        12   -3.6086637965e+01    1.3029544503e+03   -4.7847885650e+01    1.1761247686e+01   -8.5752100535e+00    3.7061514377e+00   -6.5607275602e+00   -3.6418099474e+01    2.0327809106e+04    2.0288434390e+00    9.9897201057e-01
        13   -3.6068217024e+01    1.3016299763e+03   -4.7717516851e+01    1.1649299827e+01   -8.5458595227e+00    3.8165263434e+00   -6.5700841978e+00   -3.6418099474e+01    2.0269740939e+04    2.0264402820e+00    9.9887231028e-01
        14   -3.6057332501e+01    1.3008607640e+03   -4.7728198441e+01    1.1670865940e+01   -8.5502300102e+00    3.7955919539e+00   -6.5554609102e+00   -3.6418099474e+01    2.0099462326e+04    2.0251770640e+00    9.9890364126e-01
        15   -3.6057160757e+01    1.3008163960e+03   -4.7722523222e+01    1.1665362465e+01   -8.5458241778e+00    3.7901029981e+00   -6.5487025681e+00   -3.6418099474e+01    2.0085555804e+04    2.0192454940e+00    9.9897044703e-01
        16   -3.6098177395e+01    1.3037779401e+03   -4.7775416805e+01    1.1677239410e+01   -8.4804059582e+00    3.6548905394e+00   -6.5318019115e+00   -3.6418099474e+01    2.0000359570e+04    2.0245634730e+00    9.9890486433e-01
        17   -3.6093430271e+01    1.3034165094e+03   -4.7798835537e+01    1.1705405266e+01   -8.4956396116e+00    3.6550828637e+00   -6.5401793149e+00   -3.6418099474e+01    2.0059041310e+04    2.0270324730e+00    9.9888854849e-01
        18   -3.6076591168e+01    1.3022448291e+03   -4.7782187801e+01    1.1705596633e+01   -8.4224893081e+00    3.6353095045e+00   -6.5769085234e+00   -3.6418099474e+01    2.0079379724e+04    2.0162419100e+00    9.9891834193e-01
        19   -3.6062643309e+01    1.3012166004e+03   -4.7756345535e+01    1.1693702226e+01   -8.4185161463e+00    3.6572228358e+00   -6.5769527507e+00   -3.6418099474e+01    2.0075306305e+04    2.0204497680e+00    9.9886313497e-01
        20   -3.6083690021e+01    1.3027328077e+03   -4.7802902048e+01    1.1719212027e+01   -8.5226671439e+00    3.7145954082e+00   -6.5767308378e+00   -3.6418099474e+01    2.0166909781e+04    2.0160313990e+00    9.9893009480e-01
        21   -3.6088799197e+01    1.3030832739e+03   -4.7756210677e+01    1.1667411481e+01   -8.5578963061e+00    3.8106336313e+00   -6.5908485285e+00   -3.6418099474e+01    2.0117100835e+04    2.0157314090e+00    9.9885634727e-01
        22   -3.6097044380e+01    1.3036455392e+03   -4.7773162156e+01    1.1676117776e+01   -8.4931255706e+00    3.7190851167e+00   -6.5810222275e+00   -3.6418099474e+01    2.0155649913e+04    2.0163584950e+00    9.9879640659e-01
        23   -3.6120688708e+01    1.3054341565e+03   -4.7841219384e+01    1.1720530675e+01   -8.4545597314e+00    3.6083614056e+00   -6.5769215835e+00   -3.6418099474e+01    2.0377028765e+04    2.0355005780e+00    9.9893384957e-01
        24   -3.6109370963e+01    1.3046510335e+03   -4.7878138451e+01    1.1768767488e+01   -8.4336555237e+00    3.5459084157e+00   -6.5722918688e+00   -3.6418099474e+01    2.0600183729e+04    2.0763903160e+00    9.9892831131e-01
        25   -3.6112974909e+01    1.3049058015e+03   -4.7837425930e+01    1.1724451021e+01   -8.4342524454e+00    3.5614415396e+00   -6.5465155501e+00   -3.6418099474e+01    2.0597169710e+04    2.0697108450e+00    9.9892121767e-01
        26   -3.6121193980e+01    1.3054931385e+03   -4.7785096460e+01    1.1663902480e+01   -8.5005134046e+00    3.6699312173e+00   -6.5364147985e+00   -3.6418099474e+01    2.0632551243e+04    2.0649752380e+00    9.9887970800e-01
        27   -3.6116917593e+01    1.3051754610e+03   -4.7880719513e+01    1.1763801921e+01   -8.5134893262e+00    3.5708565789e+00   -6.5199872918e+00   -3.6418099474e+01    2.0708417424e+04    2.0673765160e+00    9.9885805365e-01
        28   -3.6123180094e+01    1.3057092050e+03   -4.7801158918e+01    1.1677978824e+01   -8.5811177084e+00    3.7235165808e+00   -6.5254583167e+00   -3.6418099474e+01    2.0635453723e+04    2.0637565130e+00    9.9887467712e-01
        29   -3.6105478550e+01    1.3043538988e+03   -4.7760078781e+01    1.1654600231e+01   -8.6751889822e+00    3.8470427495e+00   -6.5138330742e+00   -3.6418099474e+01    2.0604643864e+04    2.0574654590e+00    9.9892694191e-01
        30   -3.6115062628e+01    1.3050825904e+03   -4.7787553746e+01    1.1672491118e+01   -8.7405903274e+00    3.8909914938e+00   -6.5198554380e+00   -3.6418099474e+01    2.0587451760e+04    2.0564609280e+00    9.9881837300e-01
        31   -3.6126808344e+01    1.3058676843e+03   -4.7822339068e+01    1.1695530724e+01   -8.7776600947e+00    3.8708139884e+00   -6.4973934871e+00   -3.6418099474e+01    2.0744638504e+04    2.0719657640e+00    9.9892542002e-01
        32   -3.6098510741e+01    1.3038087654e+03   -4.7873794858e+01    1.1775284116e+01   -8.6825891836e+00    3.7378898824e+00   -6.5109960823e+00   -3.6418099474e+01    2.0948547287e+04    2.0869873300e+00    9.9873002993e-01
        33   -3.6090574397e+01    1.3032312597e+03   -4.7774361985e+01    1.1683787588e+01   -8.6984229578e+00    3.8603565098e+00   -6.5181960625e+00   -3.6418099474e+01    2.0906057272e+04    2.0787216550e+00    9.9883855981e-01
        34   -3.6102522847e+01    1.3041116045e+03   -4.7816565793e+01    1.1714042946e+01   -8.6444334050e+00    3.7880381656e+00   -6.5420710795e+00   -3.6418099474e+01    2.0943932597e+04    2.0854623340e+00    9.9886954209e-01
        35   -3.6100386844e+01    1.3039652114e+03   -4.7798661393e+01    1.1698274549e+01   -8.6924002295e+00    3.8672138053e+00   -6.5553754948e+00   -3.6418099474e+01    2.1077479174e+04    2.1011726530e+00    9.9884628677e-01
        36   -3.6088521004e+01    1.3030724159e+03   -4.7823806754e+01    1.1735285750e+01   -8.6763982413e+00    3.8418023439e+00   -6.5711113819e+00   -3.6418099474e+01    2.1069782852e+04    2.0988676820e+00    9.9888668221e-01
        37   -3.6117060660e+01    1.3051351617e+03   -4.7837097194e+01    1.1720036534e+01   -8.6563973138e+00    3.8038270834e+00   -6.5664274897e+00   -3.6418099474e+01    2.1183559753e+04    2.1210907520e+00    9.9888566708e-01
        38   -3.6116941556e+01    1.3051395431e+03   -4.7906296946e+01    1.1789355389e+01   -8.6272180564e+00    3.6777585534e+00   -6.5387379685e+00   -3.6418099474e+01    2.1295185458e+04    2.1484990880e+00    9.9888151805e-01
        39   -3.6099458013e+01    1.3038976294e+03   -4.7875093284e+01    1.1775635271e+01   -8.6515935116e+00    3.7190264768e+00   -6.5244267753e+00   -3.6418099474e+01    2.1360974141e+04    2.1436365260e+00    9.9886679681e-01
        40   -3.6094382254e+01    1.3035453636e+03   -4.7816040356e+01    1.1721658102e+01   -8.6323715111e+00    3.7686427876e+00   -6.5342121581e+00   -3.6418099474e+01    2.1332595317e+04    2.1287646300e+00    9.9883189300e-01
        41   -3.6091149805e+01    1.3032868095e+03   -4.7759754904e+01    1.1668605099e+01   -8.5991348023e+00    3.7821646858e+00   -6.5246853129e+00   -3.6418099474e+01    2.1148159013e+04    2.1129807480e+00    9.9897018604e-01
        42   -3.6098866684e+01    1.3038173330e+03   -4.7708696185e+01    1.1609829501e+01   -8.5034691338e+00    3.7320381129e+00   -6.5191656899e+00   -3.6418099474e+01    2.1061360234e+04    2.1039811030e+00    9.9886411414e-01
        43   -3.6125598427e+01    1.3057840449e+03   -4.7774387996e+01    1.1648789569e+01   -8.4823853443e+00    3.6740076966e+00   -6.5479108743e+00   -3.6418099474e+01    2.1241567186e+04    2.1213308970e+00    9.9885671244e-01
        44   -3.6097514827e+01    1.3037540410e+03   -4.7746687950e+01    1.1649173123e+01   -8.4928283274e+00    3.7124046635e+00   -6.5481648114e+00   -3.6418099474e+01    2.1283133149e+04    2.1203807490e+00    9.9887774274e-01
        45   -3.6102091066e+01    1.3040594423e+03   -4.7760361830e+01    1.1658270763e+01   -8.4507906744e+00    3.6603426755e+00   -6.5518143566e+00   -3.6418099474e+01    2.1412251798e+04    2.1299286670e+00    9.9888788849e-01
        46   -3.6104563136e+01    1.3042423704e+03   -4.7731587223e+01    1.1627024087e+01   -8.4770628610e+00    3.7093224092e+00   -6.5457472968e+00   -3.6418099474e+01    2.1208144930e+04    2.1097735770e+00    9.9885346587e-01
        47   -3.6110355884e+01    1.3046637998e+03   -4.7740105450e+01    1.1629749566e+01   -8.4704951369e+00    3.6955346730e+00   -6.5470455119e+00   -3.6418099474e+01    2.1017775081e+04    2.0871484940e+00    9.9890070681e-01
        48   -3.6132415935e+01    1.3062638887e+03   -4.7705204463e+01    1.1572788528e+01   -8.3886426223e+00    3.6454551237e+00   -6.5439174900e+00   -3.6418099474e+01    2.1044191172e+04    2.0916986100e+00    9.9891543444e-01
        49   -3.6122100300e+01    1.3055165152e+03   -4.7769586031e+01    1.1647485731e+01   -8.4145884194e+00    3.5977631127e+00   -6.5346612501e+00   -3.6418099474e+01    2.0997805256e+04    2.0850302670e+00    9.9901856728e-01
        50   -3.6113622136e+01    1.3048983925e+03   -4.7728591134e+01    1.1614968998e+01   -8.4627558304e+00    3.7160311698e+00   -6.5637669990e+00   -3.6418099474e+01    2.1010574007e+04    2.0892271350e+00    9.9885099671e-01
        51   -3.6112127677e+01    1.3047841602e+03   -4.7789180993e+01    1.1677053316e+01   -8.4561225970e+00    3.6576895365e+00   -6.5726484585e+00   -3.6418099474e+01    2.0971333198e+04    2.0979400710e+00    9.9892378636e-01
        52   -3.6092604928e+01    1.3033839738e+03   -4.7801235327e+01    1.1708630399e+01   -8.4750968026e+00    3.6598333976e+00   -6.5678724475e+00   -3.6418099474e+01    2.1062656173e+04    2.1006500220e+00    9.9886427588e-01
        53   -3.6109404783e+01    1.3046188586e+03   -4.7671186304e+01    1.1561781521e+01   -8.4770190954e+00    3.7697189828e+00   -6.5457867173e+00   -3.6418099474e+01    2.0928118103e+04    2.0831468290e+00    9.9886526517e-01
        54   -3.6111855320e+01    1.3047704215e+03   -4.7626269833e+01    1.1514414513e+01   -8.5169048922e+00    3.8682978458e+00   -6.5595633121e+00   -3.6418099474e+01    2.0890120003e+04    2.0937467790e+00    9.9885630859e-01
        55   -3.6110007776e+01    1.3046577046e+03   -4.7668910635e+01    1.1558902859e+01   -8.5163656362e+00    3.8456213342e+00   -6.5800668591e+00   -3.6418099474e+01    2.0743548147e+04    2.0690623840e+00    9.9898077241e-01
        56   -3.6104259402e+01    1.3042202686e+03   -4.7703381895e+01    1.1599122493e+01   -8.5070955307e+00    3.7875856899e+00   -6.5657725800e+00   -3.6418099474e+01    2.0723280567e+04    2.0644887780e+00    9.9888672898e-01
        57   -3.6096088804e+01    1.3036168045e+03   -4.7695142005e+01    1.1599053201e+01   -8.5087923612e+00    3.7805845906e+00   -6.5488347601e+00   -3.6418099474e+01    2.0499435818e+04    2.0420652490e+00    9.9890243902e-01
        58   -3.6090047761e+01    1.3031673038e+03   -4.7582792996e+01    1.1492745235e+01   -8.5062360021e+00    3.9141374110e+00   -6.5725949310e+00   -3.6418099474e+01    2.0298564416e+04    2.0162839490e+00    9.9896717481e-01
        59   -3.6084695903e+01    1.3027925636e+03   -4.7677643666e+01    1.1592947763e+01   -8.4879612047e+00    3.7906362730e+00   -6.5622192600e+00   -3.6418099474e+01    2.0341138167e+04    2.0166553200e+00    9.9891498237e-01
        60   -3.6091910059e+01    1.3033236162e+03   -4.7781192799e+01    1.1689282740e+01   -8.4223081742e+00    3.6312849197e+00   -6.5720700706e+00   -3.6418099474e+01    2.0264967246e+04    2.0122666910e+00    9.9893019288e-01
        61   -3.6110153556e+01    1.3046778936e+03   -4.7753025445e+01    1.1642871889e+01   -8.4951497387e+00    3.6925895651e+00   -6.5323657975e+00   -3.6418099474e+01    2.0234018282e+04    2.0218955900e+00    9.9892834191e-01
        62   -3.6106691580e+01    1.3044149983e+03   -4.7726656930e+01    1.1619965350e+01   -8.4718414264e+00    3.6913441778e+00   -6.5280602071e+00   -3.6418099474e+01    2.0165059785e+04    2.0233679640e+00    9.9888570011e-01
        63   -3.6099704712e+01    1.3039354689e+03   -4.7792312231e+01    1.1692607519e+01   -8.4574922142e+00    3.6098669071e+00   -6.5265874502e+00   -3.6418099474e+01    2.0050514792e+04    2.0010685270e+00    9.9892390359e-01
        64   -3.6083313350e+01    1.3027099666e+03   -4.7725777458e+01    1.1642464108e+01   -8.4671282298e+00    3.7058492995e+00   -6.5463990534e+00   -3.6418099474e+01    2.0085355781e+04    1.9972872600e+00    9.9889926594e-01
        65   -3.6070547501e+01    1.3017737258e+03   -4.7686350045e+01    1.1615802544e+01   -8.4414830999e+00    3.7332982107e+00   -6.5600656811e+00   -3.6418099474e+01    1.9961793240e+04    1.9953247660e+00    9.9884244350e-01
        66   -3.6088599449e+01    1.3030728269e+03   -4.7772085835e+01    1.1683486386e+01   -8.4103768546e+00    3.6169452965e+00   -6.5605548032e+00   -3.6418099474e+01    2.0104398030e+04    2.0140824160e+00    9.9894289125e-01
        67   -3.6075769240e+01    1.3021914099e+03   -4.7801267537e+01    1.1725498297e+01   -8.4927253120e+00    3.6692291211e+00   -6.5596718716e+00   -3.6418099474e+01    2.0151495745e+04    2.0224285430e+00    9.9897209777e-01
        68   -3.6089678382e+01    1.3032382815e+03   -4.7745083374e+01    1.1655404993e+01   -8.4715479246e+00    3.7195578325e+00   -6.5749938080e+00   -3.6418099474e+01    2.0066789180e+04    2.0289895960e+00    9.9893554910e-01
        69   -3.6095887874e+01    1.3036679716e+03   -4.7793668778e+01    1.1697780904e+01   -8.5171616502e+00    3.7117308704e+00   -6.5701385243e+00   -3.6418099474e+01    2.0042241391e+04    2.0016511950e+00    9.9896803217e-01
        70   -3.6086945184e+01    1.3030279702e+03   -4.7737352484e+01    1.1650407300e+01   -8.5207508964e+00    3.7505825328e+00   -6.5490846462e+00   -3.6418099474e+01    2.0003936227e+04    1.9960648700e+00    9.9888934125e-01
        71   -3.6080441736e+01    1.3025900206e+03   -4.7683071555e+01    1.1602629819e+01   -8.5282881008e+00    3.8008983481e+00   -6.5375823279e+00   -3.6418099474e+01    1.9964972249e+04    1.9931347420e+00    9.9888186001e-01
        72   -3.6102447695e+01    1.3041441055e+03   -4.7654239576e+01    1.1551791881e+01   -8.5326941082e+00    3.8219037564e+00   -6.5253497504e+00   -3.6418099474e+01    2.0009116548e+04    1.9987729720e+00    9.9889123774e-01
        73   -3.6084223359e+01    1.3027635080e+03   -4.7731915799e+01    1.1647692439e+01   -8.4435842554e+00    3.6753373014e+00   -6.5455693703e+00   -3.6418099474e+01    1.9883643387e+04    1.9891417150e+00    9.9883946536e-01
        74   -3.6085479215e+01    1.3028720907e+03   -4.7775444345e+01    1.1689965130e+01   -8.4262435772e+00    3.6181474289e+00   -6.5492487230e+00   -3.6418099474e+01    1.9913543942e+04    1.9853892880e+00    9.9886991462e-01
        75   -3.6107051424e+01    1.3044603717e+03   -4.7722872660e+01    1.1615821236e+01   -8.5373156768e+00    3.7479586263e+00   -6.5154161352e+00   -3.6418099474e+01    2.0017121534e+04    1.9966318010e+00    9.9879703006e-01
        76   -3.6103456202e+01    1.3042029154e+03   -4.7705846553e+01    1.1602390351e+01   -8.5897261213e+00    3.8375790228e+00   -6.5355999805e+00   -3.6418099474e+01    2.0230285548e+04    2.0071700630e+00    9.9891758839e-01
        77   -3.6107079227e+01    1.3044901191e+03   -4.7628174602e+01    1.1521095375e+01   -8.5702088784e+00    3.9063017012e+00   -6.5461679512e+00   -3.6418099474e+01    2.0273255352e+04    2.0167591060e+00    9.9882825990e-01
        78   -3.6102753511e+01    1.3041773411e+03   -4.7726248239e+01    1.1623494727e+01   -8.4960899920e+00    3.7598239943e+00   -6.5718827667e+00   -3.6418099474e+01    2.0381719665e+04    2.0467001690e+00    9.9882406960e-01
        79   -3.6101371819e+01    1.3040075253e+03   -4.7776329385e+01    1.1674957566e+01   -8.5232107837e+00    3.7505254244e+00   -6.5855445517e+00   -3.6418099474e+01    2.0401180291e+04    2.0353033850e+00    9.9890400790e-01
        80   -3.6088637880e+01    1.3031268754e+03   -4.7770851477e+01    1.1682213597e+01   -8.5075096473e+00    3.7263753762e+00   -6.5716177321e+00   -3.6418099474e+01    2.0386635060e+04    2.0306541870e+00    9.9884204921e-01
        81   -3.6086424694e+01    1.3029782389e+03   -4.7812664933e+01    1.1726240238e+01   -8.4727103362e+00    3.6172489492e+00   -6.5391040713e+00   -3.6418099474e+01    2.0500902942e+04    2.0608975030e+00    9.9893569582e-01
        82   -3.6101716266e+01    1.3040814066e+03   -4.7879439824e+01    1.1777723558e+01   -8.5035774828e+00    3.5762172945e+00   -6.5339801612e+00   -3.6418099474e+01    2.0464246040e+04    2.0572335900e+00    9.9893187007e-01
        83   -3.6106397581e+01    1.3043905811e+03   -4.7780695040e+01    1.1674297459e+01   -8.5921826718e+00    3.7660549458e+00   -6.5364678394e+00   -3.6418099474e+01    2.0542376247e+04    2.0622896110e+00    9.9888550425e-01
        84   -3.6079106079e+01    1.3024342627e+03   -4.7845011641e+01    1.1765905562e+01   -8.6007113344e+00    3.7297921246e+00   -6.5559929568e+00   -3.6418099474e+01    2.0406325374e+04    2.0342162650e+00    9.9884154750e-01
        85   -3.6078337649e+01    1.3023570099e+03   -4.7909994804e+01    1.1831657155e+01   -8.5980793582e+00    3.6664344788e+00   -6.5602504507e+00   -3.6418099474e+01    2.0440118583e+04    2.0458584080e+00    9.9893606614e-01
        86   -3.6091141660e+01    1.3033330149e+03   -4.7877162390e+01    1.1786020731e+01   -8.5844845457e+00    3.6975848282e+00   -6.5721631985e+00   -3.6418099474e+01    2.0413937200e+04    2.0412387360e+00    9.9887512683e-01
        87   -3.6100970257e+01    1.3040872821e+03   -4.7782428236e+01    1.1681457978e+01   -8.6095558885e+00    3.7978805236e+00   -6.5526533967e+00   -3.6418099474e+01    2.0389143559e+04    2.0279777680e+00    9.9896292455e-01
        88   -3.6102695910e+01    1.3041756413e+03   -4.7705945537e+01    1.1603249627e+01   -8.6390134755e+00    3.8694170153e+00   -6.5182496030e+00   -3.6418099474e+01    2.0372698842e+04    2.0221207190e+00    9.9884809594e-01
        89   -3.6116230710e+01    1.3051609575e+03   -4.7766393526e+01    1.1650162815e+01   -8.6132112200e+00    3.7655377342e+00   -6.5006205656e+00   -3.6418099474e+01    2.0186638894e+04    2.0036817330e+00    9.9888326490e-01
        90   -3.6119568379e+01    1.3053649307e+03   -4.7750035824e+01    1.1630467445e+01   -8.6221079727e+00    3.7663134499e+00   -6.4761418271e+00   -3.6418099474e+01    2.0169085670e+04    2.0061135200e+00    9.9886626939e-01
        91   -3.6140113705e+01    1.3069515251e+03   -4.7787098367e+01    1.1646984662e+01   -8.6344353551e+00    3.7328521538e+00   -6.4674156914e+00   -3.6418099474e+01    2.0234664382e+04    2.0189684170e+00    9.9883095050e-01
        92   -3.6127609272e+01    1.3060161714e+03   -4.7912296042e+01    1.1784686769e+01   -8.6271957748e+00    3.6159966962e+00   -6.4829974890e+00   -3.6418099474e+01    2.0344519262e+04    2.0357916880e+00    9.9884973904e-01
        93   -3.6127335535e+01    1.3060097186e+03   -4.7910953486e+01    1.1783617951e+01   -8.6754176928e+00    3.6881647102e+00   -6.5056010292e+00   -3.6418099474e+01    2.0486728093e+04    2.0489993960e+00    9.9884910754e-01
        94   -3.6138763914e+01    1.3068873088e+03   -4.7855278900e+01    1.1716514985e+01   -8.7838824588e+00    3.8761615544e+00   -6.5294585211e+00   -3.6418099474e+01    2.0489225148e+04    2.0456068840e+00    9.9887531910e-01
        95   -3.6143904361e+01    1.3072085818e+03   -4.7867518096e+01    1.1723613736e+01   -8.7832272754e+00    3.8435753806e+00   -6.5097667273e+00   -3.6418099474e+01    2.0603415325e+04    2.0656406150e+00    9.9894391843e-01
        96   -3.6135328979e+01    1.3066347392e+03   -4.7873579422e+01    1.1738250443e+01   -8.6872286340e+00    3.7262380578e+00   -6.4944893716e+00   -3.6418099474e+01    2.0588091446e+04    2.0692956990e+00    9.9889466524e-01
        97   -3.6130868417e+01    1.3063016514e+03   -4.7879272623e+01    1.1748404206e+01   -8.6198962331e+00    3.6497415826e+00   -6.4910184983e+00   -3.6418099474e+01    2.0637889599e+04    2.0716818230e+00    9.9887143342e-01
        98   -3.6135369877e+01    1.3064935910e+03   -4.7832072434e+01    1.1696702557e+01   -8.5504251993e+00    3.6610441529e+00   -6.5245919132e+00   -3.6418099474e+01    2.0618178109e+04    2.0668278260e+00    9.9886855091e-01
        99   -3.6119323000e+01    1.3053587326e+03   -4.7775907760e+01    1.1656584761e+01   -8.5325665556e+00    3.6874118201e+00   -6.5126535509e+00   -3.6418099474e+01    2.0772719370e+04    2.0726650760e+00    9.9890644236e-01
       100   -3.6102514022e+01    1.3041598808e+03   -4.7767812256e+01    1.1665298233e+01   -8.4454663553e+00    3.6213891892e+00   -6.5256356154e+00   -3.6418099474e+01    2.0800292273e+04    2.0693732840e+00    9.9883945310e-01
       101   -3.6097632103e+01    1.3037752509e+03   -4.7672709183e+01    1.1575077080e+01   -8.5252002668e+00    3.7989466271e+00   -6.5283560689e+00   -3.6418099474e+01    2.0789056070e+04    2.0785487200e+00    9.9886632221e-01
       102   -3.6088244482e+01    1.3030974166e+03   -4.7718212200e+01    1.1629967718e+01   -8.5046136687e+00    3.7353045730e+00   -6.5308036296e+00   -3.6418099474e+01    2.0810050370e+04    2.0862622220e+00    9.9886762930e-01
       103   -3.6113459194e+01    1.3049350586e+03   -4.7781307580e+01    1.1667848387e+01   -8.4218006940e+00    3.6223556693e+00   -6.5637630815e+00   -3.6418099474e+01    2.0762965564e+04    2.0716882450e+00    9.9893010231e-01
       104   -3.6112997796e+01    1.3049122375e+03   -4.7748681268e+01    1.1635683472e+01   -8.3881997262e+00    3.6144576322e+00   -6.5568397001e+00   -3.6418099474e+01    2.0895896191e+04    2.0830299260e+00    9.9884809166e-01
       105   -3.6108926305e+01    1.3046124805e+03   -4.7633893556e+01    1.1524967251e+01   -8.4275574440e+00    3.7640376082e+00   -6.5522742456e+00   -3.6418099474e+01    2.0931550647e+04    2.0905124430e+00    9.9881771281e-01
       106   -3.6102153268e+01    1.3041044349e+03   -4.7765031686e+01    1.1662878418e+01   -8.4494846116e+00    3.6236086184e+00   -6.5210562189e+00   -3.6418099474e+01    2.0957537140e+04    2.0852432580e+00    9.9882951463e-01
       107   -3.6090877982e+01    1.3032607507e+03   -4.7700084844e+01    1.1609206862e+01   -8.4008761722e+00    3.6599546448e+00   -6.5410638425e+00   -3.6418099474e+01    2.0796087181e+04    2.0639811400e+00    9.9882903981e-01
       108   -3.6082286252e+01    1.3026411477e+03   -4.7670559671e+01    1.1588273419e+01   -8.4181334438e+00    3.7033481575e+00   -6.5376749102e+00   -3.6418099474e+01    2.0731823999e+04    2.0706262180e+00    9.9889609137e-01
       109   -3.6083185405e+01    1.3027108203e+03   -4.7715240165e+01    1.1632054760e+01   -8.4887250280e+00    3.7353485605e+00   -6.5437642232e+00   -3.6418099474e+01    2.0649272486e+04    2.0729610850e+00    9.9891408098e-01
       110   -3.6072515072e+01    1.3019682301e+03   -4.7620647481e+01    1.1548132409e+01   -8.5422705661e+00    3.8569159526e+00   -6.5171933932e+00   -3.6418099474e+01    2.0594967912e+04    2.0652746650e+00    9.9883679809e-01
       111   -3.6079972054e+01    1.3024976146e+03   -4.7717376675e+01    1.1637404620e+01   -8.5050341474e+00    3.7151663476e+00   -6.5094094008e+00   -3.6418099474e+01    2.0523843457e+04    2.0488947100e+00    9.9884826300e-01
       112   -3.6087391038e+01    1.3030387728e+03   -4.7734877835e+01    1.1647486797e+01   -8.4872347551e+00    3.6909468794e+00   -6.5204904850e+00   -3.6418099474e+01    2.0734156620e+04    2.0669952750e+00    9.9885309252e-01
       113   -3.6100124599e+01    1.3039231478e+03   -4.7733486834e+01    1.1633362235e+01   -8.4161046191e+00    3.6389547572e+00   -6.5382374979e+00   -3.6418099474e+01    2.0784991854e+04    2.0752194490e+00    9.9889359246e-01
       114   -3.6080007106e+01    1.3024573130e+03   -4.7640512172e+01    1.1560505067e+01   -8.3742860497e+00    3.7127394205e+00   -6.5608660690e+00   -3.6418099474e+01    2.0791261423e+04    2.1091159840e+00    9.9891473081e-01
       115   -3.6107404923e+01    1.3044754169e+03   -4.7611845382e+01    1.1504440459e+01   -8.4359767928e+00    3.8029956828e+00   -6.5607647978e+00   -3.6418099474e+01    2.0658714061e+04    2.0685478060e+00    9.9889878503e-01
       116   -3.6102193315e+01    1.3041293944e+03   -4.7672259090e+01    1.1570065776e+01   -8.4139003021e+00    3.7227897330e+00   -6.5630490470e+00   -3.6418099474e+01    2.0752106515e+04    2.0681844660e+00    9.9892275499e-01
       117   -3.6103171496e+01    1.3042002811e+03   -4.7733480289e+01    1.1630308793e+01   -8.3590204496e+00    3.6097857419e+00   -6.5661461073e+00   -3.6418099474e+01    2.0788673444e+04    2.0735677630e+00    9.9889546988e-01
       118   -3.6091591503e+01    1.3032866122e+03   -4.7741171736e+01    1.1649580233e+01   -8.3412742982e+00    3.5624615115e+00   -6.5442594748e+00   -3.6418099474e+01    2.0800132959e+04    2.0758545300e+00    9.9895972809e-01
       119   -3.6076492106e+01    1.3022095157e+03   -4.7769035929e+01    1.1692543823e+01   -8.4098740447e+00    3.5857758783e+00   -6.5268382881e+00   -3.6418099474e+01    2.0638765752e+04    2.0592456040e+00    9.9887554925e-01
       120   -3.6094764648e+01    1.3035020671e+03   -4.7735238492e+01    1.1640473843e+01   -8.4778148460e+00    3.6800916229e+00   -6.5194157943e+00   -3.6418099474e+01    2.0566512382e+04    2.0552342970e+00    9.9891648608e-01
       121   -3.6074504289e+01    1.3020444816e+03   -4.7726951368e+01    1.1652447078e+01   -8.4937266184e+00    3.6971430693e+00   -6.5122683442e+00   -3.6418099474e+01    2.0466369923e+04    2.0324760910e+00    9.9889041641e-01
       122   -3.6081518185e+01    1.3025529215e+03   -4.7765029244e+01    1.1683511059e+01   -8.4286440977e+00    3.6090652193e+00   -6.5273508909e+00   -3.6418099474e+01    2.0444905967e+04    2.0359583990e+00    9.9895029902e-01
       123   -3.6072938114e+01    1.3019222124e+03   -4.7778776633e+01    1.1705838520e+01   -8.5318922659e+00    3.6813548324e+00   -6.5101397258e+00   -3.6418099474e+01    2.0333450643e+04    2.0218481450e+00    9.9885325129e-01
       124   -3.6089097611e+01    1.3031309763e+03   -4.7711098158e+01    1.1622000548e+01   -8.5539073160e+00    3.7800907138e+00   -6.5191820821e+00   -3.6418099474e+01    2.0442532938e+04    2.0280035730e+00    9.9886449395e-01
       125   -3.6075028564e+01    1.3020965731e+03   -4.7625616561e+01    1.1550587997e+01   -8.5615753146e+00    3.8438011222e+00   -6.4897428943e+00   -3.6418099474e+01    2.0342659113e+04    2.1454169310e+00    9.9889413152e-01
       126   -3.6093150287e+01    1.3034038272e+03   -4.7790988863e+01    1.1697838576e+01   -8.4951402616e+00    3.6176645698e+00   -6.4954136969e+00   -3.6418099474e+01    2.0364137575e+04    2.0295366010e+00    9.9888634004e-01
       127   -3.6075351403e+01    1.3021232678e+03   -4.7839731776e+01    1.1764380372e+01   -8.4677813992e+00    3.5496979923e+00   -6.5035488947e+00   -3.6418099474e+01    2.0343938490e+04    2.0214034170e+00    9.9892929109e-01
       128   -3.6071007507e+01    1.3018233382e+03   -4.7745797022e+01    1.1674789515e+01   -8.4762671783e+00    3.6434712146e+00   -6.4949015846e+00   -3.6418099474e+01    2.0433574910e+04    2.0407173430e+00    9.9888163505e-01
       129   -3.6045307152e+01    1.2999686150e+03   -4.7711326480e+01    1.1666019328e+01   -8.4367147745e+00    3.6521085484e+00   -6.5086207796e+00   -3.6418099474e+01    2.0502205004e+04    2.0458511680e+00    9.9883175129e-01
       130   -3.6066755065e+01    1.3015368701e+03   -4.7781357936e+01    1.1714602871e+01   -8.4247836369e+00    3.5768278314e+00   -6.5153026560e+00   -3.6418099474e+01    2.0441052024e+04    2.0335307200e+00    9.9888562066e-01
       131   -3.6063263109e+01    1.3012918071e+03   -4.7711751158e+01    1.1648488049e+01   -8.4662943215e+00    3.7017651604e+00   -6.5291225225e+00   -3.6418099474e+01    2.0414834105e+04    2.0264278430e+00    9.9885971724e-01
       132   -3.6067751885e+01    1.3015754954e+03   -4.7710598639e+01    1.1642846754e+01   -8.4713735900e+00    3.6819130823e+00   -6.5030386572e+00   -3.6418099474e+01    2.0291674221e+04    2.0129691610e+00    9.9894243764e-01
       133   -3.6081612728e+01    1.3025814940e+03   -4.7685444532e+01    1.1603831805e+01   -8.4901566672e+00    3.7580966390e+00   -6.5352850300e+00   -3.6418099474e+01    2.0342521379e+04    2.0148651090e+00    9.9883082411e-01
       134   -3.6098586245e+01    1.3038117037e+03   -4.7730788855e+01    1.1632202610e+01   -8.4606904034e+00    3.7161036391e+00   -6.5681026164e+00   -3.6418099474e+01    2.0509432153e+04    2.0387476230e+00    9.9885590298e-01
       135   -3.6079014159e+01    1.3024087409e+03   -4.7776061034e+01    1.1697046875e+01   -8.4910460945e+00    3.7074167283e+00   -6.5743321938e+00   -3.6418099474e+01    2.0520124174e+04    2.0435810800e+00    9.9890372247e-01
       136   -3.6085427197e+01    1.3028365924e+03   -4.7818714889e+01    1.1733287692e+01   -8.5008786780e+00    3.6731648724e+00   -6.5729016091e+00   -3.6418099474e+01    2.0446039251e+04    2.0296665370e+00    9.9888392857e-01
       137   -3.6108303568e+01    1.3044777719e+03   -4.7842157240e+01    1.1733853672e+01   -8.4576559260e+00    3.6213694443e+00   -6.5877712841e+00   -3.6418099474e+01    2.0316094682e+04    2.0115291620e+00    9.9894327069e-01
       138   -3.6082217289e+01    1.3026412259e+03   -4.7869493378e+01    1.1787276089e+01   -8.4739062580e+00    3.5996527419e+00   -6.5771403876e+00   -3.6418099474e+01    2.0355766310e+04    2.0207338940e+00    9.9892104506e-01
       139   -3.6092738805e+01    1.3033899038e+03   -4.7867282881e+01    1.1774544076e+01   -8.4805375606e+00    3.5873815979e+00   -6.5560274441e+00   -3.6418099474e+01    2.0272221329e+04    2.0187154170e+00    9.9894465704e-01
       140   -3.6076313291e+01    1.3022407107e+03   -4.7851387062e+01    1.1775073771e+01   -8.4845516660e+00    3.5813112518e+00   -6.5300471733e+00   -3.6418099474e+01    2.0339620519e+04    2.0174113360e+00    9.9890795961e-01
       141   -3.6070598001e+01    1.3017574342e+03   -4.7842833774e+01    1.1772235773e+01   -8.5496657132e+00    3.6613344835e+00   -6.5364030700e+00   -3.6418099474e+01    2.0272098324e+04    2.0191989050e+00    9.9900651753e-01
       142   -3.6067276212e+01    1.3015263570e+03   -4.7807998943e+01    1.1740722730e+01   -8.5879360773e+00    3.7342328299e+00   -6.5361962211e+00   -3.6418099474e+01    2.0236424262e+04    2.0208624050e+00    9.9888304630e-01
       143   -3.6091604718e+01    1.3033333036e+03   -4.7768548833e+01    1.1676944115e+01   -8.6099335316e+00    3.7617615153e+00   -6.5022773424e+00   -3.6418099474e+01    2.0195844057e+04    2.0105173990e+00    9.9893179021e-01
       144   -3.6124804160e+01    1.3057535072e+03   -4.7804546088e+01    1.1679741928e+01   -8.5631466092e+00    3.6850454811e+00   -6.5083454858e+00   -3.6418099474e+01    2.0167862946e+04    2.0067638380e+00    9.9886615691e-01
       145   -3.6137428964e+01    1.3067148978e+03   -4.7849024126e+01    1.1711595162e+01   -8.6253236029e+00    3.7049160378e+00   -6.5105170868e+00   -3.6418099474e+01    2.0286429765e+04    2.0151650680e+00    9.9893082603e-01
       146   -3.6121125000e+01    1.3055754443e+03   -4.7811714542e+01    1.1690589542e+01   -8.6403377343e+00    3.7804551761e+00   -6.5337325099e+00   -3.6418099474e+01    2.0511211106e+04    2.0474790420e+00    9.9889056861e-01
       147   -3.6107672212e+01    1.3045665687e+03   -4.7780465910e+01    1.1672793698e+01   -8.6061910223e+00    3.7777318724e+00   -6.5339072859e+00   -3.6418099474e+01    2.0483308707e+04    2.0425395450e+00    9.9885782642e-01
       148   -3.6132319119e+01    1.3063152154e+03   -4.7809484239e+01    1.1677165121e+01   -8.5791632642e+00    3.7270259897e+00   -6.5392474906e+00   -3.6418099474e+01    2.0447357626e+04    2.0224940420e+00    9.9889921722e-01
       149   -3.6124203143e+01    1.3057470149e+03   -4.7856606482e+01    1.1732403339e+01   -8.5542176458e+00    3.6730236085e+00   -6.5573129707e+00   -3.6418099474e+01    2.0467160285e+04    2.0284364090e+00    9.9890383796e-01
       150   -3.6121291141e+01    1.3055437129e+03   -4.7774548557e+01    1.1653257416e+01   -8.6411030657e+00    3.8332554436e+00   -6.5486014610e+00   -3.6418099474e+01    2.0587578688e+04    2.0654371350e+00    9.9889130254e-01
       151   -3.6113226467e+01    1.3049446700e+03   -4.7706826825e+01    1.1593600358e+01   -8.6346892081e+00    3.9179703962e+00   -6.5720085387e+00   -3.6418099474e+01    2.0449949315e+04    2.0325072000e+00    9.9887863396e-01
       152   -3.6115178829e+01    1.3050336608e+03   -4.7813332232e+01    1.1698153402e+01   -8.6211452519e+00    3.8076875560e+00   -6.5817750614e+00   -3.6418099474e+01    2.0556198875e+04    2.0512932700e+00    9.9894176033e-01
       153   -3.6122845304e+01    1.3056447584e+03   -4.7931780688e+01    1.1808935385e+01   -8.6444240539e+00    3.6997360332e+00   -6.5689931933e+00   -3.6418099474e+01    2.0716207958e+04    2.0782023790e+00    9.9887751654e-01
       154   -3.6100629985e+01    1.3040121953e+03   -4.7828922060e+01    1.1728292075e+01   -8.6640760432e+00    3.7952776838e+00   -6.5420242261e+00   -3.6418099474e+01    2.0749312177e+04    2.0795836520e+00    9.9885547684e-01
       155   -3.6110346243e+01    1.3047329043e+03   -4.7846446465e+01    1.1736100222e+01   -8.6704446019e+00    3.7967308979e+00   -6.5546332873e+00   -3.6418099474e+01    2.0738870299e+04    2.0897906380e+00    9.9901152418e-01
       156   -3.6092442501e+01    1.3033958561e+03   -4.7946410542e+01    1.1853968042e+01   -8.6425889557e+00    3.6991440658e+00   -6.5848661785e+00   -3.6418099474e+01    2.0536419050e+04    2.0540934210e+00    9.9899663342e-01
       157   -3.6094753130e+01    1.3035363459e+03   -4.7917430925e+01    1.1822677795e+01   -8.6534863614e+00    3.7404494702e+00   -6.5862945593e+00   -3.6418099474e+01    2.0368744386e+04    2.0212687300e+00    9.9890233980e-01
       158   -3.6080225640e+01    1.3024824177e+03   -4.7928874473e+01    1.1848648833e+01   -8.5881852420e+00    3.6429520836e+00   -6.5655418404e+00   -3.6418099474e+01    2.0323910769e+04    2.0214551090e+00    9.9890358584e-01
       159   -3.6086407557e+01    1.3029436481e+03   -4.7877614001e+01    1.1791206444e+01   -8.5663728376e+00    3.6464654321e+00   -6.5396071213e+00   -3.6418099474e+01    2.0097316101e+04    2.0024244440e+00    9.9890880914e-01
       160   -3.6108113781e+01    1.3045463700e+03   -4.7810759759e+01    1.1702645978e+01   -8.5600789973e+00    3.7100156359e+00   -6.5425969232e+00   -3.6418099474e+01    2.0056225739e+04    2.0084185380e+00    9.9890986819e-01
       161   -3.6111467369e+01    1.3047455219e+03   -4.7866085718e+01    1.1754618349e+01   -8.5815655325e+00    3.6830836477e+00   -6.5495043594e+00   -3.6418099474e+01    2.0002350715e+04    2.0194419450e+00    9.9883006466e-01
       162   -3.6090329739e+01    1.3032194804e+03   -4.7837134240e+01    1.1746804501e+01   -8.6633839753e+00    3.7704351795e+00   -6.5260859701e+00   -3.6418099474e+01    2.0019694071e+04    2.0274527420e+00    9.9890980073e-01
       163   -3.6086918847e+01    1.3029680328e+03   -4.7863739667e+01    1.1776820820e+01   -8.6900541982e+00    3.7507707737e+00   -6.5063567682e+00   -3.6418099474e+01    2.0030307270e+04    2.0068554320e+00    9.9890153785e-01
       164   -3.6105888301e+01    1.3043762476e+03   -4.7828306908e+01    1.1722418606e+01   -8.7121465516e+00    3.7954406550e+00   -6.4935015369e+00   -3.6418099474e+01    2.0122348748e+04    2.0121214240e+00    9.9883360910e-01
       165   -3.6089105365e+01    1.3031589343e+03   -4.7821296123e+01    1.1732190759e+01   -8.7200610923e+00    3.8155754118e+00   -6.4987109686e+00   -3.6418099474e+01    2.0312968651e+04    2.0335637640e+00    9.9887651117e-01
       166   -3.6099023862e+01    1.3038895380e+03   -4.7819324435e+01    1.1720300572e+01   -8.7226746638e+00    3.8261247660e+00   -6.5046750627e+00   -3.6418099474e+01    2.0323857629e+04    2.0283106240e+00    9.9887876615e-01
       167   -3.6121406909e+01    1.3055040459e+03   -4.7871348135e+01    1.1749941226e+01   -8.7449160732e+00    3.8022667343e+00   -6.5105993219e+00   -3.6418099474e+01    2.0429132172e+04    2.0372186680e+00    9.9888961166e-01
       168   -3.6120734544e+01    1.3054288916e+03   -4.7795872078e+01    1.1675137534e+01   -8.6874109650e+00    3.8107052222e+00   -6.5010668608e+00   -3.6418099474e+01    2.0444293075e+04    2.0341292610e+00    9.9888518449e-01
       169   -3.6123250518e+01    1.3056080873e+03   -4.7827957117e+01    1.1704706599e+01   -8.6191624560e+00    3.7262071810e+00   -6.5169023677e+00   -3.6418099474e+01    2.0457139520e+04    2.0396613870e+00    9.9892780308e-01
       170   -3.6104630167e+01    1.3042468889e+03   -4.7818935166e+01    1.1714304998e+01   -8.6349647901e+00    3.7687794022e+00   -6.5346503035e+00   -3.6418099474e+01    2.0537347013e+04    2.0535829560e+00    9.9898957928e-01
       171   -3.6098394205e+01    1.3038504238e+03   -4.7887099951e+01    1.1788705746e+01   -8.6616844872e+00    3.7237014454e+00   -6.5310174352e+00   -3.6418099474e+01    2.0577225042e+04    2.0609369740e+00    9.9888577260e-01
       172   -3.6131286891e+01    1.3062413852e+03   -4.7851666137e+01    1.1720379246e+01   -8.6805121740e+00    3.7724006971e+00   -6.5254551856e+00   -3.6418099474e+01    2.0668762693e+04    2.0733798900e+00    9.9892670483e-01
       173   -3.6116692992e+01    1.3051478595e+03   -4.7917833769e+01    1.1801140777e+01   -8.6880027408e+00    3.7041047602e+00   -6.5158363142e+00   -3.6418099474e+01    2.0791045776e+04    2.0799633700e+00    9.9885934172e-01
       174   -3.6107803546e+01    1.3044740564e+03   -4.7821940644e+01    1.1714137098e+01   -8.7428355216e+00    3.8337857709e+00   -6.4947914189e+00   -3.6418099474e+01    2.0744477031e+04    2.0746558620e+00    9.9888096960e-01
       175   -3.6102839573e+01    1.3041233108e+03   -4.7854868821e+01    1.1752029248e+01   -8.7902773137e+00    3.8308693075e+00   -6.4773613407e+00   -3.6418099474e+01    2.0753285831e+04    2.0832661850e+00    9.9886946347e-01
       176   -3.6099503910e+01    1.3038987975e+03   -4.7942193176e+01    1.1842689265e+01   -8.6889432149e+00    3.6440580698e+00   -6.4792085563e+00   -3.6418099474e+01    2.0816019573e+04    2.0746376130e+00    9.9889867086e-01
       177   -3.6115640803e+01    1.3050790685e+03   -4.7878608780e+01    1.1762967977e+01   -8.6346983231e+00    3.6827484781e+00   -6.5085594611e+00   -3.6418099474e+01    2.0806472190e+04    2.0670263640e+00    9.9885850236e-01
       178   -3.6128500994e+01    1.3060172358e+03   -4.7865850739e+01    1.1737349745e+01   -8.6244538993e+00    3.7045873633e+00   -6.5278847285e+00   -3.6418099474e+01    2.0852351009e+04    2.0828956550e+00    9.9882151422e-01
       179   -3.6117466713e+01    1.3051778390e+03   -4.7848660426e+01    1.1731193712e+01   -8.5796036646e+00    3.6955828609e+00   -6.5465401481e+00   -3.6418099474e+01    2.0784910959e+04    2.0705330890e+00    9.9893462004e-01
       180   -3.6086195719e+01    1.3029176298e+03   -4.7888980979e+01    1.1802785260e+01   -8.5049720480e+00    3.5597037374e+00   -6.5256131943e+00   -3.6418099474e+01    2.0761233002e+04    2.0753295730e+00    9.9887694170e-01
       181   -3.6079506763e+01    1.3024730763e+03   -4.7888635446e+01    1.1809128682e+01   -8.5696469883e+00    3.6270585805e+00   -6.5279475635e+00   -3.6418099474e+01    2.0743538446e+04    2.0792119260e+00    9.9883820998e-01
       182   -3.6083203118e+01    1.3026924001e+03   -4.7768500762e+01    1.1685297644e+01   -8.5242430633e+00    3.7143191816e+00   -6.5404774060e+00   -3.6418099474e+01    2.0711406005e+04    2.0741545180e+00    9.9884153111e-01
       183   -3.6087471137e+01    1.3029931472e+03   -4.7818440199e+01    1.1730969062e+01   -8.5101401774e+00    3.6500089593e+00   -6.5402095066e+00   -3.6418099474e+01    2.0562700965e+04    2.0607428560e+00    9.9890943443e-01
       184   -3.6079695556e+01    1.3024127738e+03   -4.7780422286e+01    1.1700726730e+01   -8.5120945326e+00    3.6916487013e+00   -6.5418769809e+00   -3.6418099474e+01    2.0490374431e+04    2.0454527000e+00    9.9885332292e-01
       185   -3.6078423136e+01    1.3023493744e+03   -4.7865525451e+01    1.1787102315e+01   -8.5540052111e+00    3.6616987753e+00   -6.5551195416e+00   -3.6418099474e+01    2.0441139185e+04    2.0397299750e+00    9.9893092967e-01
       186   -3.6092671135e+01    1.3033961872e+03   -4.7839795041e+01    1.1747123906e+01   -8.6101627656e+00    3.7445229891e+00   -6.5560557907e+00   -3.6418099474e+01    2.0430591288e+04    2.0355754500e+00    9.9883929882e-01
       187   -3.6092971206e+01    1.3034277242e+03   -4.7759542658e+01    1.1666571451e+01   -8.6255514847e+00    3.8139627364e+00   -6.5298544352e+00   -3.6418099474e+01    2.0500651556e+04    2.0478933640e+00    9.9890777206e-01
       188   -3.6118499964e+01    1.3052842589e+03   -4.7861066292e+01    1.1742566329e+01   -8.5869088473e+00    3.6689497791e+00   -6.5250077501e+00   -3.6418099474e+01    2.0499032577e+04    2.0496529360e+00    9.9889345833e-01
       189   -3.6090624765e+01    1.3032446038e+03   -4.7871004824e+01    1.1780380059e+01   -8.6520015063e+00    3.7336327056e+00   -6.5345365493e+00   -3.6418099474e+01    2.0585111224e+04    2.0571921650e+00    9.9893309925e-01
       190   -3.6108073327e+01    1.3045262503e+03   -4.7956661517e+01    1.1848588190e+01   -8.6341608469e+00    3.6192531616e+00   -6.5236543579e+00   -3.6418099474e+01    2.0641930776e+04    2.0737137180e+00    9.9892210057e-01
       191   -3.6126419699e+01    1.3058332518e+03   -4.7844876883e+01    1.1718457184e+01   -8.6563382435e+00    3.7382110277e+00   -6.5086501930e+00   -3.6418099474e+01    2.0796342095e+04    2.0760694140e+00    9.9890588179e-01
       192   -3.6102594562e+01    1.3041276862e+03   -4.7918920724e+01    1.1816326162e+01   -8.6269324835e+00    3.6437581280e+00   -6.5176468945e+00   -3.6418099474e+01    2.0927393118e+04    2.0766171330e+00    9.9891650798e-01
       193   -3.6130558646e+01    1.3062327795e+03   -4.7952709371e+01    1.1822150726e+01   -8.5990335335e+00    3.5914483825e+00   -6.5270247461e+00   -3.6418099474e+01    2.0933089812e+04    2.0861528410e+00    9.9888238225e-01
       194   -3.6121237105e+01    1.3055707733e+03   -4.7827755079e+01    1.1706517974e+01   -8.5996409540e+00    3.7008635153e+00   -6.5108781666e+00   -3.6418099474e+01    2.1014550423e+04    2.0901767800e+00    9.9897352231e-01
       195   -3.6119855728e+01    1.3054622922e+03   -4.7880506751e+01    1.1760651023e+01   -8.6098787419e+00    3.6694804893e+00   -6.5220090240e+00   -3.6418099474e+01    2.0884058059e+04    2.0793802630e+00    9.9896537335e-01
       196   -3.6118018097e+01    1.3053171003e+03   -4.7832702537e+01    1.1714684440e+01   -8.6160186925e+00    3.7071892636e+00   -6.5057736343e+00   -3.6418099474e+01    2.0949684504e+04    2.0848757160e+00    9.9894817593e-01
       197   -3.6129810732e+01    1.3061695173e+03   -4.7859742679e+01    1.1729931947e+01   -8.5841964835e+00    3.6522907172e+00   -6.5097374385e+00   -3.6418099474e+01    2.1120259201e+04    2.1183785760e+00    9.9891943994e-01
       198   -3.6111960340e+01    1.3048028654e+03   -4.7801598350e+01    1.1689638011e+01   -8.6130960522e+00    3.7324222320e+00   -6.5028250560e+00   -3.6418099474e+01    2.1175909147e+04    2.1264113310e+00    9.9879772022e-01
       199   -3.6121978795e+01    1.3055234870e+03   -4.7861753582e+01    1.1739774788e+01   -8.5784524016e+00    3.6221219499e+00   -6.4873236565e+00   -3.6418099474e+01    2.1139131439e+04    2.1224466680e+00    9.9893909600e-01
