# Index          LocalEnergy            Variance              Weight        NumOfWalkers      AvgSentWalkers         TrialEnergy             DiffEff      LivingFraction
         0   -3.5772003843e+01    9.3457420368e-01    2.0481567728e+03    2.0480000000e+03    0.0000000000e+00   -3.5764238614e+01    9.9474591294e-01    1.0000000000e+00
         1   -3.5769015319e+01    8.8673726596e-01    2.0479447208e+03    2.0480000000e+03    0.0000000000e+00   -3.5775831157e+01    9.9471836110e-01    9.8681640625e-01
         2   -3.5787792896e+01    8.6711569541e-01    2.0554926757e+03    2.0550000000e+03    1.0000000000e+00   -3.5767665710e+01    9.9482313026e-01    9.9367396594e-01
         3   -3.5778160501e+01    8.6758331010e-01    2.0463065924e+03    2.0540000000e+03    7.5000000000e-01   -3.5970385742e+01    9.9498040416e-01    9.9269717624e-01
         4   -3.5808869048e+01    8.6644425983e-01    2.0532549482e+03    2.0510000000e+03    5.0000000000e-01   -3.5736800440e+01    9.9475253588e-01    9.9219892735e-01
         5   -3.5826208651e+01    8.2280989942e-01    2.0491648252e+03    2.0540000000e+03    7.5000000000e-01   -3.5936999367e+01    9.9568620887e-01    9.9123661149e-01
         6   -3.5821803477e+01    8.4842902081e-01    2.0467864051e+03    2.0480000000e+03    7.5000000000e-01   -3.5854638681e+01    9.9583412273e-01    9.9218750000e-01
         7   -3.5837237925e+01    8.5873549592e-01    2.0465000153e+03    2.0450000000e+03    5.0000000000e-01   -3.5792165913e+01    9.9627177285e-01    9.9462102689e-01
         8   -3.5859232315e+01    8.5029098299e-01    2.0540434376e+03    2.0520000000e+03    1.2500000000e+00   -3.5800603787e+01    9.9491387052e-01    9.9366471735e-01
         9   -3.5871855208e+01    9.2081263956e-01    2.0482522292e+03    2.0540000000e+03    5.0000000000e-01   -3.6006559912e+01    9.9454795518e-01    9.9367088608e-01
        10   -3.5877273973e+01    8.6995780468e-01    2.0497814992e+03    2.0500000000e+03    7.5000000000e-01   -3.5878012768e+01    9.9584167404e-01    9.9024390244e-01
        11   -3.5863656576e+01    8.3218623059e-01    2.0349210000e+03    2.0370000000e+03    5.0000000000e-01   -3.5920748699e+01    9.9545836305e-01    9.9165439372e-01
        12   -3.5878274798e+01    8.0361799826e-01    2.0453295193e+03    2.0320000000e+03    7.5000000000e-01   -3.5543321091e+01    9.9485018080e-01    9.9409448819e-01
        13   -3.5887733576e+01    8.6871223281e-01    2.0540001984e+03    2.0510000000e+03    1.2500000000e+00   -3.5813034972e+01    9.9506517186e-01    9.9414919551e-01
        14   -3.5878406620e+01    8.5506880856e-01    2.0458135164e+03    2.0520000000e+03    7.5000000000e-01   -3.6034008623e+01    9.9480672813e-01    9.9171539961e-01
        15   -3.5876750239e+01    8.0028382570e-01    2.0462043835e+03    2.0440000000e+03    5.0000000000e-01   -3.5824997157e+01    9.9410278161e-01    9.9217221135e-01
        16   -3.5870534773e+01    8.2011355686e-01    2.0406227566e+03    2.0390000000e+03    5.0000000000e-01   -3.5832892716e+01    9.9545799709e-01    9.9264345267e-01
        17   -3.5896755540e+01    8.5310225005e-01    2.0459493004e+03    2.0380000000e+03    7.5000000000e-01   -3.5690101120e+01    9.9483988687e-01    9.9705593719e-01
        18   -3.5904228502e+01    8.3648346599e-01    2.0430702493e+03    2.0410000000e+03    7.5000000000e-01   -3.5846664548e+01    9.9420787730e-01    9.9510044096e-01
        19   -3.5904481215e+01    8.1641384980e-01    2.0478659601e+03    2.0430000000e+03    2.5000000000e-01   -3.5783728174e+01    9.9519293859e-01    9.9069995105e-01
        20   -3.5929996217e+01    8.0073756212e-01    2.0417894016e+03    2.0410000000e+03    7.5000000000e-01   -3.5901208648e+01    9.9519749983e-01    9.9461048506e-01
        21   -3.5928179317e+01    8.7342664523e-01    2.0480441175e+03    2.0480000000e+03    5.0000000000e-01   -3.5926959090e+01    9.9483612369e-01    9.9316406250e-01
        22   -3.5958574259e+01    8.0185989096e-01    2.0506491333e+03    2.0500000000e+03    5.0000000000e-01   -3.5929109308e+01    9.9485565217e-01    9.9365853659e-01
        23   -3.5946885559e+01    8.0637109631e-01    2.0515393377e+03    2.0510000000e+03    7.5000000000e-01   -3.5940209284e+01    9.9516696590e-01    9.9512432960e-01
        24   -3.5953329870e+01    8.3213625230e-01    2.0491514164e+03    2.0490000000e+03    5.0000000000e-01   -3.5942635538e+01    9.9533265148e-01    9.9267935578e-01
        25   -3.5956618515e+01    8.5759341858e-01    2.0392810875e+03    2.0390000000e+03    7.5000000000e-01   -3.5943955101e+01    9.9491280489e-01    9.9558607160e-01
        26   -3.5965027452e+01    8.3535750182e-01    2.0497274846e+03    2.0490000000e+03    7.5000000000e-01   -3.5941330920e+01    9.9475307501e-01    9.9609565642e-01
        27   -3.5947613433e+01    8.7675864097e-01    2.0561700668e+03    2.0560000000e+03    5.0000000000e-01   -3.5949216170e+01    9.9502504025e-01    9.9513618677e-01
        28   -3.5951608857e+01    8.1597163947e-01    2.0577138629e+03    2.0580000000e+03    5.0000000000e-01   -3.5952259432e+01    9.9526383753e-01    9.9514091351e-01
        29   -3.5945221402e+01    8.0939929931e-01    2.0556515575e+03    2.0560000000e+03    1.0000000000e+00   -3.5953380048e+01    9.9518546427e-01    9.9173151751e-01
        30   -3.5946240070e+01    8.2501532984e-01    2.0538083226e+03    2.0540000000e+03    7.5000000000e-01   -3.5952034638e+01    9.9505887102e-01    9.9367088608e-01
        31   -3.5935106828e+01    8.0389059883e-01    2.0516931280e+03    2.0520000000e+03    7.5000000000e-01   -3.5950949804e+01    9.9539634417e-01    9.9074074074e-01
        32   -3.5960148624e+01    8.1466424704e-01    2.0460127737e+03    2.0460000000e+03    5.0000000000e-01   -3.5948835143e+01    9.9485963122e-01    9.9364613881e-01
        33   -3.5964160891e+01    7.8117674418e-01    2.0466124720e+03    2.0460000000e+03    5.0000000000e-01   -3.5947071542e+01    9.9425835816e-01    9.9071358749e-01
        34   -3.5983627904e+01    7.4100297450e-01    2.0430334685e+03    2.0420000000e+03    5.0000000000e-01   -3.5948515930e+01    9.9551988477e-01    9.9314397649e-01
        35   -3.5980465947e+01    7.7201248204e-01    2.0443887361e+03    2.0430000000e+03    5.0000000000e-01   -3.5949061270e+01    9.9462563279e-01    9.9559471366e-01
        36   -3.5972288179e+01    7.8227393487e-01    2.0449571740e+03    2.0440000000e+03    5.0000000000e-01   -3.5951535453e+01    9.9511001498e-01    9.9804305284e-01
        37   -3.5969287694e+01    7.7276922675e-01    2.0505554392e+03    2.0500000000e+03    7.5000000000e-01   -3.5952930395e+01    9.9546084121e-01    9.9268292683e-01
        38   -3.5974042142e+01    8.0342454073e-01    2.0476095596e+03    2.0470000000e+03    7.5000000000e-01   -3.5956490385e+01    9.9528680208e-01    9.9511480215e-01
        39   -3.5989012144e+01    8.0750791032e-01    2.0539889351e+03    2.0530000000e+03    7.5000000000e-01   -3.5956042135e+01    9.9434846194e-01    9.9561617146e-01
        40   -3.5998559071e+01    7.8600579853e-01    2.0603844955e+03    2.0590000000e+03    5.0000000000e-01   -3.5960791783e+01    9.9494775556e-01    9.8882952890e-01
        41   -3.6003636156e+01    7.7092285670e-01    2.0505661034e+03    2.0490000000e+03    5.0000000000e-01   -3.5965838162e+01    9.9518374132e-01    9.8975109810e-01
        42   -3.6002164324e+01    8.1963876588e-01    2.0417197709e+03    2.0400000000e+03    0.0000000000e+00   -3.5963053584e+01    9.9509660096e-01    9.9607843137e-01
        43   -3.5997004527e+01    8.1242051632e-01    2.0455107789e+03    2.0440000000e+03    7.5000000000e-01   -3.5960485069e+01    9.9502630138e-01    9.9168297456e-01
        44   -3.6010603229e+01    8.1543497389e-01    2.0396129543e+03    2.0380000000e+03    5.0000000000e-01   -3.5963733795e+01    9.9549796068e-01    9.9558390579e-01
        45   -3.6014037527e+01    8.2222693007e-01    2.0450180194e+03    2.0430000000e+03    1.0000000000e+00   -3.5962672459e+01    9.9459930997e-01    9.8923152227e-01
        46   -3.6016337521e+01    8.3500195226e-01    2.0361481767e+03    2.0340000000e+03    7.5000000000e-01   -3.5967136745e+01    9.9417339053e-01    9.9508357915e-01
        47   -3.6016407761e+01    7.6244485796e-01    2.0379950511e+03    2.0360000000e+03    7.5000000000e-01   -3.5964558303e+01    9.9478371408e-01    9.9410609037e-01
        48   -3.6009539103e+01    7.4616008567e-01    2.0408819348e+03    2.0390000000e+03    7.5000000000e-01   -3.5967109421e+01    9.9559012159e-01    9.9215301618e-01
        49   -3.6019950514e+01    7.5586794349e-01    2.0428772731e+03    2.0410000000e+03    1.0000000000e+00   -3.5969819174e+01    9.9523253894e-01    9.9461048506e-01
        50   -3.6038920612e+01    7.7986105876e-01    2.0452707019e+03    2.0430000000e+03    7.5000000000e-01   -3.5972351370e+01    9.9464984556e-01    9.9314733235e-01
        51   -3.6027871314e+01    7.3859743307e-01    2.0444278681e+03    2.0420000000e+03    0.0000000000e+00   -3.5975588886e+01    9.9493205262e-01    9.9510284035e-01
        52   -3.6028186171e+01    7.1054772104e-01    2.0490873803e+03    2.0470000000e+03    7.5000000000e-01   -3.5976768865e+01    9.9471677083e-01    9.9462628236e-01
        53   -3.6023946962e+01    7.0958166155e-01    2.0508187414e+03    2.0490000000e+03    5.0000000000e-01   -3.5980550598e+01    9.9493268328e-01    9.9707174231e-01
        54   -3.6023389839e+01    7.2654253066e-01    2.0585718304e+03    2.0570000000e+03    1.0000000000e+00   -3.5982687160e+01    9.9505333613e-01    9.9270782693e-01
        55   -3.6038451050e+01    7.2381467582e-01    2.0608631589e+03    2.0590000000e+03    7.5000000000e-01   -3.5987662747e+01    9.9470320385e-01    9.9757163672e-01
        56   -3.6039010901e+01    7.2155553137e-01    2.0658894434e+03    2.0640000000e+03    2.5000000000e-01   -3.5990329002e+01    9.9448166075e-01    9.9563953488e-01
        57   -3.6023687137e+01    7.0215690577e-01    2.0655087785e+03    2.0640000000e+03    5.0000000000e-01   -3.5994249903e+01    9.9497862231e-01    9.9709302326e-01
        58   -3.6026978362e+01    7.3896946328e-01    2.0772812087e+03    2.0760000000e+03    2.5000000000e-01   -3.5995069161e+01    9.9437011204e-01    9.9181117534e-01
        59   -3.6018392167e+01    7.5695828868e-01    2.0708603007e+03    2.0700000000e+03    5.0000000000e-01   -3.6001788974e+01    9.9496189560e-01    9.9565217391e-01
        60   -3.6025487264e+01    7.2141903635e-01    2.0749103850e+03    2.0740000000e+03    7.5000000000e-01   -3.5999463157e+01    9.9414959480e-01    9.9373191900e-01
        61   -3.6008905402e+01    7.0942645703e-01    2.0695942632e+03    2.0690000000e+03    5.0000000000e-01   -3.6002322473e+01    9.9503975636e-01    9.9371677139e-01
        62   -3.6031177910e+01    7.2269801808e-01    2.0718251776e+03    2.0710000000e+03    5.0000000000e-01   -3.6000224640e+01    9.9499716688e-01    9.9806856591e-01
        63   -3.6023766623e+01    7.3100098029e-01    2.0799042512e+03    2.0790000000e+03    5.0000000000e-01   -3.6002265778e+01    9.9495887723e-01    9.9422799423e-01
        64   -3.6019447040e+01    7.2097654742e-01    2.0836137932e+03    2.0830000000e+03    7.5000000000e-01   -3.6006909215e+01    9.9531973233e-01    9.9519923188e-01
        65   -3.6030232022e+01    7.1478051290e-01    2.0886538861e+03    2.0880000000e+03    7.5000000000e-01   -3.6009313275e+01    9.9456175311e-01    9.9090038314e-01
        66   -3.6064252226e+01    7.1213729896e-01    2.0834859474e+03    2.0820000000e+03    7.5000000000e-01   -3.6012558813e+01    9.9435811194e-01    9.9423631124e-01
        67   -3.6058175537e+01    7.3729560903e-01    2.0850834956e+03    2.0830000000e+03    5.0000000000e-01   -3.6011599529e+01    9.9479506694e-01    9.9231877100e-01
        68   -3.6084409992e+01    7.6317909330e-01    2.0833586959e+03    2.0810000000e+03    1.0000000000e+00   -3.6013694226e+01    9.9547281187e-01    9.9519461797e-01
        69   -3.6079477770e+01    7.1007307386e-01    2.0899471944e+03    2.0870000000e+03    7.5000000000e-01   -3.6014676082e+01    9.9467999744e-01    9.9329180642e-01
        70   -3.6091030818e+01    7.0049623960e-01    2.0958080557e+03    2.0930000000e+03    5.0000000000e-01   -3.6019471919e+01    9.9472149795e-01    9.9187768753e-01
        71   -3.6077255821e+01    6.8986786089e-01    2.0904775452e+03    2.0880000000e+03    5.0000000000e-01   -3.6024072972e+01    9.9572063317e-01    9.9616858238e-01
        72   -3.6049189509e+01    6.8303199229e-01    2.0925973603e+03    2.0910000000e+03    5.0000000000e-01   -3.6022992823e+01    9.9482746400e-01    9.9426111908e-01
        73   -3.6042480022e+01    6.8127952604e-01    2.0959026163e+03    2.0950000000e+03    2.5000000000e-01   -3.6024887956e+01    9.9545296263e-01    9.9761336516e-01
        74   -3.6044513014e+01    6.9500818448e-01    2.1005952641e+03    2.1000000000e+03    2.5000000000e-01   -3.6027190921e+01    9.9512656666e-01    9.9333333333e-01
        75   -3.6038928445e+01    7.0494694423e-01    2.1004653378e+03    2.1000000000e+03    7.5000000000e-01   -3.6030162702e+01    9.9510627887e-01    9.9380952381e-01
        76   -3.6050919204e+01    7.1870191187e-01    2.0965651500e+03    2.0960000000e+03    5.0000000000e-01   -3.6030710184e+01    9.9537624483e-01    9.9332061069e-01
        77   -3.6054439378e+01    7.5183198918e-01    2.0898676103e+03    2.0890000000e+03    5.0000000000e-01   -3.6029649957e+01    9.9481274613e-01    9.9473432264e-01
        78   -3.6069122662e+01    7.3062544412e-01    2.0924629004e+03    2.0910000000e+03    2.5000000000e-01   -3.6027281798e+01    9.9508426036e-01    9.9378287901e-01
        79   -3.6035495077e+01    7.5310081473e-01    2.0939148055e+03    2.0930000000e+03    5.0000000000e-01   -3.6029575039e+01    9.9558255644e-01    9.9426660296e-01
        80   -3.6035700759e+01    7.8952954449e-01    2.0962279392e+03    2.0960000000e+03    7.5000000000e-01   -3.6030725308e+01    9.9487974146e-01    9.9045801527e-01
        81   -3.6038179388e+01    7.6741023952e-01    2.0842097869e+03    2.0840000000e+03    5.0000000000e-01   -3.6032274427e+01    9.9472759287e-01    9.9376199616e-01
        82   -3.6052572282e+01    7.7156843121e-01    2.0817517392e+03    2.0810000000e+03    7.5000000000e-01   -3.6026995358e+01    9.9506716686e-01    9.9135031235e-01
        83   -3.6050721900e+01    7.5235335719e-01    2.0740296539e+03    2.0730000000e+03    2.5000000000e-01   -3.6026499470e+01    9.9581163959e-01    9.9517607332e-01
        84   -3.6043181239e+01    7.6731132077e-01    2.0800140081e+03    2.0790000000e+03    7.5000000000e-01   -3.6023417038e+01    9.9534862132e-01    9.9374699375e-01
        85   -3.6061122937e+01    7.1856664138e-01    2.0861867029e+03    2.0850000000e+03    7.5000000000e-01   -3.6026796627e+01    9.9580702367e-01    9.9424460432e-01
        86   -3.6078278158e+01    7.0372311945e-01    2.0906727180e+03    2.0890000000e+03    7.5000000000e-01   -3.6030514963e+01    9.9496363486e-01    9.9712781235e-01
        87   -3.6070788655e+01    6.8162431916e-01    2.1067695127e+03    2.1050000000e+03    7.5000000000e-01   -3.6033651614e+01    9.9577507899e-01    9.9667458432e-01
        88   -3.6078331807e+01    7.1684950752e-01    2.1214238945e+03    2.1200000000e+03    2.5000000000e-01   -3.6042170863e+01    9.9413198655e-01    9.9622641509e-01
        89   -3.6077176243e+01    6.9004750183e-01    2.1281555374e+03    2.1270000000e+03    5.0000000000e-01   -3.6050036738e+01    9.9556732012e-01    9.9529854255e-01
        90   -3.6093430453e+01    7.3058096442e-01    2.1263744590e+03    2.1250000000e+03    5.0000000000e-01   -3.6054095791e+01    9.9574906135e-01    9.9435294118e-01
        91   -3.6087714580e+01    7.3105326859e-01    2.1306011905e+03    2.1290000000e+03    1.0000000000e+00   -3.6054353269e+01    9.9557094802e-01    9.9389384688e-01
        92   -3.6100762072e+01    7.3982263622e-01    2.1305836880e+03    2.1290000000e+03    7.5000000000e-01   -3.6057324005e+01    9.9507933470e-01    9.9295443870e-01
        93   -3.6101437748e+01    7.1776624345e-01    2.1308531663e+03    2.1290000000e+03    7.5000000000e-01   -3.6058452483e+01    9.9366820419e-01    9.9577266322e-01
        94   -3.6099809190e+01    7.6379718162e-01    2.1356942202e+03    2.1340000000e+03    5.0000000000e-01   -3.6059694058e+01    9.9459076449e-01    9.9250234302e-01
        95   -3.6092400610e+01    7.6705884884e-01    2.1253238569e+03    2.1240000000e+03    5.0000000000e-01   -3.6063027018e+01    9.9546338359e-01    9.9529190207e-01
        96   -3.6079330974e+01    7.8358092581e-01    2.1230114426e+03    2.1220000000e+03    7.5000000000e-01   -3.6059097636e+01    9.9443047384e-01    9.9434495759e-01
        97   -3.6084713151e+01    7.8083974600e-01    2.1310002136e+03    2.1300000000e+03    7.5000000000e-01   -3.6058753090e+01    9.9469707296e-01    9.9389671362e-01
        98   -3.6078095634e+01    7.6236543413e-01    2.1266415483e+03    2.1260000000e+03    2.5000000000e-01   -3.6063302970e+01    9.9510271078e-01    9.9247412982e-01
        99   -3.6067275381e+01    7.2336414365e-01    2.1183878385e+03    2.1180000000e+03    5.0000000000e-01   -3.6061945646e+01    9.9439702551e-01    9.9527856468e-01
       100   -3.6045131353e+01    7.4264647616e-01    2.1239198395e+03    2.1240000000e+03    7.5000000000e-01   -3.6058594619e+01    9.9495507537e-01    9.9670433145e-01
       101   -3.6048449311e+01    7.8422854129e-01    2.1353820945e+03    2.1360000000e+03    2.5000000000e-01   -3.6061453603e+01    9.9512388630e-01    9.9625468165e-01
       102   -3.6063339316e+01    8.5630771184e-01    2.1372571985e+03    2.1380000000e+03    7.5000000000e-01   -3.6067121148e+01    9.9485820491e-01    9.9579045837e-01
       103   -3.6039477951e+01    7.4214753659e-01    2.1330075712e+03    2.1340000000e+03    7.5000000000e-01   -3.6068456706e+01    9.9472450316e-01    9.9343955014e-01
       104   -3.6058023955e+01    7.3151215317e-01    2.1271455588e+03    2.1280000000e+03    5.0000000000e-01   -3.6066629239e+01    9.9502867822e-01    9.9389097744e-01
       105   -3.6074053869e+01    7.4992520896e-01    2.1199905564e+03    2.1200000000e+03    5.0000000000e-01   -3.6064254441e+01    9.9446377632e-01    9.9622641509e-01
       106   -3.6041826962e+01    7.3968598482e-01    2.1237521570e+03    2.1240000000e+03    5.0000000000e-01   -3.6061439953e+01    9.9541059675e-01    9.9199623352e-01
       107   -3.6040759925e+01    7.7968161436e-01    2.1210950056e+03    2.1220000000e+03    7.5000000000e-01   -3.6063384394e+01    9.9526713039e-01    9.9104618285e-01
       108   -3.6062410093e+01    7.3559320729e-01    2.1085459789e+03    2.1090000000e+03    2.5000000000e-01   -3.6062288091e+01    9.9474157580e-01    9.9620673305e-01
       109   -3.6057078267e+01    7.5499256687e-01    2.1110467717e+03    2.1110000000e+03    5.0000000000e-01   -3.6056749626e+01    9.9544047083e-01    9.9478919943e-01
       110   -3.6052535223e+01    7.1620870892e-01    2.1148554774e+03    2.1150000000e+03    1.0000000000e+00   -3.6058262323e+01    9.9552556503e-01    9.9196217494e-01
       111   -3.6069965300e+01    7.1926562045e-01    2.1100569402e+03    2.1100000000e+03    2.5000000000e-01   -3.6060335130e+01    9.9453837672e-01    9.9194312796e-01
       112   -3.6075678942e+01    7.3917217534e-01    2.1096783698e+03    2.1090000000e+03    2.5000000000e-01   -3.6058517421e+01    9.9472584677e-01    9.9573257468e-01
       113   -3.6071726257e+01    7.3281911529e-01    2.1186274520e+03    2.1180000000e+03    1.0000000000e+00   -3.6058843506e+01    9.9525443172e-01    9.9433427762e-01
       114   -3.6077106540e+01    7.2154636733e-01    2.1245085370e+03    2.1240000000e+03    5.0000000000e-01   -3.6063529160e+01    9.9518705114e-01    9.9340866290e-01
       115   -3.6072475305e+01    7.1744644107e-01    2.1253742577e+03    2.1250000000e+03    5.0000000000e-01   -3.6066801020e+01    9.9524816968e-01    9.9435294118e-01
       116   -3.6052759765e+01    7.0365591708e-01    2.1238263714e+03    2.1240000000e+03    5.0000000000e-01   -3.6067649587e+01    9.9453340795e-01    9.9293785311e-01
       117   -3.6049838061e+01    6.8836176302e-01    2.1203814588e+03    2.1210000000e+03    5.0000000000e-01   -3.6067149840e+01    9.9478783070e-01    9.9057048562e-01
       118   -3.6050046935e+01    6.6744068239e-01    2.1143730118e+03    2.1150000000e+03    1.0000000000e+00   -3.6065720818e+01    9.9528604812e-01    9.9479905437e-01
       119   -3.6065741225e+01    6.6794430218e-01    2.1147141628e+03    2.1150000000e+03    5.0000000000e-01   -3.6063075641e+01    9.9564002312e-01    9.9432624113e-01
       120   -3.6070817761e+01    6.7392209713e-01    2.1212349060e+03    2.1210000000e+03    7.5000000000e-01   -3.6063582579e+01    9.9474415112e-01    9.9481376709e-01
       121   -3.6078511493e+01    6.7154619429e-01    2.1202693098e+03    2.1200000000e+03    2.5000000000e-01   -3.6067050366e+01    9.9457658680e-01    9.9103773585e-01
       122   -3.6082734490e+01    6.7309536123e-01    2.1166909720e+03    2.1160000000e+03    7.5000000000e-01   -3.6067051879e+01    9.9493522485e-01    9.9810964083e-01
       123   -3.6065190792e+01    6.3671815611e-01    2.1262288400e+03    2.1260000000e+03    5.0000000000e-01   -3.6065851725e+01    9.9501589582e-01    9.9529633114e-01
       124   -3.6066779797e+01    6.5252825125e-01    2.1247589831e+03    2.1250000000e+03    5.0000000000e-01   -3.6070658490e+01    9.9494207345e-01    9.9388235294e-01
       125   -3.6045796023e+01    6.6813104720e-01    2.1244031737e+03    2.1250000000e+03    5.0000000000e-01   -3.6070287025e+01    9.9467094133e-01    9.9341176471e-01
       126   -3.6034640578e+01    6.7854386932e-01    2.1206928207e+03    2.1220000000e+03    1.0000000000e+00   -3.6070235624e+01    9.9480706689e-01    9.9198868992e-01
       127   -3.6061930401e+01    7.7110889701e-01    2.1182389684e+03    2.1190000000e+03    7.5000000000e-01   -3.6068497205e+01    9.9445623481e-01    9.9528079283e-01
       128   -3.6066628090e+01    7.3619830557e-01    2.1218294533e+03    2.1220000000e+03    5.0000000000e-01   -3.6067601586e+01    9.9555769374e-01    9.9293119698e-01
       129   -3.6106887226e+01    6.9186034957e-01    2.1238245686e+03    2.1230000000e+03    7.5000000000e-01   -3.6069595624e+01    9.9468248002e-01    9.9340555817e-01
       130   -3.6104966621e+01    7.2221282870e-01    2.1204697637e+03    2.1190000000e+03    1.0000000000e+00   -3.6071196431e+01    9.9584520206e-01    9.9669655498e-01
       131   -3.6091189216e+01    7.1165464071e-01    2.1230595520e+03    2.1220000000e+03    2.5000000000e-01   -3.6070247333e+01    9.9459313938e-01    9.9245994345e-01
       132   -3.6095769394e+01    7.0866350953e-01    2.1148466048e+03    2.1140000000e+03    5.0000000000e-01   -3.6071965379e+01    9.9410159004e-01    9.9337748344e-01
       133   -3.6104000441e+01    7.0429442412e-01    2.1203875024e+03    2.1190000000e+03    5.0000000000e-01   -3.6068618619e+01    9.9453295885e-01    9.9386503067e-01
       134   -3.6113192919e+01    6.7533884441e-01    2.1236260414e+03    2.1220000000e+03    5.0000000000e-01   -3.6071827301e+01    9.9504074300e-01    9.9387370405e-01
       135   -3.6112687841e+01    6.8030212570e-01    2.1286671170e+03    2.1270000000e+03    7.5000000000e-01   -3.6074015215e+01    9.9569694976e-01    9.9435825106e-01
       136   -3.6083681943e+01    7.0930559582e-01    2.1369114421e+03    2.1360000000e+03    7.5000000000e-01   -3.6077032190e+01    9.9523031064e-01    9.9016853933e-01
       137   -3.6112972128e+01    6.9185066906e-01    2.1339032940e+03    2.1330000000e+03    7.5000000000e-01   -3.6081284734e+01    9.9481646185e-01    9.9249882794e-01
       138   -3.6086775097e+01    7.0881907997e-01    2.1237872926e+03    2.1230000000e+03    5.0000000000e-01   -3.6080504723e+01    9.9514690279e-01    9.9434762129e-01
       139   -3.6071643566e+01    7.3634503520e-01    2.1220942688e+03    2.1220000000e+03    7.5000000000e-01   -3.6076150820e+01    9.9474854453e-01    9.9293119698e-01
       140   -3.6099600025e+01    7.3975994604e-01    2.1204549534e+03    2.1200000000e+03    7.5000000000e-01   -3.6075618580e+01    9.9568857863e-01    9.9386792453e-01
       141   -3.6117523673e+01    7.0018270588e-01    2.1244317587e+03    2.1230000000e+03    7.5000000000e-01   -3.6075337693e+01    9.9569626477e-01    9.9387658973e-01
       142   -3.6117322538e+01    7.6597195540e-01    2.1286894774e+03    2.1270000000e+03    7.5000000000e-01   -3.6077842148e+01    9.9521557981e-01    9.9482839680e-01
       143   -3.6099406696e+01    7.0750653511e-01    2.1281649876e+03    2.1270000000e+03    7.5000000000e-01   -3.6080463181e+01    9.9558052270e-01    9.9482839680e-01
       144   -3.6101935397e+01    7.3314421591e-01    2.1349117660e+03    2.1340000000e+03    5.0000000000e-01   -3.6080681165e+01    9.9477355765e-01    9.9625117151e-01
       145   -3.6059984760e+01    7.7371573636e-01    2.1428434281e+03    2.1430000000e+03    5.0000000000e-01   -3.6084323588e+01    9.9532273479e-01    9.9393373775e-01
       146   -3.6082806851e+01    6.9756091598e-01    2.1444483074e+03    2.1450000000e+03    5.0000000000e-01   -3.6088168611e+01    9.9545298555e-01    9.9580419580e-01
       147   -3.6102003387e+01    7.0359401726e-01    2.1551762836e+03    2.1550000000e+03    5.0000000000e-01   -3.6089231516e+01    9.9598860526e-01    9.9489559165e-01
       148   -3.6089392635e+01    7.6928680245e-01    2.1580092289e+03    2.1580000000e+03    1.0000000000e+00   -3.6094681019e+01    9.9468145030e-01    9.9397590361e-01
       149   -3.6097460412e+01    7.5810957912e-01    2.1538260459e+03    2.1540000000e+03    5.0000000000e-01   -3.6096349063e+01    9.9507288368e-01    9.9350046425e-01
       150   -3.6099321410e+01    7.7124231441e-01    2.1500931719e+03    2.1500000000e+03    2.5000000000e-01   -3.6094819765e+01    9.9515052920e-01    9.9209302326e-01
       151   -3.6098455399e+01    7.6109620747e-01    2.1422325282e+03    2.1420000000e+03    1.0000000000e+00   -3.6093504085e+01    9.9454154205e-01    9.9019607843e-01
       152   -3.6110226801e+01    7.5130488809e-01    2.1326290580e+03    2.1320000000e+03    0.0000000000e+00   -3.6090247482e+01    9.9471804876e-01    9.9296435272e-01
       153   -3.6087509647e+01    7.5461740437e-01    2.1285817729e+03    2.1280000000e+03    1.0000000000e+00   -3.6086242930e+01    9.9458608586e-01    9.9624060150e-01
       154   -3.6072864026e+01    7.3671159816e-01    2.1347595666e+03    2.1350000000e+03    5.0000000000e-01   -3.6084654966e+01    9.9567016630e-01    9.9250585480e-01
       155   -3.6088083078e+01    7.5418676614e-01    2.1317842620e+03    2.1320000000e+03    5.0000000000e-01   -3.6087751596e+01    9.9509052003e-01    9.9577861163e-01
       156   -3.6088957667e+01    7.7163246064e-01    2.1370329626e+03    2.1370000000e+03    7.5000000000e-01   -3.6086664394e+01    9.9469272003e-01    9.9110903135e-01
       157   -3.6085624933e+01    7.1358927137e-01    2.1289318202e+03    2.1290000000e+03    5.0000000000e-01   -3.6089432892e+01    9.9476217776e-01    9.9389384688e-01
       158   -3.6080237635e+01    6.7245047292e-01    2.1298974005e+03    2.1300000000e+03    1.0000000000e+00   -3.6085915626e+01    9.9513624579e-01    9.9436619718e-01
       159   -3.6082344338e+01    7.0998672750e-01    2.1297549983e+03    2.1300000000e+03    5.0000000000e-01   -3.6086607051e+01    9.9606242195e-01    9.9436619718e-01
       160   -3.6069085367e+01    6.7614097332e-01    2.1315598903e+03    2.1320000000e+03    5.0000000000e-01   -3.6086789814e+01    9.9517121290e-01    9.9108818011e-01
       161   -3.6092984026e+01    6.6942722557e-01    2.1258402937e+03    2.1260000000e+03    5.0000000000e-01   -3.6087788968e+01    9.9522909501e-01    9.9341486359e-01
       162   -3.6103106058e+01    6.4752939625e-01    2.1225530983e+03    2.1220000000e+03    7.5000000000e-01   -3.6085420277e+01    9.9503643339e-01    9.9387370405e-01
       163   -3.6115829844e+01    6.5274971369e-01    2.1231103398e+03    2.1220000000e+03    2.5000000000e-01   -3.6084257316e+01    9.9537739887e-01    9.9387370405e-01
       164   -3.6116075615e+01    6.4743687189e-01    2.1202600521e+03    2.1190000000e+03    5.0000000000e-01   -3.6084987374e+01    9.9522852783e-01    9.9716847570e-01
       165   -3.6107375412e+01    6.7509821148e-01    2.1291539054e+03    2.1280000000e+03    7.5000000000e-01   -3.6084106771e+01    9.9543251022e-01    9.9107142857e-01
       166   -3.6086650606e+01    6.8822984962e-01    2.1163541507e+03    2.1160000000e+03    2.5000000000e-01   -3.6088689572e+01    9.9452460405e-01    9.9527410208e-01
       167   -3.6106100727e+01    7.0131128770e-01    2.1265829913e+03    2.1260000000e+03    7.5000000000e-01   -3.6082910256e+01    9.9578152543e-01    9.9294449671e-01
       168   -3.6131465225e+01    7.3181760867e-01    2.1232858196e+03    2.1220000000e+03    7.5000000000e-01   -3.6088110375e+01    9.9485314260e-01    9.9575871819e-01
       169   -3.6124169242e+01    7.1138788097e-01    2.1246777796e+03    2.1230000000e+03    5.0000000000e-01   -3.6087102392e+01    9.9552286610e-01    9.9434762129e-01
       170   -3.6129704508e+01    7.4470343755e-01    2.1205455909e+03    2.1190000000e+03    7.5000000000e-01   -3.6088245532e+01    9.9540255722e-01    9.9528079283e-01
       171   -3.6121243824e+01    7.0036264777e-01    2.1235996620e+03    2.1220000000e+03    5.0000000000e-01   -3.6086816767e+01    9.9520988600e-01    9.9245994345e-01
       172   -3.6136653255e+01    6.9808830110e-01    2.1226700585e+03    2.1210000000e+03    2.5000000000e-01   -3.6088711465e+01    9.9520027865e-01    9.9481376709e-01
       173   -3.6118043466e+01    7.2014767850e-01    2.1276331383e+03    2.1260000000e+03    5.0000000000e-01   -3.6088823886e+01    9.9458420317e-01    9.9435559737e-01
       174   -3.6118003133e+01    7.7462455810e-01    2.1260562345e+03    2.1250000000e+03    7.5000000000e-01   -3.6091581564e+01    9.9570712319e-01    9.9435294118e-01
       175   -3.6108147175e+01    9.7466344982e-01    2.1215764506e+03    2.1210000000e+03    2.5000000000e-01   -3.6091256704e+01    9.9402692141e-01    9.9481376709e-01
       176   -3.6126895973e+01    8.6612216062e-01    2.1259375209e+03    2.1250000000e+03    7.5000000000e-01   -3.6089495442e+01    9.9514644167e-01    9.9341176471e-01
       177   -3.6110956232e+01    8.5760195693e-01    2.1181004636e+03    2.1170000000e+03    2.5000000000e-01   -3.6092011946e+01    9.9538535600e-01    9.9385923477e-01
       178   -3.6118920141e+01    8.1323194016e-01    2.1171619307e+03    2.1160000000e+03    1.0000000000e+00   -3.6088675022e+01    9.9464709360e-01    9.9291115312e-01
       179   -3.6097599726e+01    8.0596074653e-01    2.1199255079e+03    2.1190000000e+03    7.5000000000e-01   -3.6088633716e+01    9.9481584875e-01    9.9433695139e-01
       180   -3.6083329419e+01    7.9380378252e-01    2.1139194558e+03    2.1140000000e+03    5.0000000000e-01   -3.6090201804e+01    9.9400991816e-01    9.9574266793e-01
       181   -3.6072165852e+01    8.5504224442e-01    2.1174815330e+03    2.1180000000e+03    7.5000000000e-01   -3.6087536347e+01    9.9406023478e-01    9.9102927290e-01
       182   -3.6070717543e+01    7.6827719155e-01    2.1102433941e+03    2.1110000000e+03    0.0000000000e+00   -3.6089320663e+01    9.9466492992e-01    9.9431549029e-01
       183   -3.6082929056e+01    7.6098984529e-01    2.1146137223e+03    2.1150000000e+03    2.5000000000e-01   -3.6085987086e+01    9.9601376036e-01    9.9574468085e-01
       184   -3.6070959290e+01    8.0277296301e-01    2.1143914531e+03    2.1150000000e+03    5.0000000000e-01   -3.6088219863e+01    9.9452221805e-01    9.9479905437e-01
       185   -3.6082762054e+01    7.7149942967e-01    2.1135110853e+03    2.1140000000e+03    7.5000000000e-01   -3.6088204128e+01    9.9567878906e-01    9.9432355724e-01
       186   -3.6100951224e+01    8.2082067726e-01    2.1100769667e+03    2.1100000000e+03    2.5000000000e-01   -3.6087947077e+01    9.9547087319e-01    9.9431279621e-01
       187   -3.6094632533e+01    7.7501906578e-01    2.1064057424e+03    2.1060000000e+03    7.5000000000e-01   -3.6086587328e+01    9.9478665531e-01    9.9667616334e-01
       188   -3.6093577890e+01    8.5222555520e-01    2.1051126893e+03    2.1050000000e+03    7.5000000000e-01   -3.6085071590e+01    9.9485178990e-01    9.9144893112e-01
       189   -3.6067425233e+01    7.5597106900e-01    2.0947646901e+03    2.0950000000e+03    7.5000000000e-01   -3.6084674254e+01    9.9521958159e-01    9.9379474940e-01
       190   -3.6068590554e+01    7.0675754231e-01    2.0945171658e+03    2.0950000000e+03    5.0000000000e-01   -3.6079806813e+01    9.9540890540e-01    9.9474940334e-01
       191   -3.6053121533e+01    7.1151856857e-01    2.0971590377e+03    2.0980000000e+03    7.5000000000e-01   -3.6079755083e+01    9.9531509823e-01    9.9475691134e-01
       192   -3.6054752110e+01    7.1356092108e-01    2.0998641680e+03    2.1010000000e+03    5.0000000000e-01   -3.6080991347e+01    9.9455128589e-01    9.9476439791e-01
       193   -3.6069368437e+01    7.5165600585e-01    2.0970724932e+03    2.0980000000e+03    2.5000000000e-01   -3.6082265855e+01    9.9514815580e-01    9.9094375596e-01
       194   -3.6096825740e+01    7.7153502824e-01    2.0921794809e+03    2.0920000000e+03    5.0000000000e-01   -3.6081005122e+01    9.9476061529e-01    9.9091778203e-01
       195   -3.6106617357e+01    7.6070076429e-01    2.0910833671e+03    2.0900000000e+03    5.0000000000e-01   -3.6078894847e+01    9.9510836430e-01    9.9521531100e-01
       196   -3.6099898073e+01    7.7665674310e-01    2.0990554820e+03    2.0980000000e+03    7.5000000000e-01   -3.6078649579e+01    9.9466717350e-01    9.9475691134e-01
       197   -3.6090115032e+01    7.6557123279e-01    2.0994417564e+03    2.0990000000e+03    5.0000000000e-01   -3.6082692430e+01    9.9519622836e-01    9.9666507861e-01
       198   -3.6087154831e+01    7.6217264612e-01    2.0980826329e+03    2.0980000000e+03    1.0000000000e+00   -3.6083056472e+01    9.9520438064e-01    9.9475691134e-01
       199   -3.6066912060e+01    6.8159438264e-01    2.0967600959e+03    2.0970000000e+03    7.5000000000e-01   -3.6082570375e+01    9.9502904648e-01    9.9141630901e-01
