#   index    LocalEnergy         LocalEnergy_sq      LocalPotential      Kinetic             LocalECP            NonLocalECP         ElecElec            IonIon              BlockWeight         BlockCPU            AcceptRatio         
         0   -3.6059837792e+01    1.3009809576e+03   -4.7800908211e+01    1.1741070420e+01   -8.4966952574e+00    3.6891263488e+00   -6.5752398288e+00   -3.6418099474e+01    2.0497362598e+04    2.0788729380e+00    9.9882495892e-01
         1   -3.6069299935e+01    1.3017585113e+03   -4.7811277167e+01    1.1741977233e+01   -8.5556127039e+00    3.7325561557e+00   -6.5701211449e+00   -3.6418099474e+01    2.0498623330e+04    2.0766925280e+00    9.9889949154e-01
         2   -3.6084786932e+01    1.3028410186e+03   -4.7748643645e+01    1.1663856713e+01   -8.5621360268e+00    3.7892193615e+00   -6.5576275054e+00   -3.6418099474e+01    2.0463203683e+04    2.0666984860e+00    9.9891642704e-01
         3   -3.6100433529e+01    1.3039668060e+03   -4.7779877551e+01    1.1679444022e+01   -8.6283936425e+00    3.7820903769e+00   -6.5154748115e+00   -3.6418099474e+01    2.0647193042e+04    2.0971469580e+00    9.9881159962e-01
         4   -3.6101153700e+01    1.3039986831e+03   -4.7828009207e+01    1.1726855507e+01   -8.5099067941e+00    3.6377400594e+00   -6.5377429980e+00   -3.6418099474e+01    2.0725751572e+04    2.0939313110e+00    9.9889033628e-01
         5   -3.6114753117e+01    1.3049695851e+03   -4.7694220888e+01    1.1579467771e+01   -8.4602263829e+00    3.7016995019e+00   -6.5175945326e+00   -3.6418099474e+01    2.0800423698e+04    2.1005110520e+00    9.9886332418e-01
         6   -3.6095596010e+01    1.3036104333e+03   -4.7675605282e+01    1.1580009272e+01   -8.5454179763e+00    3.8107622554e+00   -6.5228500865e+00   -3.6418099474e+01    2.0807831599e+04    2.1484418540e+00    9.9886397957e-01
         7   -3.6100772715e+01    1.3041810315e+03   -4.7822303156e+01    1.1721530440e+01   -8.4667307095e+00    3.5746666450e+00   -6.5121396170e+00   -3.6418099474e+01    2.0711937720e+04    2.1018858730e+00    9.9889314162e-01
         8   -3.6124950538e+01    1.3058287851e+03   -4.7930748844e+01    1.1805798306e+01   -8.4711560996e+00    3.4940551086e+00   -6.5355483792e+00   -3.6418099474e+01    2.0807106453e+04    2.1043329300e+00    9.9888773696e-01
         9   -3.6097980674e+01    1.3037823268e+03   -4.7876555913e+01    1.1778575238e+01   -8.4894321370e+00    3.5544473763e+00   -6.5234716776e+00   -3.6418099474e+01    2.0721557681e+04    2.1109577490e+00    9.9887988971e-01
        10   -3.6083081744e+01    1.3026509575e+03   -4.7874011036e+01    1.1790929292e+01   -8.5356566423e+00    3.5964162354e+00   -6.5166711548e+00   -3.6418099474e+01    2.0610856806e+04    2.1143365720e+00    9.9880294085e-01
        11   -3.6119390715e+01    1.3052912246e+03   -4.7780135914e+01    1.1660745199e+01   -8.5115596765e+00    3.6652382508e+00   -6.5157150141e+00   -3.6418099474e+01    2.0609369462e+04    2.1007994330e+00    9.9887000950e-01
        12   -3.6100055135e+01    1.3039082049e+03   -4.7813388437e+01    1.1713333302e+01   -8.5528963190e+00    3.6737833388e+00   -6.5161759825e+00   -3.6418099474e+01    2.0598382134e+04    2.0949094880e+00    9.9881414702e-01
        13   -3.6086215678e+01    1.3029222116e+03   -4.7765428960e+01    1.1679213282e+01   -8.6037665890e+00    3.7690833687e+00   -6.5126462653e+00   -3.6418099474e+01    2.0611876637e+04    2.0841827850e+00    9.9887916459e-01
        14   -3.6090696046e+01    1.3031971636e+03   -4.7799078386e+01    1.1708382340e+01   -8.5734614241e+00    3.6994214908e+00   -6.5069389784e+00   -3.6418099474e+01    2.0509257314e+04    2.0808049790e+00    9.9882995320e-01
        15   -3.6086202827e+01    1.3028838678e+03   -4.7878404881e+01    1.1792202054e+01   -8.5081654550e+00    3.5862044970e+00   -6.5383444492e+00   -3.6418099474e+01    2.0322749656e+04    2.0499333780e+00    9.9878574240e-01
        16   -3.6101518524e+01    1.3039956630e+03   -4.7856527189e+01    1.1755008665e+01   -8.4449988653e+00    3.5618444758e+00   -6.5552733254e+00   -3.6418099474e+01    2.0338635365e+04    2.0530916980e+00    9.9877246960e-01
        17   -3.6111531406e+01    1.3047504325e+03   -4.7731724245e+01    1.1620192840e+01   -8.4902090357e+00    3.7267185362e+00   -6.5501342715e+00   -3.6418099474e+01    2.0378726122e+04    2.0580654340e+00    9.9887467134e-01
        18   -3.6118317105e+01    1.3052245429e+03   -4.7799008474e+01    1.1680691369e+01   -8.5391005886e+00    3.7116732943e+00   -6.5534817059e+00   -3.6418099474e+01    2.0455949747e+04    2.0637912440e+00    9.9888414685e-01
        19   -3.6114304280e+01    1.3049638446e+03   -4.7825695234e+01    1.1711390954e+01   -8.5686242306e+00    3.7040728165e+00   -6.5430443462e+00   -3.6418099474e+01    2.0499399924e+04    2.0858872050e+00    9.9882735453e-01
        20   -3.6092970745e+01    1.3034068037e+03   -4.7734222622e+01    1.1641251877e+01   -8.5660176166e+00    3.7859445065e+00   -6.5360500378e+00   -3.6418099474e+01    2.0501148755e+04    2.0774082380e+00    9.9888692247e-01
        21   -3.6091077621e+01    1.3032729869e+03   -4.7724747399e+01    1.1633669777e+01   -8.5165751969e+00    3.7588107412e+00   -6.5488834687e+00   -3.6418099474e+01    2.0159448189e+04    2.0453953480e+00    9.9882363779e-01
        22   -3.6097105804e+01    1.3037048424e+03   -4.7691010184e+01    1.1593904380e+01   -8.4873776933e+00    3.7505862989e+00   -6.5361193155e+00   -3.6418099474e+01    1.9992238899e+04    2.0169041240e+00    9.9889933960e-01
        23   -3.6102630737e+01    1.3040861168e+03   -4.7635009709e+01    1.1532378971e+01   -8.4951850251e+00    3.8315956475e+00   -6.5533208568e+00   -3.6418099474e+01    2.0009865753e+04    2.0415431640e+00    9.9890741600e-01
        24   -3.6094072500e+01    1.3034867504e+03   -4.7702301317e+01    1.1608228817e+01   -8.4926008695e+00    3.7686864966e+00   -6.5602874697e+00   -3.6418099474e+01    2.0091529954e+04    2.0487815920e+00    9.9893865157e-01
        25   -3.6086702580e+01    1.3029324433e+03   -4.7776078907e+01    1.1689376328e+01   -8.5429755310e+00    3.7472453753e+00   -6.5622492775e+00   -3.6418099474e+01    1.9964334733e+04    2.0216788160e+00    9.9890506248e-01
        26   -3.6087793732e+01    1.3030356683e+03   -4.7720833092e+01    1.1633039360e+01   -8.5558463589e+00    3.8233789767e+00   -6.5702662355e+00   -3.6418099474e+01    1.9932932893e+04    2.0395925360e+00    9.9889613648e-01
        27   -3.6092496924e+01    1.3033667024e+03   -4.7698285090e+01    1.1605788167e+01   -8.5431610185e+00    3.8132313932e+00   -6.5502559909e+00   -3.6418099474e+01    1.9939766150e+04    2.0237649330e+00    9.9892334040e-01
        28   -3.6100617720e+01    1.3039589874e+03   -4.7597089770e+01    1.1496472051e+01   -8.5695259776e+00    3.9122940124e+00   -6.5217583309e+00   -3.6418099474e+01    1.9918884791e+04    2.0438212660e+00    9.9891312926e-01
        29   -3.6088749749e+01    1.3031026327e+03   -4.7645413693e+01    1.1556663944e+01   -8.5568340327e+00    3.8658311040e+00   -6.5363112897e+00   -3.6418099474e+01    2.0033676002e+04    2.0390245250e+00    9.9889991941e-01
        30   -3.6095491005e+01    1.3035443202e+03   -4.7714706686e+01    1.1619215680e+01   -8.5253808220e+00    3.8130782404e+00   -6.5843046299e+00   -3.6418099474e+01    1.9945283724e+04    2.0260801970e+00    9.9888062642e-01
        31   -3.6116751471e+01    1.3051447281e+03   -4.7822471751e+01    1.1705720279e+01   -8.5109941210e+00    3.6595558196e+00   -6.5529339749e+00   -3.6418099474e+01    1.9981422323e+04    2.0336118160e+00    9.9885023353e-01
        32   -3.6132814652e+01    1.3063283632e+03   -4.7790188118e+01    1.1657373466e+01   -8.5729607443e+00    3.7409373695e+00   -6.5400652692e+00   -3.6418099474e+01    2.0046097355e+04    2.0414753180e+00    9.9882705266e-01
        33   -3.6108443667e+01    1.3045267776e+03   -4.7767892558e+01    1.1659448891e+01   -8.6305492274e+00    3.8145521762e+00   -6.5337960328e+00   -3.6418099474e+01    2.0223147706e+04    2.0371737240e+00    9.9893134463e-01
        34   -3.6099619388e+01    1.3038739309e+03   -4.7743987891e+01    1.1644368504e+01   -8.6019380425e+00    3.7980384392e+00   -6.5219888138e+00   -3.6418099474e+01    2.0222524428e+04    2.0361480160e+00    9.9882718666e-01
        35   -3.6086975295e+01    1.3029929739e+03   -4.7754918870e+01    1.1667943575e+01   -8.5601244952e+00    3.7488872741e+00   -6.5255821742e+00   -3.6418099474e+01    2.0312367552e+04    2.0446211890e+00    9.9880090864e-01
        36   -3.6088655973e+01    1.3031040539e+03   -4.7780603288e+01    1.1691947315e+01   -8.5788515586e+00    3.7459182923e+00   -6.5295705475e+00   -3.6418099474e+01    2.0342480084e+04    2.0520692340e+00    9.9887646761e-01
        37   -3.6113153983e+01    1.3048969649e+03   -4.7887247085e+01    1.1774093102e+01   -8.5005165086e+00    3.5462187686e+00   -6.5148498707e+00   -3.6418099474e+01    2.0324400835e+04    2.0454320450e+00    9.9897356580e-01
        38   -3.6086126465e+01    1.3029372722e+03   -4.7718121551e+01    1.1631995086e+01   -8.5557416616e+00    3.7653369481e+00   -6.5096173636e+00   -3.6418099474e+01    2.0319639788e+04    2.0570417040e+00    9.9884707586e-01
        39   -3.6093798317e+01    1.3034759484e+03   -4.7740427576e+01    1.1646629259e+01   -8.5552640821e+00    3.7670288414e+00   -6.5340928609e+00   -3.6418099474e+01    2.0313561428e+04    2.0714331230e+00    9.9884486360e-01
        40   -3.6098112476e+01    1.3038081820e+03   -4.7660137625e+01    1.1562025149e+01   -8.5596125132e+00    3.8717136742e+00   -6.5541393117e+00   -3.6418099474e+01    2.0266908318e+04    2.0443121570e+00    9.9881392972e-01
        41   -3.6077120017e+01    1.3022872273e+03   -4.7648714874e+01    1.1571594857e+01   -8.5662527579e+00    3.8748403172e+00   -6.5392029596e+00   -3.6418099474e+01    2.0261760964e+04    2.0376817700e+00    9.9881563364e-01
        42   -3.6082240184e+01    1.3027410255e+03   -4.7660469220e+01    1.1578229036e+01   -8.6152860422e+00    3.9011914476e+00   -6.5282751513e+00   -3.6418099474e+01    2.0145636415e+04    2.0295475280e+00    9.9892569954e-01
        43   -3.6076752920e+01    1.3022060342e+03   -4.7725507957e+01    1.1648755037e+01   -8.6106142834e+00    3.8158628618e+00   -6.5126570609e+00   -3.6418099474e+01    2.0072705841e+04    2.0355350090e+00    9.9887197444e-01
        44   -3.6072085875e+01    1.3019035413e+03   -4.7778450717e+01    1.1706364842e+01   -8.6321309025e+00    3.7840279026e+00   -6.5122482434e+00   -3.6418099474e+01    2.0113597930e+04    2.0354338770e+00    9.9877490146e-01
        45   -3.6088205248e+01    1.3030863267e+03   -4.7815585592e+01    1.1727380344e+01   -8.6571490235e+00    3.7369068700e+00   -6.4772439646e+00   -3.6418099474e+01    2.0278166245e+04    2.0568167190e+00    9.9886400462e-01
        46   -3.6099195704e+01    1.3039055111e+03   -4.7787853836e+01    1.1688658132e+01   -8.7084707395e+00    3.8275572533e+00   -6.4888408759e+00   -3.6418099474e+01    2.0405021673e+04    2.0594005830e+00    9.9883951326e-01
        47   -3.6097299992e+01    1.3037682310e+03   -4.7842025295e+01    1.1744725303e+01   -8.6243726035e+00    3.7190445724e+00   -6.5185977898e+00   -3.6418099474e+01    2.0472186457e+04    2.0769112240e+00    9.9887825881e-01
        48   -3.6078589464e+01    1.3023898504e+03   -4.7823212535e+01    1.1744623072e+01   -8.6598976694e+00    3.8046546988e+00   -6.5498700905e+00   -3.6418099474e+01    2.0284093034e+04    2.0578103540e+00    9.9884508669e-01
        49   -3.6074277436e+01    1.3020500812e+03   -4.7865447552e+01    1.1791170116e+01   -8.6497527721e+00    3.7374526730e+00   -6.5350479786e+00   -3.6418099474e+01    2.0279456902e+04    2.0508933650e+00    9.9895227295e-01
        50   -3.6073675921e+01    1.3020828982e+03   -4.7777130284e+01    1.1703454363e+01   -8.6460839865e+00    3.8270557988e+00   -6.5400026218e+00   -3.6418099474e+01    2.0377026584e+04    2.0515285300e+00    9.9886448863e-01
        51   -3.6062757251e+01    1.3012724088e+03   -4.7820499239e+01    1.1757741988e+01   -8.6052981751e+00    3.7707094735e+00   -6.5678110631e+00   -3.6418099474e+01    2.0327408995e+04    2.0492634040e+00    9.9888288567e-01
        52   -3.6077282764e+01    1.3022992340e+03   -4.7742173705e+01    1.1664890942e+01   -8.5701318253e+00    3.7910196278e+00   -6.5449620337e+00   -3.6418099474e+01    2.0187058600e+04    2.0396084530e+00    9.9884832574e-01
        53   -3.6086289676e+01    1.3029650700e+03   -4.7832533527e+01    1.1746243850e+01   -8.6058020273e+00    3.7332210738e+00   -6.5418530989e+00   -3.6418099474e+01    2.0154329062e+04    2.0354037260e+00    9.9877366716e-01
        54   -3.6092928698e+01    1.3034438500e+03   -4.7822104268e+01    1.1729175570e+01   -8.6101225764e+00    3.7170977486e+00   -6.5109799660e+00   -3.6418099474e+01    2.0109411004e+04    2.0347060890e+00    9.9873172187e-01
        55   -3.6099735901e+01    1.3039162047e+03   -4.7802139190e+01    1.1702403289e+01   -8.6037715383e+00    3.7415454710e+00   -6.5218136486e+00   -3.6418099474e+01    2.0178100525e+04    2.0537099680e+00    9.9890240621e-01
        56   -3.6116147414e+01    1.3050927546e+03   -4.7806472067e+01    1.1690324653e+01   -8.6196636633e+00    3.7247050536e+00   -6.4934139835e+00   -3.6418099474e+01    2.0320637801e+04    2.0583144190e+00    9.9890826624e-01
        57   -3.6104615591e+01    1.3042783482e+03   -4.7784049445e+01    1.1679433854e+01   -8.6621521544e+00    3.7777501109e+00   -6.4815479278e+00   -3.6418099474e+01    2.0297475513e+04    2.1500311570e+00    9.9886138056e-01
        58   -3.6115424954e+01    1.3050391775e+03   -4.7819974730e+01    1.1704549777e+01   -8.5902206971e+00    3.6933877516e+00   -6.5050423108e+00   -3.6418099474e+01    2.0308921402e+04    2.0464772230e+00    9.9886892155e-01
        59   -3.6137498978e+01    1.3066750170e+03   -4.7791809252e+01    1.1654310274e+01   -8.6407027401e+00    3.7851858919e+00   -6.5181929297e+00   -3.6418099474e+01    2.0441866229e+04    2.0621375150e+00    9.9891806671e-01
        60   -3.6133387738e+01    1.3064030791e+03   -4.7839115129e+01    1.1705727391e+01   -8.6383122430e+00    3.7254737832e+00   -6.5081771948e+00   -3.6418099474e+01    2.0728405571e+04    2.1078219860e+00    9.9887978161e-01
        61   -3.6105133835e+01    1.3043395187e+03   -4.7797621625e+01    1.1692487790e+01   -8.6477397586e+00    3.8075625341e+00   -6.5393449262e+00   -3.6418099474e+01    2.0728317688e+04    2.1184135120e+00    9.9881463512e-01
        62   -3.6124210379e+01    1.3056929233e+03   -4.7808676086e+01    1.1684465707e+01   -8.6693172993e+00    3.8240686572e+00   -6.5453279701e+00   -3.6418099474e+01    2.0700021816e+04    2.1040779190e+00    9.9890080688e-01
        63   -3.6126522354e+01    1.3058890109e+03   -4.7901417882e+01    1.1774895528e+01   -8.6024180456e+00    3.6694539600e+00   -6.5503543227e+00   -3.6418099474e+01    2.0689109034e+04    2.1043283010e+00    9.9889844263e-01
        64   -3.6117108487e+01    1.3051663837e+03   -4.7926347951e+01    1.1809239464e+01   -8.6098205316e+00    3.6642946763e+00   -6.5627226211e+00   -3.6418099474e+01    2.0778866986e+04    2.1185719100e+00    9.9884493214e-01
        65   -3.6130987680e+01    1.3061692621e+03   -4.7820021885e+01    1.1689034205e+01   -8.5903039439e+00    3.7578939222e+00   -6.5695123895e+00   -3.6418099474e+01    2.0679170998e+04    2.1149197540e+00    9.9889618241e-01
        66   -3.6131223723e+01    1.3061755290e+03   -4.7764188193e+01    1.1632964470e+01   -8.5975478807e+00    3.8046170264e+00   -6.5531578648e+00   -3.6418099474e+01    2.0642979958e+04    2.1027033010e+00    9.9885440173e-01
        67   -3.6121086315e+01    1.3054289430e+03   -4.7876057143e+01    1.1754970828e+01   -8.5331906324e+00    3.6284321971e+00   -6.5531992340e+00   -3.6418099474e+01    2.0767771772e+04    2.1146422630e+00    9.9887694170e-01
        68   -3.6125740134e+01    1.3059199966e+03   -4.7882797623e+01    1.1757057489e+01   -8.5518024440e+00    3.6404297503e+00   -6.5533254553e+00   -3.6418099474e+01    2.0733723458e+04    2.1078323330e+00    9.9889404923e-01
        69   -3.6131486133e+01    1.3062626846e+03   -4.7893615555e+01    1.1762129422e+01   -8.5935883524e+00    3.6457516291e+00   -6.5276793577e+00   -3.6418099474e+01    2.0782201777e+04    2.1047990930e+00    9.9885701911e-01
        70   -3.6115628494e+01    1.3050655259e+03   -4.7942295675e+01    1.1826667181e+01   -8.5463878544e+00    3.5661207891e+00   -6.5439291356e+00   -3.6418099474e+01    2.0660192261e+04    2.0886758260e+00    9.9885902374e-01
        71   -3.6118770746e+01    1.3052553063e+03   -4.7868264404e+01    1.1749493658e+01   -8.5431007094e+00    3.6323196670e+00   -6.5393838877e+00   -3.6418099474e+01    2.0703315581e+04    2.0972051150e+00    9.9887692010e-01
        72   -3.6105286715e+01    1.3043077120e+03   -4.7801317704e+01    1.1696030989e+01   -8.5228240536e+00    3.7124597212e+00   -6.5728538975e+00   -3.6418099474e+01    2.0647339406e+04    2.0971766940e+00    9.9889473903e-01
        73   -3.6117570779e+01    1.3052106853e+03   -4.7821169374e+01    1.1703598594e+01   -8.5466670505e+00    3.6977243156e+00   -6.5541271645e+00   -3.6418099474e+01    2.0507811844e+04    2.0884968860e+00    9.9887135542e-01
        74   -3.6116683907e+01    1.3051477624e+03   -4.7876315737e+01    1.1759631829e+01   -8.5466976363e+00    3.6496668269e+00   -6.5611854530e+00   -3.6418099474e+01    2.0454263283e+04    2.0812015700e+00    9.9887710695e-01
        75   -3.6103118072e+01    1.3041360398e+03   -4.7885479989e+01    1.1782361917e+01   -8.4788052860e+00    3.5658409619e+00   -6.5544161911e+00   -3.6418099474e+01    2.0409407833e+04    2.0656375230e+00    9.9890624125e-01
        76   -3.6108554507e+01    1.3045031231e+03   -4.7801545378e+01    1.1692990871e+01   -8.3892238281e+00    3.5453490599e+00   -6.5395711354e+00   -3.6418099474e+01    2.0416785437e+04    2.0635465680e+00    9.9896609636e-01
        77   -3.6102750493e+01    1.3040685173e+03   -4.7747054904e+01    1.1644304411e+01   -8.4448451911e+00    3.6663322051e+00   -6.5504424434e+00   -3.6418099474e+01    2.0296737913e+04    2.0510455470e+00    9.9880336466e-01
        78   -3.6105632162e+01    1.3043063118e+03   -4.7690775678e+01    1.1585143516e+01   -8.4760330040e+00    3.7590443633e+00   -6.5556875635e+00   -3.6418099474e+01    2.0215049868e+04    2.0506606060e+00    9.9890794970e-01
        79   -3.6083296929e+01    1.3027301439e+03   -4.7694604446e+01    1.1611307518e+01   -8.4358697895e+00    3.7187013889e+00   -6.5593365715e+00   -3.6418099474e+01    2.0327807383e+04    2.0643750140e+00    9.9880718151e-01
        80   -3.6087823323e+01    1.3030871805e+03   -4.7795495660e+01    1.1707672337e+01   -8.4052432963e+00    3.5981180412e+00   -6.5702709304e+00   -3.6418099474e+01    2.0401752792e+04    2.0604512310e+00    9.9882376005e-01
        81   -3.6077899877e+01    1.3023341236e+03   -4.7760790212e+01    1.1682890335e+01   -8.4158593935e+00    3.6396681094e+00   -6.5664994533e+00   -3.6418099474e+01    2.0472542960e+04    2.0836375910e+00    9.9888027683e-01
        82   -3.6074553541e+01    1.3020903428e+03   -4.7623098442e+01    1.1548544901e+01   -8.4215791775e+00    3.7496559604e+00   -6.5330757505e+00   -3.6418099474e+01    2.0678413604e+04    2.0979501220e+00    9.9886396597e-01
        83   -3.6079134354e+01    1.3024145461e+03   -4.7691138602e+01    1.1612004248e+01   -8.3685662465e+00    3.6454622870e+00   -6.5499351687e+00   -3.6418099474e+01    2.0652056509e+04    2.0954874290e+00    9.9885551084e-01
        84   -3.6074350662e+01    1.3021053847e+03   -4.7704057059e+01    1.1629706397e+01   -8.3670039795e+00    3.6297294526e+00   -6.5486830582e+00   -3.6418099474e+01    2.0649199103e+04    2.1018079170e+00    9.9890213625e-01
        85   -3.6096087197e+01    1.3036483472e+03   -4.7633198593e+01    1.1537111396e+01   -8.4038827492e+00    3.7136027753e+00   -6.5248191450e+00   -3.6418099474e+01    2.0756884719e+04    2.1095471410e+00    9.9886285439e-01
        86   -3.6067532480e+01    1.3016064098e+03   -4.7684749836e+01    1.1617217356e+01   -8.3115049264e+00    3.5776220058e+00   -6.5327674414e+00   -3.6418099474e+01    2.0691977723e+04    2.1486035330e+00    9.9880958132e-01
        87   -3.6084978584e+01    1.3028516099e+03   -4.7771937456e+01    1.1686958872e+01   -8.2844810587e+00    3.4750492074e+00   -6.5444061309e+00   -3.6418099474e+01    2.0442040206e+04    2.0695250990e+00    9.9891171436e-01
        88   -3.6083144038e+01    1.3027364882e+03   -4.7725640787e+01    1.1642496750e+01   -8.3228166656e+00    3.5657851932e+00   -6.5505098409e+00   -3.6418099474e+01    2.0275873786e+04    2.0554292950e+00    9.9888156180e-01
        89   -3.6116231729e+01    1.3051176656e+03   -4.7684468359e+01    1.1568236629e+01   -8.3244456715e+00    3.6290745318e+00   -6.5709977447e+00   -3.6418099474e+01    2.0325779271e+04    2.0497268120e+00    9.9892792115e-01
        90   -3.6105892805e+01    1.3043526834e+03   -4.7639114954e+01    1.1533222150e+01   -8.3371909994e+00    3.6820696242e+00   -6.5658941049e+00   -3.6418099474e+01    2.0357797331e+04    2.0458497210e+00    9.9891216619e-01
        91   -3.6103225794e+01    1.3041337146e+03   -4.7822826545e+01    1.1719600751e+01   -8.3147181248e+00    3.5003868045e+00   -6.5903957507e+00   -3.6418099474e+01    2.0167322586e+04    2.0494086900e+00    9.9886820926e-01
        92   -3.6106139142e+01    1.3043565576e+03   -4.7779770427e+01    1.1673631286e+01   -8.3610922441e+00    3.5940605018e+00   -6.5946392107e+00   -3.6418099474e+01    2.0118789119e+04    2.0396342910e+00    9.9894707311e-01
        93   -3.6127153176e+01    1.3059343057e+03   -4.7767042448e+01    1.1639889273e+01   -8.3641983879e+00    3.6250259572e+00   -6.6097705435e+00   -3.6418099474e+01    2.0305466226e+04    2.0445357590e+00    9.9891790887e-01
        94   -3.6108279954e+01    1.3045395674e+03   -4.7685486918e+01    1.1577206964e+01   -8.4395841482e+00    3.7677844225e+00   -6.5955877182e+00   -3.6418099474e+01    2.0376786268e+04    2.0504034020e+00    9.9879923993e-01
        95   -3.6114601557e+01    1.3049939382e+03   -4.7713999277e+01    1.1599397720e+01   -8.5159400161e+00    3.8073362754e+00   -6.5872960617e+00   -3.6418099474e+01    2.0548161136e+04    2.0826627480e+00    9.9896747368e-01
        96   -3.6112485602e+01    1.3048092363e+03   -4.7796695249e+01    1.1684209647e+01   -8.5071479207e+00    3.7334446994e+00   -6.6048925535e+00   -3.6418099474e+01    2.0617281134e+04    2.0904150800e+00    9.9882719386e-01
        97   -3.6123180120e+01    1.3056333553e+03   -4.7804050015e+01    1.1680869895e+01   -8.5356045139e+00    3.7651624795e+00   -6.6155085066e+00   -3.6418099474e+01    2.0640125823e+04    2.0945284720e+00    9.9887338276e-01
        98   -3.6150417791e+01    1.3076159376e+03   -4.7846661159e+01    1.1696243368e+01   -8.5252811796e+00    3.7013131881e+00   -6.6045936937e+00   -3.6418099474e+01    2.0716601589e+04    2.0957441360e+00    9.9889282093e-01
        99   -3.6124849277e+01    1.3057067608e+03   -4.7806265835e+01    1.1681416558e+01   -8.5048364197e+00    3.7140720811e+00   -6.5974020225e+00   -3.6418099474e+01    2.0699079769e+04    2.0858429880e+00    9.9892836435e-01
       100   -3.6117891165e+01    1.3052647134e+03   -4.7751879241e+01    1.1633988076e+01   -8.5034553357e+00    3.7380675823e+00   -6.5683920133e+00   -3.6418099474e+01    2.0716657343e+04    2.0958776570e+00    9.9899663476e-01
       101   -3.6125012632e+01    1.3057797630e+03   -4.7876805195e+01    1.1751792563e+01   -8.4868977271e+00    3.6131366864e+00   -6.5849446801e+00   -3.6418099474e+01    2.0722698374e+04    2.1029192950e+00    9.9888134308e-01
       102   -3.6120323306e+01    1.3054505939e+03   -4.7849594961e+01    1.1729271655e+01   -8.4825267451e+00    3.6417050101e+00   -6.5906737522e+00   -3.6418099474e+01    2.0744991779e+04    2.1049164020e+00    9.9888608066e-01
       103   -3.6129321906e+01    1.3060459694e+03   -4.7764714890e+01    1.1635392984e+01   -8.4440166133e+00    3.7018892024e+00   -6.6044880051e+00   -3.6418099474e+01    2.0659368262e+04    2.1037384320e+00    9.9889343809e-01
       104   -3.6148814376e+01    1.3074465440e+03   -4.7680883234e+01    1.1532068859e+01   -8.4740951487e+00    3.8128656022e+00   -6.6015542138e+00   -3.6418099474e+01    2.0738859431e+04    2.1007780660e+00    9.9889060390e-01
       105   -3.6115094879e+01    1.3049727240e+03   -4.7770543084e+01    1.1655448205e+01   -8.4506816382e+00    3.7210454816e+00   -6.6228074534e+00   -3.6418099474e+01    2.0639361089e+04    2.0964841960e+00    9.9885786275e-01
       106   -3.6102704099e+01    1.3041284613e+03   -4.7807392491e+01    1.1704688391e+01   -8.5378111758e+00    3.7775460449e+00   -6.6290278856e+00   -3.6418099474e+01    2.0577667757e+04    2.0900048780e+00    9.9885458824e-01
       107   -3.6115264568e+01    1.3050745442e+03   -4.7877192902e+01    1.1761928334e+01   -8.4954088527e+00    3.6307245126e+00   -6.5944090877e+00   -3.6418099474e+01    2.0561069626e+04    2.1004442180e+00    9.9886395220e-01
       108   -3.6132602249e+01    1.3062993176e+03   -4.7706762787e+01    1.1574160538e+01   -8.5010735902e+00    3.7874121396e+00   -6.5750018622e+00   -3.6418099474e+01    2.0709788604e+04    2.1004366940e+00    9.9885643913e-01
       109   -3.6127753593e+01    1.3059626741e+03   -4.7701868240e+01    1.1574114647e+01   -8.5175559731e+00    3.8009476439e+00   -6.5671604365e+00   -3.6418099474e+01    2.0690950404e+04    2.0979201970e+00    9.9881228594e-01
       110   -3.6123462521e+01    1.3056087143e+03   -4.7753905955e+01    1.1630443434e+01   -8.4373424462e+00    3.6811344486e+00   -6.5795984828e+00   -3.6418099474e+01    2.0747608097e+04    2.1012255970e+00    9.9893094710e-01
       111   -3.6121230147e+01    1.3054631503e+03   -4.7619973405e+01    1.1498743257e+01   -8.4764188000e+00    3.8423907693e+00   -6.5678459000e+00   -3.6418099474e+01    2.0814261652e+04    2.1072236460e+00    9.9883148705e-01
       112   -3.6115581994e+01    1.3050536866e+03   -4.7713643860e+01    1.1598061866e+01   -8.4942364105e+00    3.7605946758e+00   -6.5619026513e+00   -3.6418099474e+01    2.0927890639e+04    2.1108897350e+00    9.9889939253e-01
       113   -3.6113529279e+01    1.3048849461e+03   -4.7779565325e+01    1.1666036045e+01   -8.4215092629e+00    3.6317171094e+00   -6.5716736969e+00   -3.6418099474e+01    2.0814586899e+04    2.1018001320e+00    9.9882988361e-01
       114   -3.6113177624e+01    1.3049118594e+03   -4.7722424529e+01    1.1609246905e+01   -8.4639868930e+00    3.7010360910e+00   -6.5413742532e+00   -3.6418099474e+01    2.0836398699e+04    2.1344887710e+00    9.9887225262e-01
       115   -3.6104838298e+01    1.3042700799e+03   -4.7842081293e+01    1.1737242995e+01   -8.4229950147e+00    3.5600385014e+00   -6.5610253058e+00   -3.6418099474e+01    2.0904947642e+04    2.1085416550e+00    9.9886924974e-01
       116   -3.6103978046e+01    1.3042387927e+03   -4.7836153336e+01    1.1732175290e+01   -8.4364010122e+00    3.5695183269e+00   -6.5511711767e+00   -3.6418099474e+01    2.0858907921e+04    2.1092507910e+00    9.9893009497e-01
       117   -3.6121467372e+01    1.3054720126e+03   -4.7773183620e+01    1.1651716248e+01   -8.4751357820e+00    3.6786373842e+00   -6.5585857476e+00   -3.6418099474e+01    2.0689210097e+04    2.1032024890e+00    9.9885889681e-01
       118   -3.6127197837e+01    1.3058732302e+03   -4.7755296206e+01    1.1628098369e+01   -8.4994499394e+00    3.7071760626e+00   -6.5449228553e+00   -3.6418099474e+01    2.0618676263e+04    2.1015405830e+00    9.9892242126e-01
       119   -3.6121680875e+01    1.3054945833e+03   -4.7737839683e+01    1.1616158808e+01   -8.5035450675e+00    3.7395682335e+00   -6.5557633746e+00   -3.6418099474e+01    2.0565587918e+04    2.1028093370e+00    9.9883285513e-01
       120   -3.6129624227e+01    1.3060452704e+03   -4.7722022804e+01    1.1592398576e+01   -8.5265377841e+00    3.7770731883e+00   -6.5544587335e+00   -3.6418099474e+01    2.0620453481e+04    2.0978572600e+00    9.9876315662e-01
       121   -3.6144626883e+01    1.3071888244e+03   -4.7759492168e+01    1.1614865286e+01   -8.4748836115e+00    3.6652668109e+00   -6.5317758935e+00   -3.6418099474e+01    2.0722194599e+04    2.0933555170e+00    9.9887078311e-01
       122   -3.6139579172e+01    1.3070550316e+03   -4.7820644519e+01    1.1681065348e+01   -8.4241928827e+00    3.5586987855e+00   -6.5370509477e+00   -3.6418099474e+01    2.0732286716e+04    2.1013936860e+00    9.9888527460e-01
       123   -3.6142643418e+01    1.3071955153e+03   -4.7864212822e+01    1.1721569404e+01   -8.4059057238e+00    3.5164344092e+00   -6.5566420337e+00   -3.6418099474e+01    2.0729895770e+04    2.0947790790e+00    9.9892814062e-01
       124   -3.6141562027e+01    1.3069678809e+03   -4.7763189195e+01    1.1621627168e+01   -8.4096649626e+00    3.6166331128e+00   -6.5520578709e+00   -3.6418099474e+01    2.0723434465e+04    2.0952882630e+00    9.9880372053e-01
       125   -3.6116794070e+01    1.3051405134e+03   -4.7789210165e+01    1.1672416095e+01   -8.4159328787e+00    3.5986488958e+00   -6.5538267077e+00   -3.6418099474e+01    2.0655920532e+04    2.0987023350e+00    9.9895908981e-01
       126   -3.6119700109e+01    1.3053292610e+03   -4.7753022943e+01    1.1633322834e+01   -8.4588771769e+00    3.6661594844e+00   -6.5422057764e+00   -3.6418099474e+01    2.0599252044e+04    2.1031925430e+00    9.9884524156e-01
       127   -3.6121440339e+01    1.3054485672e+03   -4.7628053045e+01    1.1506612706e+01   -8.4936999140e+00    3.8136781848e+00   -6.5299318411e+00   -3.6418099474e+01    2.0682412077e+04    2.1035681620e+00    9.9896557917e-01
       128   -3.6112045631e+01    1.3047999885e+03   -4.7708467860e+01    1.1596422228e+01   -8.3983164744e+00    3.6594890415e+00   -6.5515409525e+00   -3.6418099474e+01    2.0625691886e+04    2.1010173480e+00    9.9885546675e-01
       129   -3.6106504015e+01    1.3044203093e+03   -4.7699906922e+01    1.1593402907e+01   -8.3165552199e+00    3.5954309598e+00   -6.5606831877e+00   -3.6418099474e+01    2.0568448811e+04    2.1122870040e+00    9.9886792191e-01
       130   -3.6089070844e+01    1.3031165727e+03   -4.7692567610e+01    1.1603496765e+01   -8.3237528397e+00    3.6102256850e+00   -6.5609409809e+00   -3.6418099474e+01    2.0576464559e+04    2.0950638640e+00    9.9891890579e-01
       131   -3.6114366367e+01    1.3050084397e+03   -4.7702096453e+01    1.1587730085e+01   -8.3432910203e+00    3.6048259204e+00   -6.5455318784e+00   -3.6418099474e+01    2.0484025031e+04    2.0827132010e+00    9.9893988743e-01
       132   -3.6117270353e+01    1.3052262498e+03   -4.7664055687e+01    1.1546785334e+01   -8.4292986261e+00    3.7274126776e+00   -6.5440702646e+00   -3.6418099474e+01    2.0579587404e+04    2.0978110900e+00    9.9879899477e-01
       133   -3.6096265320e+01    1.3036978169e+03   -4.7690291997e+01    1.1594026677e+01   -8.3817425383e+00    3.6616704785e+00   -6.5521204632e+00   -3.6418099474e+01    2.0733626215e+04    2.1013150840e+00    9.9886681454e-01
       134   -3.6099107476e+01    1.3038920729e+03   -4.7802088072e+01    1.1702980596e+01   -8.4289461226e+00    3.5849784811e+00   -6.5400209564e+00   -3.6418099474e+01    2.0806122389e+04    2.1106765310e+00    9.9881930572e-01
       135   -3.6083727263e+01    1.3027459614e+03   -4.7850503498e+01    1.1766776235e+01   -8.4410219290e+00    3.5307064725e+00   -6.5220885678e+00   -3.6418099474e+01    2.0717896920e+04    2.0941634910e+00    9.9888850595e-01
       136   -3.6080726474e+01    1.3025060726e+03   -4.7812755181e+01    1.1732028707e+01   -8.5188630486e+00    3.6587326762e+00   -6.5345253349e+00   -3.6418099474e+01    2.0646136818e+04    2.1009955230e+00    9.9884658749e-01
       137   -3.6095618518e+01    1.3036177761e+03   -4.7786857889e+01    1.1691239371e+01   -8.5348688197e+00    3.7095543060e+00   -6.5434439010e+00   -3.6418099474e+01    2.0460530874e+04    2.0699462310e+00    9.9889521855e-01
       138   -3.6088441536e+01    1.3030766474e+03   -4.7755780126e+01    1.1667338590e+01   -8.6212113848e+00    3.8349231332e+00   -6.5513923999e+00   -3.6418099474e+01    2.0223990941e+04    2.0627065110e+00    9.9886279357e-01
       139   -3.6081574946e+01    1.3026142422e+03   -4.7731013733e+01    1.1649438786e+01   -8.6703105303e+00    3.8927184104e+00   -6.5353221386e+00   -3.6418099474e+01    2.0037356294e+04    2.0310940990e+00    9.9892169164e-01
       140   -3.6079494040e+01    1.3025002409e+03   -4.7765387461e+01    1.1685893420e+01   -8.6357078527e+00    3.8138526595e+00   -6.5254327933e+00   -3.6418099474e+01    2.0192579208e+04    2.0405087910e+00    9.9886640965e-01
       141   -3.6096015677e+01    1.3038302645e+03   -4.7733799032e+01    1.1637783355e+01   -8.5639008500e+00    3.7971970521e+00   -6.5489957603e+00   -3.6418099474e+01    2.0327700629e+04    2.0518513160e+00    9.9881936246e-01
       142   -3.6102319299e+01    1.3041179940e+03   -4.7820257321e+01    1.1717938022e+01   -8.5517423381e+00    3.6763788929e+00   -6.5267944017e+00   -3.6418099474e+01    2.0288187858e+04    2.0760178430e+00    9.9881697639e-01
       143   -3.6099439851e+01    1.3038765861e+03   -4.7800588559e+01    1.1701148708e+01   -8.5410626542e+00    3.7080651497e+00   -6.5494915802e+00   -3.6418099474e+01    2.0356299626e+04    2.0691739490e+00    9.9881221402e-01
       144   -3.6100125128e+01    1.3039273596e+03   -4.7770066742e+01    1.1669941615e+01   -8.5403873169e+00    3.7522029628e+00   -6.5637829141e+00   -3.6418099474e+01    2.0365116536e+04    2.0657482380e+00    9.9885132054e-01
       145   -3.6111631739e+01    1.3047925720e+03   -4.7683308384e+01    1.1571676645e+01   -8.5649828772e+00    3.8748769450e+00   -6.5751029778e+00   -3.6418099474e+01    2.0250316156e+04    2.0581454710e+00    9.9872997058e-01
       146   -3.6110749901e+01    1.3047644390e+03   -4.7734472731e+01    1.1623722830e+01   -8.5179636837e+00    3.8032034889e+00   -6.6016130625e+00   -3.6418099474e+01    2.0210653062e+04    2.0586267430e+00    9.9881759503e-01
       147   -3.6135378748e+01    1.3065500723e+03   -4.7768092977e+01    1.1632714229e+01   -8.5069891330e+00    3.7554607015e+00   -6.5984650711e+00   -3.6418099474e+01    2.0301780748e+04    2.0667269460e+00    9.9891593574e-01
       148   -3.6116295752e+01    1.3051018300e+03   -4.7770240397e+01    1.1653944646e+01   -8.4873537815e+00    3.7174899406e+00   -6.5822770822e+00   -3.6418099474e+01    2.0388483028e+04    2.0629921170e+00    9.9888223133e-01
       149   -3.6120463188e+01    1.3053680190e+03   -4.7875149267e+01    1.1754686079e+01   -8.4571083023e+00    3.5663684151e+00   -6.5663099056e+00   -3.6418099474e+01    2.0590276023e+04    2.0861684050e+00    9.9892274279e-01
       150   -3.6102672433e+01    1.3041537630e+03   -4.7843714943e+01    1.1741042510e+01   -8.4795810550e+00    3.5839063806e+00   -6.5299407943e+00   -3.6418099474e+01    2.0709206591e+04    2.0934319930e+00    9.9887746234e-01
       151   -3.6108622114e+01    1.3045945285e+03   -4.7742570738e+01    1.1633948624e+01   -8.5418386157e+00    3.7231256673e+00   -6.5057583158e+00   -3.6418099474e+01    2.0736023644e+04    2.0996207310e+00    9.9890642437e-01
       152   -3.6083068089e+01    1.3027840289e+03   -4.7778706550e+01    1.1695638461e+01   -8.4806140422e+00    3.6494290287e+00   -6.5294220619e+00   -3.6418099474e+01    2.0642544831e+04    2.1007858950e+00    9.9885155283e-01
       153   -3.6100852839e+01    1.3041221239e+03   -4.7853080913e+01    1.1752228075e+01   -8.4791673370e+00    3.5500226739e+00   -6.5058367762e+00   -3.6418099474e+01    2.0703693415e+04    2.0997145750e+00    9.9892726069e-01
       154   -3.6096970561e+01    1.3037447855e+03   -4.7760645545e+01    1.1663674984e+01   -8.5631575495e+00    3.7387808104e+00   -6.5181693321e+00   -3.6418099474e+01    2.0670461064e+04    2.1030261650e+00    9.9888749154e-01
       155   -3.6090848995e+01    1.3033017274e+03   -4.7698228963e+01    1.1607379968e+01   -8.4772853155e+00    3.7279061373e+00   -6.5307503110e+00   -3.6418099474e+01    2.0590683138e+04    2.1023191120e+00    9.9882252974e-01
       156   -3.6112378591e+01    1.3048155679e+03   -4.7754389018e+01    1.1642010426e+01   -8.4580546917e+00    3.6604233069e+00   -6.5386581586e+00   -3.6418099474e+01    2.0619136011e+04    2.1014580890e+00    9.9887413135e-01
       157   -3.6116647559e+01    1.3051485865e+03   -4.7705694837e+01    1.1589047278e+01   -8.4571690543e+00    3.7103573029e+00   -6.5407836115e+00   -3.6418099474e+01    2.0681247559e+04    2.1041591830e+00    9.9878770714e-01
       158   -3.6106020933e+01    1.3043615694e+03   -4.7690256990e+01    1.1584236057e+01   -8.4634477313e+00    3.7556275074e+00   -6.5643372922e+00   -3.6418099474e+01    2.0669338877e+04    2.0963923200e+00    9.9898408398e-01
       159   -3.6113553724e+01    1.3049023371e+03   -4.7734365852e+01    1.1620812128e+01   -8.4705528929e+00    3.7293438845e+00   -6.5750573694e+00   -3.6418099474e+01    2.0649114383e+04    2.0943186280e+00    9.9888614461e-01
       160   -3.6091533756e+01    1.3033308410e+03   -4.7685661068e+01    1.1594127312e+01   -8.4901465902e+00    3.7878346388e+00   -6.5652496428e+00   -3.6418099474e+01    2.0526283516e+04    2.0810667790e+00    9.9896840860e-01
       161   -3.6100207929e+01    1.3039694008e+03   -4.7659472675e+01    1.1559264745e+01   -8.5790578382e+00    3.8733229851e+00   -6.5356383472e+00   -3.6418099474e+01    2.0540581246e+04    2.0804012010e+00    9.9887338832e-01
       162   -3.6073959528e+01    1.3020610947e+03   -4.7698895600e+01    1.1624936072e+01   -8.6053800709e+00    3.8508075586e+00   -6.5262236134e+00   -3.6418099474e+01    2.0437029139e+04    2.0578219720e+00    9.9892383701e-01
       163   -3.6061080556e+01    1.3011574216e+03   -4.7693374022e+01    1.1632293466e+01   -8.5985862670e+00    3.8797699676e+00   -6.5564582488e+00   -3.6418099474e+01    2.0329984636e+04    2.0479284230e+00    9.9878657826e-01
       164   -3.6083830540e+01    1.3027697867e+03   -4.7711899250e+01    1.1628068710e+01   -8.5531881590e+00    3.8075365328e+00   -6.5481481498e+00   -3.6418099474e+01    2.0345247442e+04    2.0804768860e+00    9.9894338510e-01
       165   -3.6083316180e+01    1.3027440158e+03   -4.7787931155e+01    1.1704614974e+01   -8.4518404258e+00    3.6472476610e+00   -6.5652389158e+00   -3.6418099474e+01    2.0440868412e+04    2.0757700460e+00    9.9880340985e-01
       166   -3.6090297543e+01    1.3031929893e+03   -4.7733729788e+01    1.1643432245e+01   -8.4490450847e+00    3.7192202082e+00   -6.5858054378e+00   -3.6418099474e+01    2.0560210404e+04    2.0875212480e+00    9.9891453858e-01
       167   -3.6073189708e+01    1.3019489005e+03   -4.7671748549e+01    1.1598558840e+01   -8.4588316600e+00    3.8167761369e+00   -6.6115935514e+00   -3.6418099474e+01    2.0329155062e+04    2.0449900860e+00    9.9894792677e-01
       168   -3.6091956325e+01    1.3033056762e+03   -4.7746453082e+01    1.1654496756e+01   -8.4785238964e+00    3.7385586383e+00   -6.5883883496e+00   -3.6418099474e+01    2.0263255616e+04    2.0391334610e+00    9.9886498223e-01
       169   -3.6092362769e+01    1.3033722933e+03   -4.7846793514e+01    1.1754430745e+01   -8.3579204639e+00    3.4941496021e+00   -6.5649231780e+00   -3.6418099474e+01    2.0385912351e+04    2.0558764920e+00    9.9890511460e-01
       170   -3.6103103982e+01    1.3041095697e+03   -4.7814610835e+01    1.1711506853e+01   -8.2975090235e+00    3.4567376966e+00   -6.5557400337e+00   -3.6418099474e+01    2.0464913627e+04    2.0657906130e+00    9.9887612998e-01
       171   -3.6090036432e+01    1.3031849889e+03   -4.7824417590e+01    1.1734381158e+01   -8.3194369968e+00    3.4639674432e+00   -6.5508485621e+00   -3.6418099474e+01    2.0476277623e+04    2.0737052070e+00    9.9891700906e-01
       172   -3.6092348187e+01    1.3034047187e+03   -4.7753525894e+01    1.1661177708e+01   -8.3455529991e+00    3.5460408807e+00   -6.5359143015e+00   -3.6418099474e+01    2.0409029034e+04    2.0788641660e+00    9.9884516052e-01
       173   -3.6100880218e+01    1.3039729731e+03   -4.7708428427e+01    1.1607548209e+01   -8.3528355537e+00    3.6340245332e+00   -6.5715179328e+00   -3.6418099474e+01    2.0340698074e+04    2.0454921730e+00    9.9891487568e-01
       174   -3.6104117989e+01    1.3042154064e+03   -4.7745465163e+01    1.1641347174e+01   -8.2969120630e+00    3.5604628167e+00   -6.5909164426e+00   -3.6418099474e+01    2.0448520674e+04    2.0595847010e+00    9.9896252515e-01
       175   -3.6127406137e+01    1.3058861489e+03   -4.7836935488e+01    1.1709529352e+01   -8.3347064175e+00    3.4644960150e+00   -6.5486256115e+00   -3.6418099474e+01    2.0500674598e+04    2.0812411110e+00    9.9886911732e-01
       176   -3.6115153319e+01    1.3050058310e+03   -4.7741099758e+01    1.1625946439e+01   -8.4080015196e+00    3.6303333161e+00   -6.5453320805e+00   -3.6418099474e+01    2.0567547804e+04    2.1003506180e+00    9.9893721954e-01
       177   -3.6130808427e+01    1.3061772234e+03   -4.7787595046e+01    1.1656786619e+01   -8.3970531852e+00    3.5679007441e+00   -6.5403431306e+00   -3.6418099474e+01    2.0566281722e+04    2.0914258400e+00    9.9890574847e-01
       178   -3.6127442624e+01    1.3059315439e+03   -4.7700049302e+01    1.1572606678e+01   -8.3974256263e+00    3.6537812640e+00   -6.5383054658e+00   -3.6418099474e+01    2.0536334777e+04    2.0856899900e+00    9.9885718460e-01
       179   -3.6117267794e+01    1.3052287640e+03   -4.7750789880e+01    1.1633522086e+01   -8.4352202435e+00    3.6312070324e+00   -6.5286771942e+00   -3.6418099474e+01    2.0629936038e+04    2.0929986490e+00    9.9881927661e-01
       180   -3.6116276429e+01    1.3051490839e+03   -4.7722327311e+01    1.1606050882e+01   -8.5511911878e+00    3.7805464862e+00   -6.5335831355e+00   -3.6418099474e+01    2.0615169558e+04    2.1018403570e+00    9.9886346311e-01
       181   -3.6114505564e+01    1.3049891745e+03   -4.7748793833e+01    1.1634288269e+01   -8.5588811010e+00    3.8008870744e+00   -6.5727003318e+00   -3.6418099474e+01    2.0429101063e+04    2.0635902390e+00    9.9879011672e-01
       182   -3.6109133468e+01    1.3045937630e+03   -4.7813887278e+01    1.1704753810e+01   -8.5597369710e+00    3.7295254801e+00   -6.5655763128e+00   -3.6418099474e+01    2.0370201735e+04    2.0535545570e+00    9.9887077769e-01
       183   -3.6099851345e+01    1.3039781826e+03   -4.7748778980e+01    1.1648927635e+01   -8.5808869190e+00    3.8041703444e+00   -6.5539629312e+00   -3.6418099474e+01    2.0358064520e+04    2.0518672050e+00    9.9877373584e-01
       184   -3.6117519210e+01    1.3052375248e+03   -4.7720893655e+01    1.1603374445e+01   -8.5766440798e+00    3.8028395831e+00   -6.5289896843e+00   -3.6418099474e+01    2.0265680817e+04    2.0486925270e+00    9.9879254303e-01
       185   -3.6124827500e+01    1.3057992402e+03   -4.7857234575e+01    1.1732407075e+01   -8.6023739707e+00    3.6878038527e+00   -6.5245649828e+00   -3.6418099474e+01    2.0286558744e+04    2.0437699550e+00    9.9893989448e-01
       186   -3.6104342695e+01    1.3042560999e+03   -4.7805475898e+01    1.1701133202e+01   -8.6478822611e+00    3.7842326693e+00   -6.5237268317e+00   -3.6418099474e+01    2.0454340698e+04    2.0613176050e+00    9.9883536577e-01
       187   -3.6100726231e+01    1.3039585648e+03   -4.7776787756e+01    1.1676061525e+01   -8.6199937941e+00    3.7677204408e+00   -6.5064149284e+00   -3.6418099474e+01    2.0466184805e+04    2.0728885240e+00    9.9889194452e-01
       188   -3.6109172490e+01    1.3045876059e+03   -4.7836602758e+01    1.1727430268e+01   -8.6068529582e+00    3.7027893831e+00   -6.5144397092e+00   -3.6418099474e+01    2.0616614347e+04    2.0940692110e+00    9.9884803803e-01
       189   -3.6107810847e+01    1.3046129831e+03   -4.7773199665e+01    1.1665388818e+01   -8.6002576174e+00    3.7476004491e+00   -6.5024430225e+00   -3.6418099474e+01    2.0630236887e+04    2.0933227440e+00    9.9890253697e-01
       190   -3.6111641486e+01    1.3048572583e+03   -4.7830696035e+01    1.1719054549e+01   -8.4931412528e+00    3.5999649953e+00   -6.5194203034e+00   -3.6418099474e+01    2.0576114659e+04    2.0990937660e+00    9.9888219285e-01
       191   -3.6133060088e+01    1.3064491681e+03   -4.7842004532e+01    1.1708944443e+01   -8.5446293031e+00    3.6541795514e+00   -6.5334553058e+00   -3.6418099474e+01    2.0591775978e+04    2.0944810810e+00    9.9888452491e-01
       192   -3.6108813278e+01    1.3046114195e+03   -4.7808375836e+01    1.1699562558e+01   -8.5730377824e+00    3.7362274979e+00   -6.5534660773e+00   -3.6418099474e+01    2.0458599668e+04    2.0773057080e+00    9.9888272838e-01
       193   -3.6110289843e+01    1.3047046527e+03   -4.7824688591e+01    1.1714398748e+01   -8.6169025451e+00    3.7564443477e+00   -6.5461309189e+00   -3.6418099474e+01    2.0500032211e+04    2.0754384610e+00    9.9878391280e-01
       194   -3.6090661588e+01    1.3032613214e+03   -4.7860978603e+01    1.1770317015e+01   -8.6779577321e+00    3.7795508442e+00   -6.5444722409e+00   -3.6418099474e+01    2.0574150017e+04    2.0955204410e+00    9.9890833484e-01
       195   -3.6090862225e+01    1.3032743457e+03   -4.7802612128e+01    1.1711749904e+01   -8.6687346352e+00    3.8249652482e+00   -6.5407432669e+00   -3.6418099474e+01    2.0518314195e+04    2.0857334800e+00    9.9880441895e-01
       196   -3.6101976059e+01    1.3040613090e+03   -4.7875977964e+01    1.1774001905e+01   -8.6517286928e+00    3.7317388182e+00   -6.5378886153e+00   -3.6418099474e+01    2.0505275162e+04    2.0718773890e+00    9.9883483580e-01
       197   -3.6115399861e+01    1.3050346100e+03   -4.7857643001e+01    1.1742243140e+01   -8.6176866961e+00    3.7292951135e+00   -6.5511519440e+00   -3.6418099474e+01    2.0587092152e+04    2.0981103320e+00    9.9884109867e-01
       198   -3.6101352158e+01    1.3040028300e+03   -4.7894747618e+01    1.1793395460e+01   -8.6128693949e+00    3.6879273418e+00   -6.5517060904e+00   -3.6418099474e+01    2.0519758303e+04    2.0835941680e+00    9.9893836975e-01
       199   -3.6083917980e+01    1.3027594118e+03   -4.7910783745e+01    1.1826865765e+01   -8.5838946829e+00    3.6264954418e+00   -6.5352850294e+00   -3.6418099474e+01    2.0369878354e+04    2.0611912520e+00    9.9878866287e-01
