#  Band    State   TwistIndex BandIndex Energy      Kx      Ky      Kz      K1      K2      K3    KmK 
       0        0       12        0    -0.269279  0.1515  0.0875  0.0872  0.2000 -0.0000  0.2000      1
       1        1       12        1    -0.253879  0.1515  0.0875  0.0872  0.2000 -0.0000  0.2000      1
       2        2       12        2    -0.198335  0.1515  0.0875  0.0872  0.2000 -0.0000  0.2000      1
       3        3       12        3    -0.150313  0.1515  0.0875  0.0872  0.2000 -0.0000  0.2000      1
       4        4       12        4    -0.113093  0.1515  0.0875  0.0872  0.2000 -0.0000  0.2000      1
       5        5       12        5     0.073988  0.1515  0.0875  0.0872  0.2000 -0.0000  0.2000      1
       6        6       12        6     0.092691  0.1515  0.0875  0.0872  0.2000 -0.0000  0.2000      1
       7        7       12        7     0.110523  0.1515  0.0875  0.0872  0.2000 -0.0000  0.2000      1
       8        8       12        8     0.120561  0.1515  0.0875  0.0872  0.2000 -0.0000  0.2000      1
       9        9       12        9     0.128195  0.1515  0.0875  0.0872  0.2000 -0.0000  0.2000      1
      10       10       12       10     0.139073  0.1515  0.0875  0.0872  0.2000 -0.0000  0.2000      1
      11       11       12       11     0.177226  0.1515  0.0875  0.0872  0.2000 -0.0000  0.2000      1
      12       12       12       12     0.181107  0.1515  0.0875  0.0872  0.2000 -0.0000  0.2000      1
      13       13       12       13     0.196727  0.1515  0.0875  0.0872  0.2000 -0.0000  0.2000      1
      14       14       12       14     0.240464  0.1515  0.0875  0.0872  0.2000 -0.0000  0.2000      1
      15       15       12       15     0.257024  0.1515  0.0875  0.0872  0.2000 -0.0000  0.2000      1
      16       16       12       16     0.272923  0.1515  0.0875  0.0872  0.2000 -0.0000  0.2000      1
      17       17       12       17     0.300161  0.1515  0.0875  0.0872  0.2000 -0.0000  0.2000      1
      18       18       12       18     0.303654  0.1515  0.0875  0.0872  0.2000 -0.0000  0.2000      1
      19       19       12       19     0.326580  0.1515  0.0875  0.0872  0.2000 -0.0000  0.2000      1
      20       20       12       20     0.376170  0.1515  0.0875  0.0872  0.2000 -0.0000  0.2000      1
      21       21       12       21     0.421775  0.1515  0.0875  0.0872  0.2000 -0.0000  0.2000      1
      22       22       12       22     0.438920  0.1515  0.0875  0.0872  0.2000 -0.0000  0.2000      1
      23       23       12       23     0.449260  0.1515  0.0875  0.0872  0.2000 -0.0000  0.2000      1
      24       24       12       24     0.472578  0.1515  0.0875  0.0872  0.2000 -0.0000  0.2000      1
      25       25       12       25     0.484154  0.1515  0.0875  0.0872  0.2000 -0.0000  0.2000      1
      26       26       12       26     0.517550  0.1515  0.0875  0.0872  0.2000 -0.0000  0.2000      1
      27       27       12       27     0.522447  0.1515  0.0875  0.0872  0.2000 -0.0000  0.2000      1
      28       28       12       28     0.544530  0.1515  0.0875  0.0872  0.2000 -0.0000  0.2000      1
      29       29       12       29     0.555514  0.1515  0.0875  0.0872  0.2000 -0.0000  0.2000      1
      30       30       12       30     0.573209  0.1515  0.0875  0.0872  0.2000 -0.0000  0.2000      1
      31       31       12       31     0.577720  0.1515  0.0875  0.0872  0.2000 -0.0000  0.2000      1
      32       32       12       32     0.585557  0.1515  0.0875  0.0872  0.2000 -0.0000  0.2000      1
      33       33       12       33     0.589341  0.1515  0.0875  0.0872  0.2000 -0.0000  0.2000      1
      34       34       12       34     0.616543  0.1515  0.0875  0.0872  0.2000 -0.0000  0.2000      1
      35       35       12       35     0.621748  0.1515  0.0875  0.0872  0.2000 -0.0000  0.2000      1
      36       36       12       36     0.643717  0.1515  0.0875  0.0872  0.2000 -0.0000  0.2000      1
      37       37       12       37     0.654037  0.1515  0.0875  0.0872  0.2000 -0.0000  0.2000      1
      38       38       12       38     0.664403  0.1515  0.0875  0.0872  0.2000 -0.0000  0.2000      1
      39       39       12       39     0.686791  0.1515  0.0875  0.0872  0.2000 -0.0000  0.2000      1
      40       40       12       40     0.752596  0.1515  0.0875  0.0872  0.2000 -0.0000  0.2000      1
      41       41       12       41     0.779174  0.1515  0.0875  0.0872  0.2000 -0.0000  0.2000      1
      42       42       12       42     0.801526  0.1515  0.0875  0.0872  0.2000 -0.0000  0.2000      1
      43       43       12       43     0.813016  0.1515  0.0875  0.0872  0.2000 -0.0000  0.2000      1
      44       44       12       44     0.842035  0.1515  0.0875  0.0872  0.2000 -0.0000  0.2000      1
      45       45       12       45     0.849996  0.1515  0.0875  0.0872  0.2000 -0.0000  0.2000      1
      46       46       12       46     0.850128  0.1515  0.0875  0.0872  0.2000 -0.0000  0.2000      1
      47       47       12       47     0.854746  0.1515  0.0875  0.0872  0.2000 -0.0000  0.2000      1
      48       48       12       48     0.867277  0.1515  0.0875  0.0872  0.2000 -0.0000  0.2000      1
      49       49       12       49     0.870759  0.1515  0.0875  0.0872  0.2000 -0.0000  0.2000      1
      50       50       12       50     0.877162  0.1515  0.0875  0.0872  0.2000 -0.0000  0.2000      1
      51       51       12       51     0.879830  0.1515  0.0875  0.0872  0.2000 -0.0000  0.2000      1
      52       52       12       52     0.895142  0.1515  0.0875  0.0872  0.2000 -0.0000  0.2000      1
      53       53       12       53     0.925297  0.1515  0.0875  0.0872  0.2000 -0.0000  0.2000      1
      54       54       12       54     0.940409  0.1515  0.0875  0.0872  0.2000 -0.0000  0.2000      1
      55       55       12       55     0.944348  0.1515  0.0875  0.0872  0.2000 -0.0000  0.2000      1
      56       56       12       56     0.950294  0.1515  0.0875  0.0872  0.2000 -0.0000  0.2000      1
      57       57       12       57     0.951879  0.1515  0.0875  0.0872  0.2000 -0.0000  0.2000      1
      58       58       12       58     0.997199  0.1515  0.0875  0.0872  0.2000 -0.0000  0.2000      1
      59       59       12       59     1.005375  0.1515  0.0875  0.0872  0.2000 -0.0000  0.2000      1
      60       60       12       60     1.016497  0.1515  0.0875  0.0872  0.2000 -0.0000  0.2000      1
      61       61       12       61     1.028473  0.1515  0.0875  0.0872  0.2000 -0.0000  0.2000      1
      62       62       12       62     1.043874  0.1515  0.0875  0.0872  0.2000 -0.0000  0.2000      1
      63       63       12       63     1.044843  0.1515  0.0875  0.0872  0.2000 -0.0000  0.2000      1
      64       64       12       64     1.071542  0.1515  0.0875  0.0872  0.2000 -0.0000  0.2000      1
      65       65       12       65     1.088394  0.1515  0.0875  0.0872  0.2000 -0.0000  0.2000      1
      66       66       12       66     1.094078  0.1515  0.0875  0.0872  0.2000 -0.0000  0.2000      1
      67       67       12       67     1.105036  0.1515  0.0875  0.0872  0.2000 -0.0000  0.2000      1
      68       68       12       68     1.132895  0.1515  0.0875  0.0872  0.2000 -0.0000  0.2000      1
      69       69       12       69     1.134415  0.1515  0.0875  0.0872  0.2000 -0.0000  0.2000      1
      70       70       12       70     1.145432  0.1515  0.0875  0.0872  0.2000 -0.0000  0.2000      1
      71       71       12       71     1.149861  0.1515  0.0875  0.0872  0.2000 -0.0000  0.2000      1
      72       72       12       72     1.160023  0.1515  0.0875  0.0872  0.2000 -0.0000  0.2000      1
      73       73       12       73     1.169513  0.1515  0.0875  0.0872  0.2000 -0.0000  0.2000      1
      74       74       12       74     1.180979  0.1515  0.0875  0.0872  0.2000 -0.0000  0.2000      1
      75       75       12       75     1.185817  0.1515  0.0875  0.0872  0.2000 -0.0000  0.2000      1
      76       76       12       76     1.194385  0.1515  0.0875  0.0872  0.2000 -0.0000  0.2000      1
      77       77       12       77     1.217625  0.1515  0.0875  0.0872  0.2000 -0.0000  0.2000      1
      78       78       12       78     1.230377  0.1515  0.0875  0.0872  0.2000 -0.0000  0.2000      1
      79       79       12       79     1.231688  0.1515  0.0875  0.0872  0.2000 -0.0000  0.2000      1
      80       80       12       80     1.239570  0.1515  0.0875  0.0872  0.2000 -0.0000  0.2000      1
      81       81       12       81     1.251183  0.1515  0.0875  0.0872  0.2000 -0.0000  0.2000      1
      82       82       12       82     1.254560  0.1515  0.0875  0.0872  0.2000 -0.0000  0.2000      1
      83       83       12       83     1.256611  0.1515  0.0875  0.0872  0.2000 -0.0000  0.2000      1
      84       84       12       84     1.267464  0.1515  0.0875  0.0872  0.2000 -0.0000  0.2000      1
      85       85       12       85     1.276755  0.1515  0.0875  0.0872  0.2000 -0.0000  0.2000      1
      86       86       12       86     1.278355  0.1515  0.0875  0.0872  0.2000 -0.0000  0.2000      1
      87       87       12       87     1.290486  0.1515  0.0875  0.0872  0.2000 -0.0000  0.2000      1
      88       88       12       88     1.293948  0.1515  0.0875  0.0872  0.2000 -0.0000  0.2000      1
      89       89       12       89     1.303002  0.1515  0.0875  0.0872  0.2000 -0.0000  0.2000      1
      90       90       12       90     1.318751  0.1515  0.0875  0.0872  0.2000 -0.0000  0.2000      1
      91       91       12       91     1.323159  0.1515  0.0875  0.0872  0.2000 -0.0000  0.2000      1
      92       92       12       92     1.332036  0.1515  0.0875  0.0872  0.2000 -0.0000  0.2000      1
      93       93       12       93     1.332688  0.1515  0.0875  0.0872  0.2000 -0.0000  0.2000      1
      94       94       12       94     1.345208  0.1515  0.0875  0.0872  0.2000 -0.0000  0.2000      1
      95       95       12       95     1.352838  0.1515  0.0875  0.0872  0.2000 -0.0000  0.2000      1
      96       96       12       96     1.361105  0.1515  0.0875  0.0872  0.2000 -0.0000  0.2000      1
      97       97       12       97     1.379935  0.1515  0.0875  0.0872  0.2000 -0.0000  0.2000      1
      98       98       12       98     1.381876  0.1515  0.0875  0.0872  0.2000 -0.0000  0.2000      1
      99       99       12       99     1.386164  0.1515  0.0875  0.0872  0.2000 -0.0000  0.2000      1
