#   index    LocalEnergy         LocalEnergy_sq      LocalPotential      Kinetic             LocalECP            NonLocalECP         ElecElec            IonIon              BlockWeight         BlockCPU            AcceptRatio         
         0   -3.5512762679e+01    1.2618527115e+03   -4.8082644255e+01    1.2569881576e+01   -9.2033576517e+00    3.8143251255e+00   -6.2755122542e+00   -3.6418099474e+01    2.0496853770e+04    5.8187643800e-01    9.9892033463e-01
         1   -3.5539588613e+01    1.2637588641e+03   -4.8096589951e+01    1.2557001338e+01   -9.2189747213e+00    3.8297138553e+00   -6.2892296112e+00   -3.6418099474e+01    2.0481091560e+04    4.9930184800e-01    9.9905519607e-01
         2   -3.5538498048e+01    1.2636803581e+03   -4.8139380328e+01    1.2600882280e+01   -9.2079916266e+00    3.8012615037e+00   -6.3145507304e+00   -3.6418099474e+01    2.0364614165e+04    5.0049463600e-01    9.9904588855e-01
         3   -3.5543805685e+01    1.2640762276e+03   -4.8159995421e+01    1.2616189736e+01   -9.2015481839e+00    3.7720396758e+00   -6.3123874389e+00   -3.6418099474e+01    2.0275862510e+04    4.7964170900e-01    9.9899056451e-01
         4   -3.5538198753e+01    1.2636669149e+03   -4.8088064599e+01    1.2549865846e+01   -9.2527602540e+00    3.8883558366e+00   -6.3055607077e+00   -3.6418099474e+01    2.0101847111e+04    4.9845235300e-01    9.9896227957e-01
         5   -3.5536612243e+01    1.2635844450e+03   -4.8241156871e+01    1.2704544628e+01   -9.1947452970e+00    3.6757932522e+00   -6.3041053519e+00   -3.6418099474e+01    2.0114754508e+04    4.9088219100e-01    9.9901267189e-01
         6   -3.5551198525e+01    1.2646439354e+03   -4.8308547776e+01    1.2757349251e+01   -9.1990292002e+00    3.6348187598e+00   -6.3262378617e+00   -3.6418099474e+01    2.0168405032e+04    5.1620048700e-01    9.9901162667e-01
         7   -3.5535889505e+01    1.2635716435e+03   -4.8278931373e+01    1.2743041868e+01   -9.1854475798e+00    3.6503500601e+00   -6.3257343792e+00   -3.6418099474e+01    2.0167080264e+04    4.7735044300e-01    9.9893025398e-01
         8   -3.5532550779e+01    1.2633188078e+03   -4.8262151770e+01    1.2729600991e+01   -9.1980357769e+00    3.6730434548e+00   -6.3190599736e+00   -3.6418099474e+01    2.0135695636e+04    4.7655078800e-01    9.9899601243e-01
         9   -3.5532887187e+01    1.2633177109e+03   -4.8243414880e+01    1.2710527693e+01   -9.1585407303e+00    3.6388093340e+00   -6.3055840100e+00   -3.6418099474e+01    2.0222532217e+04    5.0495467000e-01    9.9898443626e-01
        10   -3.5562680968e+01    1.2654338297e+03   -4.8331113545e+01    1.2768432577e+01   -9.2189713787e+00    3.6168697780e+00   -6.3109124701e+00   -3.6418099474e+01    2.0264365670e+04    4.7941126300e-01    9.9898452816e-01
        11   -3.5569347151e+01    1.2659020566e+03   -4.8228277933e+01    1.2658930782e+01   -9.1726699934e+00    3.6910843716e+00   -6.3285928367e+00   -3.6418099474e+01    2.0395535245e+04    5.0341076800e-01    9.9898579766e-01
        12   -3.5567030236e+01    1.2657044789e+03   -4.8265856693e+01    1.2698826458e+01   -9.1614358973e+00    3.6409237628e+00   -6.3272450848e+00   -3.6418099474e+01    2.0457783120e+04    5.0690998400e-01    9.9901341752e-01
        13   -3.5549004893e+01    1.2644291835e+03   -4.8212564805e+01    1.2663559913e+01   -9.1836962258e+00    3.7018119498e+00   -6.3125810553e+00   -3.6418099474e+01    2.0593661334e+04    5.6063396000e-01    9.9902017231e-01
        14   -3.5530320933e+01    1.2630936391e+03   -4.8098866972e+01    1.2568546039e+01   -9.2403110068e+00    3.8715343638e+00   -6.3119908548e+00   -3.6418099474e+01    2.0675896160e+04    5.7738023700e-01    9.9895349078e-01
        15   -3.5517418072e+01    1.2622033722e+03   -4.8043197672e+01    1.2525779600e+01   -9.2718398597e+00    3.9621126846e+00   -6.3153710227e+00   -3.6418099474e+01    2.0657683382e+04    5.5431081300e-01    9.9896477827e-01
        16   -3.5539122418e+01    1.2637352526e+03   -4.8090313086e+01    1.2551190668e+01   -9.2632130625e+00    3.9281060406e+00   -6.3371065901e+00   -3.6418099474e+01    2.0674780699e+04    5.8081805300e-01    9.9900342669e-01
        17   -3.5564398436e+01    1.2655282478e+03   -4.8169228527e+01    1.2604830091e+01   -9.2248999465e+00    3.8104318138e+00   -6.3366609202e+00   -3.6418099474e+01    2.0712916310e+04    5.3840878700e-01    9.9899466812e-01
        18   -3.5572701533e+01    1.2660908620e+03   -4.8158834622e+01    1.2586133089e+01   -9.2693188040e+00    3.8679180743e+00   -6.3393344180e+00   -3.6418099474e+01    2.0814531238e+04    6.0583056200e-01    9.9903558387e-01
        19   -3.5594350675e+01    1.2676236755e+03   -4.8214122473e+01    1.2619771798e+01   -9.1885196275e+00    3.7331293226e+00   -6.3406326943e+00   -3.6418099474e+01    2.1000928351e+04    5.5927734900e-01    9.9895218137e-01
        20   -3.5570526468e+01    1.2659184932e+03   -4.8162756638e+01    1.2592230170e+01   -9.2157223649e+00    3.8061632538e+00   -6.3350980526e+00   -3.6418099474e+01    2.0976496981e+04    5.4609456800e-01    9.9902273919e-01
        21   -3.5561231272e+01    1.2652934323e+03   -4.8199820668e+01    1.2638589395e+01   -9.2384925804e+00    3.7950904347e+00   -6.3383190480e+00   -3.6418099474e+01    2.1083334320e+04    5.5262311900e-01    9.9895331585e-01
        22   -3.5564662250e+01    1.2655465916e+03   -4.8279137802e+01    1.2714475552e+01   -9.2610438592e+00    3.7514954905e+00   -6.3514899593e+00   -3.6418099474e+01    2.1079650465e+04    5.3077254100e-01    9.9903781652e-01
        23   -3.5574321281e+01    1.2662262763e+03   -4.8257220353e+01    1.2682899072e+01   -9.3085204861e+00    3.7952871175e+00   -6.3258875099e+00   -3.6418099474e+01    2.0985696384e+04    5.4013301500e-01    9.9894998026e-01
        24   -3.5558053333e+01    1.2651035726e+03   -4.8212690123e+01    1.2654636790e+01   -9.3265276769e+00    3.8191154814e+00   -6.2871784532e+00   -3.6418099474e+01    2.0887958855e+04    5.5775237400e-01    9.9891614297e-01
        25   -3.5545982897e+01    1.2642278646e+03   -4.8150124651e+01    1.2604141754e+01   -9.3651585522e+00    3.9016837996e+00   -6.2685504239e+00   -3.6418099474e+01    2.0885623992e+04    5.3199169300e-01    9.9905290727e-01
        26   -3.5523731684e+01    1.2626345470e+03   -4.8078074977e+01    1.2554343293e+01   -9.3984480527e+00    4.0094808699e+00   -6.2710083203e+00   -3.6418099474e+01    2.0779374952e+04    5.3070756700e-01    9.9896918552e-01
        27   -3.5540418310e+01    1.2638058083e+03   -4.8114453105e+01    1.2574034794e+01   -9.3725524928e+00    3.9486836577e+00   -6.2724847955e+00   -3.6418099474e+01    2.0587484930e+04    5.3594451400e-01    9.9891075851e-01
        28   -3.5541784879e+01    1.2639241826e+03   -4.8232744954e+01    1.2690960075e+01   -9.3837021809e+00    3.8541236368e+00   -6.2850669357e+00   -3.6418099474e+01    2.0475979203e+04    5.3447869700e-01    9.9901113390e-01
        29   -3.5556417766e+01    1.2649518370e+03   -4.8115579267e+01    1.2559161501e+01   -9.4677289561e+00    4.0464600021e+00   -6.2762108391e+00   -3.6418099474e+01    2.0400160082e+04    4.8394872300e-01    9.9903877131e-01
        30   -3.5546265349e+01    1.2642087565e+03   -4.8148420734e+01    1.2602155385e+01   -9.3860384191e+00    3.9140777735e+00   -6.2583606141e+00   -3.6418099474e+01    2.0456499375e+04    5.1759521300e-01    9.9897869399e-01
        31   -3.5546503042e+01    1.2642311502e+03   -4.8242798823e+01    1.2696295781e+01   -9.3142305550e+00    3.7597605979e+00   -6.2702293919e+00   -3.6418099474e+01    2.0437370671e+04    5.2720935800e-01    9.9903191534e-01
        32   -3.5545884136e+01    1.2641849042e+03   -4.8236395910e+01    1.2690511775e+01   -9.2633525240e+00    3.7412049399e+00   -6.2961488520e+00   -3.6418099474e+01    2.0406850531e+04    5.1674252300e-01    9.9899369264e-01
        33   -3.5547627141e+01    1.2643373578e+03   -4.8259055781e+01    1.2711428640e+01   -9.3068966171e+00    3.7697415730e+00   -6.3038012626e+00   -3.6418099474e+01    2.0524364171e+04    5.1569411900e-01    9.9900817818e-01
        34   -3.5528251674e+01    1.2629808659e+03   -4.8119787572e+01    1.2591535898e+01   -9.2439058796e+00    3.8436282684e+00   -6.3014104868e+00   -3.6418099474e+01    2.0455692097e+04    5.1677305700e-01    9.9896837034e-01
        35   -3.5549537766e+01    1.2644689208e+03   -4.8159549058e+01    1.2610011292e+01   -9.2416714190e+00    3.8191966468e+00   -6.3189748119e+00   -3.6418099474e+01    2.0433490675e+04    5.1952490300e-01    9.9889534437e-01
        36   -3.5527295189e+01    1.2628922382e+03   -4.8153787412e+01    1.2626492223e+01   -9.1572414615e+00    3.7570754082e+00   -6.3355218846e+00   -3.6418099474e+01    2.0452923264e+04    5.1851104200e-01    9.9898393145e-01
        37   -3.5520942426e+01    1.2624649042e+03   -4.8074875700e+01    1.2553933274e+01   -9.1661647121e+00    3.8405161802e+00   -6.3311276944e+00   -3.6418099474e+01    2.0371277104e+04    5.1725786500e-01    9.9891504010e-01
        38   -3.5529167616e+01    1.2630701070e+03   -4.8055662027e+01    1.2526494411e+01   -9.1867528382e+00    3.8887581385e+00   -6.3395678534e+00   -3.6418099474e+01    2.0201744134e+04    5.1377186900e-01    9.9896231818e-01
        39   -3.5536953268e+01    1.2635555810e+03   -4.8166913776e+01    1.2629960507e+01   -9.2056340380e+00    3.7833846380e+00   -6.3265649014e+00   -3.6418099474e+01    2.0198699577e+04    5.1655582600e-01    9.9898858444e-01
        40   -3.5544425451e+01    1.2641032895e+03   -4.8119325344e+01    1.2574899893e+01   -9.1655926958e+00    3.7934283937e+00   -6.3290615673e+00   -3.6418099474e+01    2.0112875723e+04    5.2109366900e-01    9.9898593450e-01
        41   -3.5551302305e+01    1.2645686012e+03   -4.8164889178e+01    1.2613586872e+01   -9.1066816890e+00    3.6926944725e+00   -6.3328024869e+00   -3.6418099474e+01    2.0112563095e+04    4.7767787700e-01    9.9902135611e-01
        42   -3.5548772004e+01    1.2644081882e+03   -4.8197025045e+01    1.2648253041e+01   -9.0968213352e+00    3.6591586777e+00   -6.3412629132e+00   -3.6418099474e+01    2.0150178693e+04    4.8070953500e-01    9.9903743202e-01
        43   -3.5572403089e+01    1.2660995925e+03   -4.8193027168e+01    1.2620624079e+01   -9.1544188330e+00    3.7349886677e+00   -6.3554975285e+00   -3.6418099474e+01    2.0167222550e+04    5.2099707900e-01    9.9900611567e-01
        44   -3.5552573779e+01    1.2646771866e+03   -4.8132884022e+01    1.2580310243e+01   -9.1839327921e+00    3.8365043972e+00   -6.3673561531e+00   -3.6418099474e+01    2.0250610459e+04    4.8063056900e-01    9.9899808790e-01
        45   -3.5556715972e+01    1.2650055580e+03   -4.8080473898e+01    1.2523757926e+01   -9.1757053625e+00    3.8891309887e+00   -6.3758000505e+00   -3.6418099474e+01    2.0228288579e+04    4.8022064200e-01    9.9896692755e-01
        46   -3.5549414403e+01    1.2644809508e+03   -4.8119667067e+01    1.2570252664e+01   -9.1923623348e+00    3.8726507576e+00   -6.3818560154e+00   -3.6418099474e+01    2.0309972420e+04    5.1701613200e-01    9.9903627001e-01
        47   -3.5547440466e+01    1.2642801193e+03   -4.8076385868e+01    1.2528945402e+01   -9.2225435095e+00    3.9502379955e+00   -6.3859808795e+00   -3.6418099474e+01    2.0438646367e+04    5.6127617300e-01    9.9901444089e-01
        48   -3.5570910501e+01    1.2659623026e+03   -4.8085165810e+01    1.2514255308e+01   -9.2573070498e+00    3.9700781350e+00   -6.3798374207e+00   -3.6418099474e+01    2.0590269349e+04    5.2480246600e-01    9.9899728678e-01
        49   -3.5573638550e+01    1.2661361625e+03   -4.8220068393e+01    1.2646429843e+01   -9.0787353178e+00    3.6538001812e+00   -6.3770337826e+00   -3.6418099474e+01    2.0780490244e+04    5.6289646500e-01    9.9900478528e-01
        50   -3.5549969219e+01    1.2644567407e+03   -4.8050890448e+01    1.2500921230e+01   -9.0442532779e+00    3.7746690681e+00   -6.3632067641e+00   -3.6418099474e+01    2.0808230603e+04    5.5842774400e-01    9.9899778277e-01
        51   -3.5545894687e+01    1.2641902805e+03   -4.8087569624e+01    1.2541674938e+01   -9.0484884613e+00    3.7279922274e+00   -6.3489739162e+00   -3.6418099474e+01    2.0883235665e+04    5.3637729200e-01    9.9894847349e-01
        52   -3.5545815971e+01    1.2641612064e+03   -4.8153350312e+01    1.2607534341e+01   -9.0760647241e+00    3.6855725682e+00   -6.3447586819e+00   -3.6418099474e+01    2.0925928201e+04    5.4795563700e-01    9.9894039600e-01
        53   -3.5573511425e+01    1.2661411641e+03   -4.8096211151e+01    1.2522699726e+01   -9.1006951693e+00    3.7495212313e+00   -6.3269377385e+00   -3.6418099474e+01    2.0941142785e+04    5.6130721300e-01    9.9902447011e-01
        54   -3.5570297528e+01    1.2659147208e+03   -4.8077867062e+01    1.2507569534e+01   -9.0121597014e+00    3.7023847719e+00   -6.3499926584e+00   -3.6418099474e+01    2.0715483897e+04    5.9378385100e-01    9.9900171037e-01
        55   -3.5566527468e+01    1.2656437279e+03   -4.8002289111e+01    1.2435761642e+01   -9.0755071675e+00    3.8503175492e+00   -6.3590000181e+00   -3.6418099474e+01    2.0541861469e+04    5.4017085200e-01    9.9898624916e-01
        56   -3.5533008499e+01    1.2632949786e+03   -4.8070497602e+01    1.2537489102e+01   -9.1299589469e+00    3.8483108907e+00   -6.3707500711e+00   -3.6418099474e+01    2.0409415767e+04    5.0811782400e-01    9.9903243190e-01
        57   -3.5535682226e+01    1.2634588543e+03   -4.8067062865e+01    1.2531380639e+01   -9.1448895831e+00    3.8925123074e+00   -6.3965861150e+00   -3.6418099474e+01    2.0294965199e+04    4.9369582600e-01    9.9902866152e-01
        58   -3.5524210912e+01    1.2626577912e+03   -4.8072597373e+01    1.2548386461e+01   -9.1117453478e+00    3.8369865440e+00   -6.3797390955e+00   -3.6418099474e+01    2.0181873624e+04    4.8503629700e-01    9.9895249420e-01
        59   -3.5540846053e+01    1.2638347024e+03   -4.8089669834e+01    1.2548823781e+01   -9.0864823488e+00    3.7911530182e+00   -6.3762410290e+00   -3.6418099474e+01    2.0154264864e+04    5.0058639400e-01    9.9895088289e-01
        60   -3.5533497995e+01    1.2632965306e+03   -4.8121348165e+01    1.2587850170e+01   -9.0547870897e+00    3.7212757231e+00   -6.3697373239e+00   -3.6418099474e+01    2.0062928167e+04    4.7649289000e-01    9.9898884885e-01
        61   -3.5520129675e+01    1.2623561484e+03   -4.8033458040e+01    1.2513328365e+01   -9.0534219931e+00    3.8066653017e+00   -6.3686018744e+00   -3.6418099474e+01    2.0046810587e+04    4.7484989800e-01    9.9896498404e-01
        62   -3.5538084122e+01    1.2636176510e+03   -4.8149009518e+01    1.2610925396e+01   -9.0704781293e+00    3.7060825141e+00   -6.3665144286e+00   -3.6418099474e+01    2.0118408544e+04    5.1819808100e-01    9.9896675875e-01
        63   -3.5545459056e+01    1.2641914428e+03   -4.8228517537e+01    1.2683058480e+01   -9.1181631408e+00    3.6727474550e+00   -6.3650023767e+00   -3.6418099474e+01    2.0166205381e+04    4.7866043100e-01    9.9902761640e-01
        64   -3.5560927061e+01    1.2652820679e+03   -4.8138419318e+01    1.2577492257e+01   -9.1365145359e+00    3.7694260225e+00   -6.3532313300e+00   -3.6418099474e+01    2.0211349940e+04    4.9331175600e-01    9.9905438272e-01
        65   -3.5562699226e+01    1.2653898526e+03   -4.8161153582e+01    1.2598454355e+01   -9.1167455740e+00    3.7410765873e+00   -6.3673851208e+00   -3.6418099474e+01    2.0341126123e+04    4.8396039100e-01    9.9890593500e-01
        66   -3.5569010349e+01    1.2657900717e+03   -4.8207345500e+01    1.2638335151e+01   -9.1372345927e+00    3.7018898070e+00   -6.3539012405e+00   -3.6418099474e+01    2.0430669876e+04    5.0543100000e-01    9.9897015009e-01
        67   -3.5565451364e+01    1.2655636524e+03   -4.8212219173e+01    1.2646767809e+01   -9.1300272888e+00    3.6770745601e+00   -6.3411669702e+00   -3.6418099474e+01    2.0431882031e+04    5.3889628000e-01    9.9891255699e-01
        68   -3.5552830764e+01    1.2646879902e+03   -4.8313292863e+01    1.2760462099e+01   -9.1180276730e+00    3.5901949958e+00   -6.3673607121e+00   -3.6418099474e+01    2.0357112384e+04    5.0698811700e-01    9.9891567533e-01
        69   -3.5535930816e+01    1.2634901267e+03   -4.8212279855e+01    1.2676349039e+01   -9.1445754827e+00    3.6801951187e+00   -6.3298000169e+00   -3.6418099474e+01    2.0289215204e+04    4.8698844700e-01    9.9899845103e-01
        70   -3.5546695314e+01    1.2642718966e+03   -4.8164802321e+01    1.2618107007e+01   -9.2646035007e+00    3.8407677229e+00   -6.3228670689e+00   -3.6418099474e+01    2.0246719388e+04    5.0264202700e-01    9.9896447095e-01
        71   -3.5540478309e+01    1.2638254491e+03   -4.8114096349e+01    1.2573618040e+01   -9.2489231570e+00    3.8809069033e+00   -6.3279806216e+00   -3.6418099474e+01    2.0224065033e+04    5.1820566100e-01    9.9894745022e-01
        72   -3.5524753930e+01    1.2627163214e+03   -4.8035500581e+01    1.2510746650e+01   -9.2570891485e+00    3.9558447975e+00   -6.3161567555e+00   -3.6418099474e+01    2.0230703750e+04    4.8996073100e-01    9.9897444768e-01
        73   -3.5547947598e+01    1.2643759673e+03   -4.8032014084e+01    1.2484066485e+01   -9.2151047998e+00    3.9114539419e+00   -6.3102637517e+00   -3.6418099474e+01    2.0323970976e+04    5.1662050000e-01    9.9899656266e-01
        74   -3.5557759008e+01    1.2650617914e+03   -4.8149261269e+01    1.2591502261e+01   -9.1220368686e+00    3.7497783900e+00   -6.3589033158e+00   -3.6418099474e+01    2.0498239266e+04    5.2874234200e-01    9.9896843983e-01
        75   -3.5532157465e+01    1.2632168970e+03   -4.8178580103e+01    1.2646422638e+01   -9.1295131984e+00    3.7487027283e+00   -6.3796701591e+00   -3.6418099474e+01    2.0511536172e+04    5.3607677100e-01    9.9896591344e-01
        76   -3.5518224190e+01    1.2622376406e+03   -4.8217301993e+01    1.2699077803e+01   -9.1439504406e+00    3.7126206618e+00   -6.3678727401e+00   -3.6418099474e+01    2.0492875504e+04    5.0243212400e-01    9.9904699184e-01
        77   -3.5517319526e+01    1.2621747788e+03   -4.8146878633e+01    1.2629559107e+01   -9.1931359823e+00    3.8340947054e+00   -6.3697378820e+00   -3.6418099474e+01    2.0650230794e+04    5.4180063500e-01    9.9898517351e-01
        78   -3.5527981595e+01    1.2629302912e+03   -4.8180381081e+01    1.2652399486e+01   -9.1714759517e+00    3.7438420289e+00   -6.3346476839e+00   -3.6418099474e+01    2.0716139902e+04    5.3028846500e-01    9.9900042051e-01
        79   -3.5553954154e+01    1.2647831215e+03   -4.8183158924e+01    1.2629204769e+01   -9.1306291014e+00    3.6782131837e+00   -6.3126435317e+00   -3.6418099474e+01    2.0863484951e+04    5.7728168500e-01    9.9897988525e-01
        80   -3.5540302206e+01    1.2638098728e+03   -4.8211500358e+01    1.2671198152e+01   -9.2126864123e+00    3.7352698299e+00   -6.3159843011e+00   -3.6418099474e+01    2.0861781452e+04    5.3111750600e-01    9.9895426134e-01
        81   -3.5530332292e+01    1.2630700430e+03   -4.8220900137e+01    1.2690567846e+01   -9.1573252295e+00    3.6854154388e+00   -6.3308908725e+00   -3.6418099474e+01    2.0851668679e+04    5.3428525000e-01    9.9902577168e-01
        82   -3.5529399852e+01    1.2630662672e+03   -4.8172885174e+01    1.2643485322e+01   -9.1859495972e+00    3.7657355301e+00   -6.3345716331e+00   -3.6418099474e+01    2.0770121083e+04    5.3650451800e-01    9.9895145044e-01
        83   -3.5536890828e+01    1.2635830604e+03   -4.8100780029e+01    1.2563889201e+01   -9.1659267714e+00    3.8023042191e+00   -6.3190580028e+00   -3.6418099474e+01    2.0783043306e+04    5.3649640000e-01    9.9897433959e-01
        84   -3.5527068352e+01    1.2628287233e+03   -4.7941036611e+01    1.2413968259e+01   -9.1998886205e+00    3.9752631524e+00   -6.2983116688e+00   -3.6418099474e+01    2.0809632284e+04    5.3031341400e-01    9.9904782492e-01
        85   -3.5531988497e+01    1.2631840362e+03   -4.8068988248e+01    1.2536999751e+01   -9.2161620917e+00    3.8630627354e+00   -6.2977894171e+00   -3.6418099474e+01    2.0744109597e+04    5.3621667000e-01    9.9904475043e-01
        86   -3.5532339282e+01    1.2632563272e+03   -4.8165517067e+01    1.2633177785e+01   -9.1979418674e+00    3.7550449766e+00   -6.3045207020e+00   -3.6418099474e+01    2.0551173160e+04    5.4025840500e-01    9.9895576328e-01
        87   -3.5524005480e+01    1.2626494783e+03   -4.8177507010e+01    1.2653501530e+01   -9.2211201472e+00    3.7743698158e+00   -6.3126572043e+00   -3.6418099474e+01    2.0370576340e+04    5.1495914300e-01    9.9899030978e-01
        88   -3.5547238609e+01    1.2643661662e+03   -4.8160367230e+01    1.2613128621e+01   -9.2914730472e+00    3.8407182110e+00   -6.2915129200e+00   -3.6418099474e+01    2.0336926138e+04    4.8758916300e-01    9.9894803023e-01
        89   -3.5561360894e+01    1.2653310960e+03   -4.8121056336e+01    1.2559695442e+01   -9.3147973317e+00    3.9125426947e+00   -6.3007022246e+00   -3.6418099474e+01    2.0456857260e+04    5.1286221800e-01    9.9898198658e-01
        90   -3.5533731235e+01    1.2633459092e+03   -4.8128948697e+01    1.2595217462e+01   -9.2397013353e+00    3.8292589969e+00   -6.3004068849e+00   -3.6418099474e+01    2.0496261185e+04    5.4160391500e-01    9.9898775550e-01
        91   -3.5525014643e+01    1.2627156266e+03   -4.8102727118e+01    1.2577712474e+01   -9.2327727782e+00    3.8443378134e+00   -6.2961926786e+00   -3.6418099474e+01    2.0343943203e+04    5.3100972900e-01    9.9898545942e-01
        92   -3.5522530427e+01    1.2625373223e+03   -4.8293199650e+01    1.2770669223e+01   -9.2285388404e+00    3.6527402918e+00   -6.2993016275e+00   -3.6418099474e+01    2.0279342815e+04    4.9507820200e-01    9.9898749067e-01
        93   -3.5542214645e+01    1.2639297252e+03   -4.8225543734e+01    1.2683329088e+01   -9.2261320307e+00    3.7317945176e+00   -6.3131067464e+00   -3.6418099474e+01    2.0276341973e+04    5.4783068400e-01    9.9897657213e-01
        94   -3.5519280735e+01    1.2622897086e+03   -4.8159391781e+01    1.2640111046e+01   -9.1734452038e+00    3.7705464752e+00   -6.3383935782e+00   -3.6418099474e+01    2.0255271458e+04    5.2666307000e-01    9.9899510599e-01
        95   -3.5544445052e+01    1.2640898105e+03   -4.8218379651e+01    1.2673934599e+01   -9.1666890459e+00    3.7013720262e+00   -6.3349631569e+00   -3.6418099474e+01    2.0305989840e+04    5.6057443400e-01    9.9897456643e-01
        96   -3.5537263538e+01    1.2635937658e+03   -4.8246310223e+01    1.2709046685e+01   -9.1106955820e+00    3.6221630624e+00   -6.3396782292e+00   -3.6418099474e+01    2.0303577563e+04    5.3004321300e-01    9.9894456132e-01
        97   -3.5530381416e+01    1.2631133544e+03   -4.8207596493e+01    1.2677215077e+01   -9.2320809336e+00    3.7575367719e+00   -6.3149528569e+00   -3.6418099474e+01    2.0165838701e+04    4.7760916600e-01    9.9898520848e-01
        98   -3.5541401493e+01    1.2639361338e+03   -4.8161462932e+01    1.2620061439e+01   -9.3045987593e+00    3.8764917049e+00   -6.3152564038e+00   -3.6418099474e+01    2.0234056231e+04    5.0948914100e-01    9.9896204033e-01
        99   -3.5524408185e+01    1.2627104826e+03   -4.8065913549e+01    1.2541505364e+01   -9.2152694758e+00    3.8935689712e+00   -6.3261135699e+00   -3.6418099474e+01    2.0284893934e+04    4.7876927100e-01    9.9893668711e-01
       100   -3.5529109234e+01    1.2630044522e+03   -4.8153012291e+01    1.2623903057e+01   -9.1729086882e+00    3.7898779854e+00   -6.3518821140e+00   -3.6418099474e+01    2.0311407002e+04    4.9330066300e-01    9.9893277352e-01
       101   -3.5555383126e+01    1.2648967564e+03   -4.8162436555e+01    1.2607053429e+01   -9.2476582778e+00    3.8464343649e+00   -6.3431131678e+00   -3.6418099474e+01    2.0360091873e+04    5.1717050300e-01    9.9894385224e-01
       102   -3.5542158627e+01    1.2639550495e+03   -4.8164879894e+01    1.2622721267e+01   -9.2939673877e+00    3.9023630322e+00   -6.3551760644e+00   -3.6418099474e+01    2.0251137257e+04    4.8243216700e-01    9.9892410913e-01
       103   -3.5571954515e+01    1.2661212471e+03   -4.8205506286e+01    1.2633551770e+01   -9.2947362296e+00    3.8712179995e+00   -6.3638885813e+00   -3.6418099474e+01    2.0218227071e+04    4.9621735500e-01    9.9899983743e-01
       104   -3.5556483541e+01    1.2650641413e+03   -4.8210582873e+01    1.2654099332e+01   -9.2815536395e+00    3.8619860268e+00   -6.3729157857e+00   -3.6418099474e+01    2.0242639720e+04    4.8004773500e-01    9.9901528948e-01
       105   -3.5553860804e+01    1.2648414903e+03   -4.8175968057e+01    1.2622107253e+01   -9.2956369596e+00    3.8793549336e+00   -6.3415865570e+00   -3.6418099474e+01    2.0188537981e+04    5.0658392800e-01    9.9901796331e-01
       106   -3.5562814809e+01    1.2654519920e+03   -4.8139213066e+01    1.2576398257e+01   -9.3199942930e+00    3.9468789065e+00   -6.3479982055e+00   -3.6418099474e+01    2.0233951879e+04    4.9542160100e-01    9.9895830391e-01
       107   -3.5554981155e+01    1.2648894743e+03   -4.8147772676e+01    1.2592791520e+01   -9.3078413826e+00    3.9032190940e+00   -6.3250509127e+00   -3.6418099474e+01    2.0167830124e+04    5.0444134900e-01    9.9901871178e-01
       108   -3.5549680041e+01    1.2644496208e+03   -4.8221765393e+01    1.2672085351e+01   -9.3496662248e+00    3.8770920381e+00   -6.3310917318e+00   -3.6418099474e+01    2.0209621366e+04    5.1276168400e-01    9.9899075239e-01
       109   -3.5533470703e+01    1.2633106214e+03   -4.8259341981e+01    1.2725871277e+01   -9.3625022609e+00    3.8583312649e+00   -6.3370715105e+00   -3.6418099474e+01    2.0245152243e+04    4.8186488000e-01    9.9902268638e-01
       110   -3.5528998486e+01    1.2630032547e+03   -4.8115353005e+01    1.2586354519e+01   -9.2844307663e+00    3.9428441595e+00   -6.3556669244e+00   -3.6418099474e+01    2.0379531379e+04    5.0500300800e-01    9.9891711174e-01
       111   -3.5534170025e+01    1.2633500952e+03   -4.8148254755e+01    1.2614084730e+01   -9.3108869016e+00    3.9287798289e+00   -6.3480482081e+00   -3.6418099474e+01    2.0534775273e+04    5.3939809200e-01    9.9902440891e-01
       112   -3.5506881871e+01    1.2614354179e+03   -4.8241666274e+01    1.2734784403e+01   -9.2741012410e+00    3.8096292487e+00   -6.3590948077e+00   -3.6418099474e+01    2.0596090111e+04    6.3076523700e-01    9.9898082990e-01
       113   -3.5514830118e+01    1.2620073341e+03   -4.8145615443e+01    1.2630785325e+01   -9.2925229726e+00    3.9320247508e+00   -6.3670177467e+00   -3.6418099474e+01    2.0465799083e+04    4.9368609200e-01    9.9895501870e-01
       114   -3.5544082999e+01    1.2640773843e+03   -4.8263877535e+01    1.2719794536e+01   -9.3396712404e+00    3.8708280967e+00   -6.3769349171e+00   -3.6418099474e+01    2.0469759859e+04    5.7481943700e-01    9.9901249215e-01
       115   -3.5573270665e+01    1.2661526162e+03   -4.8269664349e+01    1.2696393684e+01   -9.3093728582e+00    3.8265100919e+00   -6.3687021089e+00   -3.6418099474e+01    2.0406334435e+04    5.0660195900e-01    9.9901085434e-01
       116   -3.5552281206e+01    1.2646293677e+03   -4.8315230133e+01    1.2762948927e+01   -9.3059756282e+00    3.7824387146e+00   -6.3735937456e+00   -3.6418099474e+01    2.0315228217e+04    4.8784827600e-01    9.9900481067e-01
       117   -3.5564008868e+01    1.2654782349e+03   -4.8354875389e+01    1.2790866521e+01   -9.3867923979e+00    3.8128604845e+00   -6.3628440010e+00   -3.6418099474e+01    2.0349133356e+04    5.0007631700e-01    9.9898004326e-01
       118   -3.5572085863e+01    1.2660660889e+03   -4.8294070466e+01    1.2721984603e+01   -9.3118472539e+00    3.7914276779e+00   -6.3555514159e+00   -3.6418099474e+01    2.0309077764e+04    4.8257077600e-01    9.9897617406e-01
       119   -3.5594446073e+01    1.2676671979e+03   -4.8301947313e+01    1.2707501240e+01   -9.2637424184e+00    3.7230436845e+00   -6.3431491049e+00   -3.6418099474e+01    2.0446767741e+04    4.9951857000e-01    9.9892696362e-01
       120   -3.5573028785e+01    1.2661233424e+03   -4.8287590996e+01    1.2714562211e+01   -9.2975800973e+00    3.7451398116e+00   -6.3170512363e+00   -3.6418099474e+01    2.0683609959e+04    5.5560426500e-01    9.9901561205e-01
       121   -3.5586182036e+01    1.2670892941e+03   -4.8233277793e+01    1.2647095756e+01   -9.2723495211e+00    3.7828595132e+00   -6.3256883105e+00   -3.6418099474e+01    2.0755476083e+04    5.4655542600e-01    9.9896385542e-01
       122   -3.5592116651e+01    1.2675521671e+03   -4.8142146411e+01    1.2550029760e+01   -9.2679552316e+00    3.8841553877e+00   -6.3402470930e+00   -3.6418099474e+01    2.0788849462e+04    5.2906613500e-01    9.9898951015e-01
       123   -3.5582095877e+01    1.2667932046e+03   -4.8219182859e+01    1.2637086982e+01   -9.2067167431e+00    3.7465181388e+00   -6.3408847802e+00   -3.6418099474e+01    2.0942587987e+04    5.3307012400e-01    9.9898178469e-01
       124   -3.5582803089e+01    1.2668132526e+03   -4.8178571124e+01    1.2595768034e+01   -9.2112356994e+00    3.7757295951e+00   -6.3249655451e+00   -3.6418099474e+01    2.0916904003e+04    6.0255874200e-01    9.9898222653e-01
       125   -3.5581572707e+01    1.2667268831e+03   -4.8164654936e+01    1.2583082229e+01   -9.2407858664e+00    3.8099259742e+00   -6.3156955693e+00   -3.6418099474e+01    2.0791947140e+04    5.3183391300e-01    9.9895544133e-01
       126   -3.5583931016e+01    1.2668985250e+03   -4.8242283860e+01    1.2658352844e+01   -9.3090206689e+00    3.8398201049e+00   -6.3549838216e+00   -3.6418099474e+01    2.0720993263e+04    5.4006543800e-01    9.9903283866e-01
       127   -3.5576848221e+01    1.2664190752e+03   -4.8318539794e+01    1.2741691573e+01   -9.3089193833e+00    3.7442211819e+00   -6.3357421180e+00   -3.6418099474e+01    2.0805084914e+04    5.5450992100e-01    9.9896987927e-01
       128   -3.5575535199e+01    1.2663063735e+03   -4.8231592416e+01    1.2656057217e+01   -9.3214705037e+00    3.8402988398e+00   -6.3323212782e+00   -3.6418099474e+01    2.0727889723e+04    5.5997826800e-01    9.9897466828e-01
       129   -3.5568496520e+01    1.2657960309e+03   -4.8298077429e+01    1.2729580910e+01   -9.3711081584e+00    3.8701869109e+00   -6.3790567078e+00   -3.6418099474e+01    2.0581238477e+04    5.4513474100e-01    9.9893957486e-01
       130   -3.5572072131e+01    1.2660540261e+03   -4.8256299968e+01    1.2684227836e+01   -9.3719973476e+00    3.9050921829e+00   -6.3712953289e+00   -3.6418099474e+01    2.0477515036e+04    5.6201317300e-01    9.9895158083e-01
       131   -3.5580191809e+01    1.2666451088e+03   -4.8209314246e+01    1.2629122438e+01   -9.4356540001e+00    4.0025117048e+00   -6.3580724768e+00   -3.6418099474e+01    2.0501213188e+04    5.5433450700e-01    9.9891088419e-01
       132   -3.5593231093e+01    1.2675624745e+03   -4.8198731191e+01    1.2605500098e+01   -9.3706111765e+00    3.9347729204e+00   -6.3447934606e+00   -3.6418099474e+01    2.0520607416e+04    5.3608752300e-01    9.9893790394e-01
       133   -3.5581280015e+01    1.2667123427e+03   -4.8244858910e+01    1.2663578895e+01   -9.3219446144e+00    3.8453710168e+00   -6.3501858381e+00   -3.6418099474e+01    2.0500515413e+04    4.9851054100e-01    9.9890734570e-01
       134   -3.5582158946e+01    1.2667923453e+03   -4.8246692002e+01    1.2664533056e+01   -9.3155606066e+00    3.8392093185e+00   -6.3522412398e+00   -3.6418099474e+01    2.0663039275e+04    5.4812409000e-01    9.9903012323e-01
       135   -3.5595819331e+01    1.2677295711e+03   -4.8101420273e+01    1.2505600942e+01   -9.3107458329e+00    3.9609686819e+00   -6.3335436474e+00   -3.6418099474e+01    2.0764485065e+04    5.5271499800e-01    9.9895049069e-01
       136   -3.5596503605e+01    1.2678117915e+03   -4.8087905523e+01    1.2491401919e+01   -9.2789093808e+00    3.9717116443e+00   -6.3626083123e+00   -3.6418099474e+01    2.0759072740e+04    5.6027262900e-01    9.9887618405e-01
       137   -3.5586558026e+01    1.2671104276e+03   -4.8198499646e+01    1.2611941620e+01   -9.2433239288e+00    3.8267604482e+00   -6.3638366910e+00   -3.6418099474e+01    2.0711508223e+04    5.3225901100e-01    9.9903237157e-01
       138   -3.5603186488e+01    1.2682975689e+03   -4.8193705972e+01    1.2590519483e+01   -9.2085063458e+00    3.7943694518e+00   -6.3614696036e+00   -3.6418099474e+01    2.0753825686e+04    5.4638429900e-01    9.9903423724e-01
       139   -3.5593142293e+01    1.2675683066e+03   -4.8261963617e+01    1.2668821324e+01   -9.2174826798e+00    3.7144597230e+00   -6.3408411862e+00   -3.6418099474e+01    2.0883100317e+04    5.3138722900e-01    9.9903521136e-01
       140   -3.5584541430e+01    1.2669410096e+03   -4.8187609512e+01    1.2603068082e+01   -9.2039438267e+00    3.8013667988e+00   -6.3669330101e+00   -3.6418099474e+01    2.0911407921e+04    5.3142092700e-01    9.9889999522e-01
       141   -3.5601982269e+01    1.2682131495e+03   -4.8214354331e+01    1.2612372062e+01   -9.1782355620e+00    3.7490394288e+00   -6.3670587236e+00   -3.6418099474e+01    2.0906009079e+04    5.3022342200e-01    9.9893540670e-01
       142   -3.5592866754e+01    1.2675319519e+03   -4.8256676335e+01    1.2663809581e+01   -9.1923416226e+00    3.7060443587e+00   -6.3522795966e+00   -3.6418099474e+01    2.0901652548e+04    5.4046995400e-01    9.9896943512e-01
       143   -3.5584775273e+01    1.2669408270e+03   -4.8246872352e+01    1.2662097080e+01   -9.2855532600e+00    3.8061284555e+00   -6.3493480737e+00   -3.6418099474e+01    2.0947294517e+04    5.6662564300e-01    9.9900760495e-01
       144   -3.5573084754e+01    1.2661021428e+03   -4.8159276672e+01    1.2586191918e+01   -9.3755529440e+00    4.0168573020e+00   -6.3824815563e+00   -3.6418099474e+01    2.0825851384e+04    5.6348717400e-01    9.9896758703e-01
       145   -3.5590280694e+01    1.2673381532e+03   -4.8142734772e+01    1.2552454078e+01   -9.2904332478e+00    3.9559679045e+00   -6.3901699544e+00   -3.6418099474e+01    2.0751899330e+04    5.3052061200e-01    9.9897575553e-01
       146   -3.5579811311e+01    1.2665969369e+03   -4.8263438119e+01    1.2683626808e+01   -9.2255119921e+00    3.7698261998e+00   -6.3896528522e+00   -3.6418099474e+01    2.0830460744e+04    5.4839116800e-01    9.9901060386e-01
       147   -3.5549258860e+01    1.2644278974e+03   -4.8241769481e+01    1.2692510621e+01   -9.2403947451e+00    3.7746844091e+00   -6.3579596711e+00   -3.6418099474e+01    2.0821832893e+04    5.6790133700e-01    9.9903794707e-01
       148   -3.5561728259e+01    1.2653795583e+03   -4.8223884716e+01    1.2662156457e+01   -9.2665071303e+00    3.7940162061e+00   -6.3332943180e+00   -3.6418099474e+01    2.1030156828e+04    5.5697917300e-01    9.9898463712e-01
       149   -3.5593790890e+01    1.2677150185e+03   -4.8249255234e+01    1.2655464345e+01   -9.2631274510e+00    3.7516608381e+00   -6.3196891474e+00   -3.6418099474e+01    2.0959267350e+04    5.9739555000e-01    9.9900642162e-01
       150   -3.5620705067e+01    1.2695981550e+03   -4.8181776131e+01    1.2561071064e+01   -9.2875350618e+00    3.8299140128e+00   -6.3060556078e+00   -3.6418099474e+01    2.1002253496e+04    5.7699890300e-01    9.9901497778e-01
       151   -3.5585367859e+01    1.2670639368e+03   -4.8216794743e+01    1.2631426884e+01   -9.3075370819e+00    3.8162415501e+00   -6.3073997371e+00   -3.6418099474e+01    2.0899350192e+04    5.4494279400e-01    9.9895576262e-01
       152   -3.5597503870e+01    1.2678917203e+03   -4.8185375003e+01    1.2587871133e+01   -9.2467085655e+00    3.7691991126e+00   -6.2897660763e+00   -3.6418099474e+01    2.0950269550e+04    5.7485576400e-01    9.9895479532e-01
       153   -3.5596031577e+01    1.2678086338e+03   -4.8192154355e+01    1.2596122778e+01   -9.2624675854e+00    3.7856659958e+00   -6.2972532911e+00   -3.6418099474e+01    2.1009891208e+04    5.3707113100e-01    9.9895778077e-01
       154   -3.5595262872e+01    1.2677544672e+03   -4.8114582896e+01    1.2519320024e+01   -9.2764217423e+00    3.8879280475e+00   -6.3079897268e+00   -3.6418099474e+01    2.1064588523e+04    5.5001370100e-01    9.9895037780e-01
       155   -3.5580325436e+01    1.2667154255e+03   -4.8135319001e+01    1.2554993565e+01   -9.3288318767e+00    3.9065552230e+00   -6.2949428732e+00   -3.6418099474e+01    2.1109123140e+04    5.3440077500e-01    9.9900859444e-01
       156   -3.5574020461e+01    1.2663084387e+03   -4.8209064636e+01    1.2635044175e+01   -9.2781105706e+00    3.7973878548e+00   -6.3102424461e+00   -3.6418099474e+01    2.1016584711e+04    5.4615805500e-01    9.9898046572e-01
       157   -3.5572465025e+01    1.2661606950e+03   -4.8197997199e+01    1.2625532173e+01   -9.2740166359e+00    3.8062627932e+00   -6.3121438817e+00   -3.6418099474e+01    2.1063789992e+04    5.7545665100e-01    9.9900313301e-01
       158   -3.5562774742e+01    1.2654278248e+03   -4.8249296245e+01    1.2686521504e+01   -9.3082669778e+00    3.7834580992e+00   -6.3063878923e+00   -3.6418099474e+01    2.1071303961e+04    5.4838087600e-01    9.9899852235e-01
       159   -3.5566563815e+01    1.2657024266e+03   -4.8193764482e+01    1.2627200667e+01   -9.3467848421e+00    3.8713394038e+00   -6.3002195696e+00   -3.6418099474e+01    2.1003306667e+04    5.3867641700e-01    9.9898158349e-01
       160   -3.5558066587e+01    1.2650473707e+03   -4.8304299664e+01    1.2746233077e+01   -9.2674480452e+00    3.6988304396e+00   -6.3175825841e+00   -3.6418099474e+01    2.0985668496e+04    5.7468811100e-01    9.9893486694e-01
       161   -3.5553453301e+01    1.2647634332e+03   -4.8187559056e+01    1.2634105754e+01   -9.2775514862e+00    3.8256074668e+00   -6.3175155620e+00   -3.6418099474e+01    2.0965761151e+04    5.5128122200e-01    9.9897307166e-01
       162   -3.5563427230e+01    1.2654802412e+03   -4.8154645341e+01    1.2591218111e+01   -9.2136436585e+00    3.7891845650e+00   -6.3120867736e+00   -3.6418099474e+01    2.1054926068e+04    5.5574365900e-01    9.9896040376e-01
       163   -3.5583204245e+01    1.2668550254e+03   -4.8172724602e+01    1.2589520357e+01   -9.2607074215e+00    3.8375339104e+00   -6.3314516165e+00   -3.6418099474e+01    2.1168872986e+04    5.6001786200e-01    9.9900971725e-01
       164   -3.5584991330e+01    1.2669961807e+03   -4.8189605856e+01    1.2604614526e+01   -9.1906285110e+00    3.7686365061e+00   -6.3495143770e+00   -3.6418099474e+01    2.1081184734e+04    5.3576752100e-01    9.9896318283e-01
       165   -3.5549904279e+01    1.2645039639e+03   -4.8229025284e+01    1.2679121005e+01   -9.1933109724e+00    3.7352986669e+00   -6.3529135045e+00   -3.6418099474e+01    2.1050211198e+04    5.3885812100e-01    9.9896030502e-01
       166   -3.5544491168e+01    1.2640992484e+03   -4.8158170680e+01    1.2613679512e+01   -9.1948102886e+00    3.8113989231e+00   -6.3566598399e+00   -3.6418099474e+01    2.0926164864e+04    5.6273296800e-01    9.9899168094e-01
       167   -3.5549149844e+01    1.2644482939e+03   -4.8119538971e+01    1.2570389126e+01   -9.2223666881e+00    3.8876248679e+00   -6.3666976762e+00   -3.6418099474e+01    2.0906520836e+04    5.8097818400e-01    9.9900774675e-01
       168   -3.5544865897e+01    1.2641413768e+03   -4.8094478921e+01    1.2549613023e+01   -9.2651455098e+00    3.9436089385e+00   -6.3548428750e+00   -3.6418099474e+01    2.0841983239e+04    5.3738905700e-01    9.9899956145e-01
       169   -3.5549178880e+01    1.2644316324e+03   -4.8069339316e+01    1.2520160436e+01   -9.3539179123e+00    4.0439514726e+00   -6.3412734019e+00   -3.6418099474e+01    2.0695409048e+04    5.9017390000e-01    9.9892679426e-01
       170   -3.5531505046e+01    1.2631749056e+03   -4.8236150786e+01    1.2704645740e+01   -9.3732461583e+00    3.9003635074e+00   -6.3451686607e+00   -3.6418099474e+01    2.0595877065e+04    5.4827460400e-01    9.9896507967e-01
       171   -3.5554433220e+01    1.2647761074e+03   -4.8294767780e+01    1.2740334560e+01   -9.3390913290e+00    3.7827937184e+00   -6.3203706952e+00   -3.6418099474e+01    2.0524138038e+04    5.1197791100e-01    9.9903775883e-01
       172   -3.5530554186e+01    1.2630935724e+03   -4.8175672524e+01    1.2645118338e+01   -9.3517527964e+00    3.8876431269e+00   -6.2934633803e+00   -3.6418099474e+01    2.0526700917e+04    5.3147080700e-01    9.9894241741e-01
       173   -3.5529830740e+01    1.2630640170e+03   -4.8307828011e+01    1.2777997271e+01   -9.3193346198e+00    3.7748602666e+00   -6.3452541835e+00   -3.6418099474e+01    2.0445153537e+04    4.9128399200e-01    9.9902200489e-01
       174   -3.5529630487e+01    1.2630218233e+03   -4.8273782014e+01    1.2744151527e+01   -9.2536720360e+00    3.7488897553e+00   -6.3509002593e+00   -3.6418099474e+01    2.0393660062e+04    5.1881308300e-01    9.9903526956e-01
       175   -3.5534937330e+01    1.2634321178e+03   -4.8083311600e+01    1.2548374269e+01   -9.2707466460e+00    3.9418380365e+00   -6.3363035158e+00   -3.6418099474e+01    2.0446321205e+04    5.1369942100e-01    9.9900279427e-01
       176   -3.5533830158e+01    1.2633413579e+03   -4.8130266594e+01    1.2596436436e+01   -9.2391293422e+00    3.8500388254e+00   -6.3230766029e+00   -3.6418099474e+01    2.0663228881e+04    5.5637520800e-01    9.9897189027e-01
       177   -3.5519505832e+01    1.2623601590e+03   -4.8080687724e+01    1.2561181892e+01   -9.2729001369e+00    3.9303266051e+00   -6.3200147179e+00   -3.6418099474e+01    2.0667738542e+04    5.3132998600e-01    9.9888592570e-01
       178   -3.5534048335e+01    1.2634143695e+03   -4.8048031338e+01    1.2513983004e+01   -9.3112783356e+00    3.9778106956e+00   -6.2964642242e+00   -3.6418099474e+01    2.0728379393e+04    5.2804858400e-01    9.9896999552e-01
       179   -3.5500093508e+01    1.2609400161e+03   -4.8048871325e+01    1.2548777817e+01   -9.2970658095e+00    3.9657786416e+00   -6.2994846832e+00   -3.6418099474e+01    2.0639534583e+04    5.8915788300e-01    9.9893991589e-01
       180   -3.5495481996e+01    1.2606390413e+03   -4.8032090679e+01    1.2536608683e+01   -9.3208622879e+00    3.9891792953e+00   -6.2823082121e+00   -3.6418099474e+01    2.0399416409e+04    4.9049932100e-01    9.9900613815e-01
       181   -3.5539526917e+01    1.2637780354e+03   -4.8076566166e+01    1.2537039248e+01   -9.3121101377e+00    3.9114821382e+00   -6.2578386920e+00   -3.6418099474e+01    2.0192703264e+04    4.9739028800e-01    9.9900248318e-01
       182   -3.5549349152e+01    1.2644699443e+03   -4.8127570156e+01    1.2578221004e+01   -9.3121620190e+00    3.8641359144e+00   -6.2614445774e+00   -3.6418099474e+01    2.0036449676e+04    5.0011699300e-01    9.9899451619e-01
       183   -3.5548399734e+01    1.2643785203e+03   -4.7986989674e+01    1.2438589940e+01   -9.3329901960e+00    4.0574196323e+00   -6.2933196365e+00   -3.6418099474e+01    2.0174461034e+04    4.9246809000e-01    9.9890583836e-01
       184   -3.5543259039e+01    1.2640175176e+03   -4.8057956623e+01    1.2514697584e+01   -9.2559377446e+00    3.9281203090e+00   -6.3120397136e+00   -3.6418099474e+01    2.0188710457e+04    4.7897644200e-01    9.9892616547e-01
       185   -3.5541726083e+01    1.2639470908e+03   -4.8141838364e+01    1.2600112281e+01   -9.2199765326e+00    3.8449351982e+00   -6.3486975553e+00   -3.6418099474e+01    2.0325416990e+04    5.2660070300e-01    9.9898968246e-01
       186   -3.5543381112e+01    1.2640755300e+03   -4.8249602688e+01    1.2706221575e+01   -9.2098710788e+00    3.7280445562e+00   -6.3496766907e+00   -3.6418099474e+01    2.0427850844e+04    5.4665856400e-01    9.9892309952e-01
       187   -3.5540197496e+01    1.2638386056e+03   -4.8247105839e+01    1.2706908343e+01   -9.1896661512e+00    3.7121292059e+00   -6.3514694198e+00   -3.6418099474e+01    2.0564315631e+04    5.7837704500e-01    9.9897726010e-01
       188   -3.5543565298e+01    1.2640388286e+03   -4.8112477059e+01    1.2568911761e+01   -9.1907750037e+00    3.8223429417e+00   -6.3259455228e+00   -3.6418099474e+01    2.0576048084e+04    5.7170523800e-01    9.9902640001e-01
       189   -3.5534158227e+01    1.2633495249e+03   -4.8039657655e+01    1.2505499428e+01   -9.1353529674e+00    3.8642557543e+00   -6.3504609673e+00   -3.6418099474e+01    2.0493012570e+04    5.5645023700e-01    9.9898242948e-01
       190   -3.5511594210e+01    1.2617396036e+03   -4.7988738148e+01    1.2477143938e+01   -9.1410065775e+00    3.9396264461e+00   -6.3692585419e+00   -3.6418099474e+01    2.0509435191e+04    5.1066216000e-01    9.9898173033e-01
       191   -3.5541360083e+01    1.2638984395e+03   -4.8047016886e+01    1.2505656803e+01   -9.2134234755e+00    3.9721397972e+00   -6.3876337333e+00   -3.6418099474e+01    2.0508670534e+04    5.3813013300e-01    9.9903889013e-01
       192   -3.5555306214e+01    1.2648591841e+03   -4.8088623940e+01    1.2533317727e+01   -9.1545952966e+00    3.8468310392e+00   -6.3627602088e+00   -3.6418099474e+01    2.0429270070e+04    4.9026177400e-01    9.9898598562e-01
       193   -3.5541873394e+01    1.2638887403e+03   -4.8122445076e+01    1.2580571681e+01   -9.0547358942e+00    3.7068118804e+00   -6.3564215877e+00   -3.6418099474e+01    2.0412458078e+04    4.9382953900e-01    9.9898529021e-01
       194   -3.5545351341e+01    1.2641525019e+03   -4.8098604820e+01    1.2553253479e+01   -9.0532815003e+00    3.7097329454e+00   -6.3369567911e+00   -3.6418099474e+01    2.0507222470e+04    5.3270937700e-01    9.9898824906e-01
       195   -3.5540252097e+01    1.2638018089e+03   -4.8109707575e+01    1.2569455477e+01   -9.1387497684e+00    3.7887645531e+00   -6.3416228852e+00   -3.6418099474e+01    2.0598168579e+04    5.3686734800e-01    9.9907429237e-01
       196   -3.5532696643e+01    1.2632460746e+03   -4.8197559627e+01    1.2664862985e+01   -9.1316479712e+00    3.7079695628e+00   -6.3557817445e+00   -3.6418099474e+01    2.0473923460e+04    5.0601789800e-01    9.9895358085e-01
       197   -3.5547545411e+01    1.2643152952e+03   -4.8196166371e+01    1.2648620961e+01   -9.1126567072e+00    3.6657098589e+00   -6.3311200489e+00   -3.6418099474e+01    2.0331221558e+04    4.8100648400e-01    9.9900398406e-01
       198   -3.5557455516e+01    1.2650724796e+03   -4.8301954335e+01    1.2744498819e+01   -9.1211479859e+00    3.5719483640e+00   -6.3346552387e+00   -3.6418099474e+01    2.0313343202e+04    5.6089906100e-01    9.9900476167e-01
       199   -3.5557789432e+01    1.2651083737e+03   -4.8235557304e+01    1.2677767872e+01   -9.1445793432e+00    3.6732728618e+00   -6.3461513480e+00   -3.6418099474e+01    2.0388871061e+04    4.8358743700e-01    9.9903299722e-01
