#  Band    State   TwistIndex BandIndex Energy      Kx      Ky      Kz      K1      K2      K3    KmK 
       0        0       14        0    -0.275572  0.1136  0.0656  0.0654  0.1500 -0.0000  0.1500      1
       1        1       14        1    -0.256523  0.1136  0.0656  0.0654  0.1500 -0.0000  0.1500      1
       2        2       14        2    -0.204277  0.1136  0.0656  0.0654  0.1500 -0.0000  0.1500      1
       3        3       14        3    -0.142389  0.1136  0.0656  0.0654  0.1500 -0.0000  0.1500      1
       4        4       14        4    -0.108471  0.1136  0.0656  0.0654  0.1500 -0.0000  0.1500      1
       5        5       14        5     0.089142  0.1136  0.0656  0.0654  0.1500 -0.0000  0.1500      1
       6        6       14        6     0.099492  0.1136  0.0656  0.0654  0.1500 -0.0000  0.1500      1
       7        7       14        7     0.125431  0.1136  0.0656  0.0654  0.1500 -0.0000  0.1500      1
       8        8       14        8     0.126947  0.1136  0.0656  0.0654  0.1500 -0.0000  0.1500      1
       9        9       14        9     0.140975  0.1136  0.0656  0.0654  0.1500 -0.0000  0.1500      1
      10       10       14       10     0.156807  0.1136  0.0656  0.0654  0.1500 -0.0000  0.1500      1
      11       11       14       11     0.173800  0.1136  0.0656  0.0654  0.1500 -0.0000  0.1500      1
      12       12       14       12     0.175818  0.1136  0.0656  0.0654  0.1500 -0.0000  0.1500      1
      13       13       14       13     0.184785  0.1136  0.0656  0.0654  0.1500 -0.0000  0.1500      1
      14       14       14       14     0.251921  0.1136  0.0656  0.0654  0.1500 -0.0000  0.1500      1
      15       15       14       15     0.263323  0.1136  0.0656  0.0654  0.1500 -0.0000  0.1500      1
      16       16       14       16     0.274641  0.1136  0.0656  0.0654  0.1500 -0.0000  0.1500      1
      17       17       14       17     0.282187  0.1136  0.0656  0.0654  0.1500 -0.0000  0.1500      1
      18       18       14       18     0.287133  0.1136  0.0656  0.0654  0.1500 -0.0000  0.1500      1
      19       19       14       19     0.307393  0.1136  0.0656  0.0654  0.1500 -0.0000  0.1500      1
      20       20       14       20     0.384013  0.1136  0.0656  0.0654  0.1500 -0.0000  0.1500      1
      21       21       14       21     0.417250  0.1136  0.0656  0.0654  0.1500 -0.0000  0.1500      1
      22       22       14       22     0.441312  0.1136  0.0656  0.0654  0.1500 -0.0000  0.1500      1
      23       23       14       23     0.462549  0.1136  0.0656  0.0654  0.1500 -0.0000  0.1500      1
      24       24       14       24     0.464038  0.1136  0.0656  0.0654  0.1500 -0.0000  0.1500      1
      25       25       14       25     0.473619  0.1136  0.0656  0.0654  0.1500 -0.0000  0.1500      1
      26       26       14       26     0.494305  0.1136  0.0656  0.0654  0.1500 -0.0000  0.1500      1
      27       27       14       27     0.514048  0.1136  0.0656  0.0654  0.1500 -0.0000  0.1500      1
      28       28       14       28     0.541302  0.1136  0.0656  0.0654  0.1500 -0.0000  0.1500      1
      29       29       14       29     0.550386  0.1136  0.0656  0.0654  0.1500 -0.0000  0.1500      1
      30       30       14       30     0.553753  0.1136  0.0656  0.0654  0.1500 -0.0000  0.1500      1
      31       31       14       31     0.554552  0.1136  0.0656  0.0654  0.1500 -0.0000  0.1500      1
      32       32       14       32     0.571522  0.1136  0.0656  0.0654  0.1500 -0.0000  0.1500      1
      33       33       14       33     0.577622  0.1136  0.0656  0.0654  0.1500 -0.0000  0.1500      1
      34       34       14       34     0.609343  0.1136  0.0656  0.0654  0.1500 -0.0000  0.1500      1
      35       35       14       35     0.609664  0.1136  0.0656  0.0654  0.1500 -0.0000  0.1500      1
      36       36       14       36     0.628233  0.1136  0.0656  0.0654  0.1500 -0.0000  0.1500      1
      37       37       14       37     0.645381  0.1136  0.0656  0.0654  0.1500 -0.0000  0.1500      1
      38       38       14       38     0.645961  0.1136  0.0656  0.0654  0.1500 -0.0000  0.1500      1
      39       39       14       39     0.726506  0.1136  0.0656  0.0654  0.1500 -0.0000  0.1500      1
      40       40       14       40     0.746282  0.1136  0.0656  0.0654  0.1500 -0.0000  0.1500      1
      41       41       14       41     0.759991  0.1136  0.0656  0.0654  0.1500 -0.0000  0.1500      1
      42       42       14       42     0.769618  0.1136  0.0656  0.0654  0.1500 -0.0000  0.1500      1
      43       43       14       43     0.789557  0.1136  0.0656  0.0654  0.1500 -0.0000  0.1500      1
      44       44       14       44     0.819393  0.1136  0.0656  0.0654  0.1500 -0.0000  0.1500      1
      45       45       14       45     0.858265  0.1136  0.0656  0.0654  0.1500 -0.0000  0.1500      1
      46       46       14       46     0.867062  0.1136  0.0656  0.0654  0.1500 -0.0000  0.1500      1
      47       47       14       47     0.867222  0.1136  0.0656  0.0654  0.1500 -0.0000  0.1500      1
      48       48       14       48     0.887505  0.1136  0.0656  0.0654  0.1500 -0.0000  0.1500      1
      49       49       14       49     0.893425  0.1136  0.0656  0.0654  0.1500 -0.0000  0.1500      1
      50       50       14       50     0.900663  0.1136  0.0656  0.0654  0.1500 -0.0000  0.1500      1
      51       51       14       51     0.914110  0.1136  0.0656  0.0654  0.1500 -0.0000  0.1500      1
      52       52       14       52     0.917526  0.1136  0.0656  0.0654  0.1500 -0.0000  0.1500      1
      53       53       14       53     0.937706  0.1136  0.0656  0.0654  0.1500 -0.0000  0.1500      1
      54       54       14       54     0.945241  0.1136  0.0656  0.0654  0.1500 -0.0000  0.1500      1
      55       55       14       55     0.952600  0.1136  0.0656  0.0654  0.1500 -0.0000  0.1500      1
      56       56       14       56     0.966574  0.1136  0.0656  0.0654  0.1500 -0.0000  0.1500      1
      57       57       14       57     0.981603  0.1136  0.0656  0.0654  0.1500 -0.0000  0.1500      1
      58       58       14       58     0.996966  0.1136  0.0656  0.0654  0.1500 -0.0000  0.1500      1
      59       59       14       59     1.002244  0.1136  0.0656  0.0654  0.1500 -0.0000  0.1500      1
      60       60       14       60     1.031745  0.1136  0.0656  0.0654  0.1500 -0.0000  0.1500      1
      61       61       14       61     1.041852  0.1136  0.0656  0.0654  0.1500 -0.0000  0.1500      1
      62       62       14       62     1.058268  0.1136  0.0656  0.0654  0.1500 -0.0000  0.1500      1
      63       63       14       63     1.067975  0.1136  0.0656  0.0654  0.1500 -0.0000  0.1500      1
      64       64       14       64     1.090500  0.1136  0.0656  0.0654  0.1500 -0.0000  0.1500      1
      65       65       14       65     1.094115  0.1136  0.0656  0.0654  0.1500 -0.0000  0.1500      1
      66       66       14       66     1.105082  0.1136  0.0656  0.0654  0.1500 -0.0000  0.1500      1
      67       67       14       67     1.121969  0.1136  0.0656  0.0654  0.1500 -0.0000  0.1500      1
      68       68       14       68     1.128025  0.1136  0.0656  0.0654  0.1500 -0.0000  0.1500      1
      69       69       14       69     1.138956  0.1136  0.0656  0.0654  0.1500 -0.0000  0.1500      1
      70       70       14       70     1.142025  0.1136  0.0656  0.0654  0.1500 -0.0000  0.1500      1
      71       71       14       71     1.160018  0.1136  0.0656  0.0654  0.1500 -0.0000  0.1500      1
      72       72       14       72     1.164725  0.1136  0.0656  0.0654  0.1500 -0.0000  0.1500      1
      73       73       14       73     1.172948  0.1136  0.0656  0.0654  0.1500 -0.0000  0.1500      1
      74       74       14       74     1.188059  0.1136  0.0656  0.0654  0.1500 -0.0000  0.1500      1
      75       75       14       75     1.192741  0.1136  0.0656  0.0654  0.1500 -0.0000  0.1500      1
      76       76       14       76     1.215598  0.1136  0.0656  0.0654  0.1500 -0.0000  0.1500      1
      77       77       14       77     1.216721  0.1136  0.0656  0.0654  0.1500 -0.0000  0.1500      1
      78       78       14       78     1.225470  0.1136  0.0656  0.0654  0.1500 -0.0000  0.1500      1
      79       79       14       79     1.241569  0.1136  0.0656  0.0654  0.1500 -0.0000  0.1500      1
      80       80       14       80     1.244128  0.1136  0.0656  0.0654  0.1500 -0.0000  0.1500      1
      81       81       14       81     1.248338  0.1136  0.0656  0.0654  0.1500 -0.0000  0.1500      1
      82       82       14       82     1.251197  0.1136  0.0656  0.0654  0.1500 -0.0000  0.1500      1
      83       83       14       83     1.256878  0.1136  0.0656  0.0654  0.1500 -0.0000  0.1500      1
      84       84       14       84     1.270825  0.1136  0.0656  0.0654  0.1500 -0.0000  0.1500      1
      85       85       14       85     1.274645  0.1136  0.0656  0.0654  0.1500 -0.0000  0.1500      1
      86       86       14       86     1.288358  0.1136  0.0656  0.0654  0.1500 -0.0000  0.1500      1
      87       87       14       87     1.290322  0.1136  0.0656  0.0654  0.1500 -0.0000  0.1500      1
      88       88       14       88     1.300289  0.1136  0.0656  0.0654  0.1500 -0.0000  0.1500      1
      89       89       14       89     1.302049  0.1136  0.0656  0.0654  0.1500 -0.0000  0.1500      1
      90       90       14       90     1.318003  0.1136  0.0656  0.0654  0.1500 -0.0000  0.1500      1
      91       91       14       91     1.318998  0.1136  0.0656  0.0654  0.1500 -0.0000  0.1500      1
      92       92       14       92     1.327488  0.1136  0.0656  0.0654  0.1500 -0.0000  0.1500      1
      93       93       14       93     1.333018  0.1136  0.0656  0.0654  0.1500 -0.0000  0.1500      1
      94       94       14       94     1.341267  0.1136  0.0656  0.0654  0.1500 -0.0000  0.1500      1
      95       95       14       95     1.354125  0.1136  0.0656  0.0654  0.1500 -0.0000  0.1500      1
      96       96       14       96     1.362926  0.1136  0.0656  0.0654  0.1500 -0.0000  0.1500      1
      97       97       14       97     1.365171  0.1136  0.0656  0.0654  0.1500 -0.0000  0.1500      1
      98       98       14       98     1.372938  0.1136  0.0656  0.0654  0.1500 -0.0000  0.1500      1
      99       99       14       99     1.378076  0.1136  0.0656  0.0654  0.1500 -0.0000  0.1500      1
