#   index    LocalEnergy         LocalEnergy_sq      LocalPotential      Kinetic             LocalECP            NonLocalECP         ElecElec            IonIon              BlockWeight         BlockCPU            AcceptRatio         
         0   -3.5396565970e+01    1.2536483578e+03   -4.8185674723e+01    1.2789108753e+01   -9.4533822919e+00    3.9355765872e+00   -6.2497695443e+00   -3.6418099474e+01    2.0477827980e+04    4.9012331600e-01    9.9895517181e-01
         1   -3.5379857547e+01    1.2524580910e+03   -4.8162630552e+01    1.2782773006e+01   -9.4289363914e+00    3.9368428309e+00   -6.2524375177e+00   -3.6418099474e+01    2.0476008481e+04    4.8891413000e-01    9.9893398004e-01
         2   -3.5387593832e+01    1.2530028337e+03   -4.8245033335e+01    1.2857439503e+01   -9.3793504002e+00    3.8264661856e+00   -6.2740496460e+00   -3.6418099474e+01    2.0488319529e+04    5.4211867300e-01    9.9897859583e-01
         3   -3.5385795622e+01    1.2528895760e+03   -4.8184632611e+01    1.2798836989e+01   -9.3011626671e+00    3.8090425173e+00   -6.2744129871e+00   -3.6418099474e+01    2.0577648324e+04    5.7044727200e-01    9.9900730981e-01
         4   -3.5393807112e+01    1.2534584571e+03   -4.8131892958e+01    1.2738085847e+01   -9.3345465293e+00    3.8686505859e+00   -6.2478975408e+00   -3.6418099474e+01    2.0568243112e+04    5.6384608500e-01    9.9895815969e-01
         5   -3.5413677570e+01    1.2548478242e+03   -4.8196664705e+01    1.2782987135e+01   -9.3011025218e+00    3.7907815824e+00   -6.2682442913e+00   -3.6418099474e+01    2.0452675737e+04    5.1492458700e-01    9.9902365582e-01
         6   -3.5402140166e+01    1.2540184928e+03   -4.8262929442e+01    1.2860789276e+01   -9.2709764618e+00    3.7360752729e+00   -6.3099287787e+00   -3.6418099474e+01    2.0502189276e+04    5.6097619900e-01    9.9900179085e-01
         7   -3.5429198111e+01    1.2559391626e+03   -4.8225372615e+01    1.2796174504e+01   -9.3484033600e+00    3.8394959698e+00   -6.2983657501e+00   -3.6418099474e+01    2.0512818612e+04    5.3056016500e-01    9.9895157751e-01
         8   -3.5422000664e+01    1.2553745900e+03   -4.8173522548e+01    1.2751521885e+01   -9.3432656958e+00    3.8938222954e+00   -6.3059796737e+00   -3.6418099474e+01    2.0419353741e+04    5.4991192400e-01    9.9901333053e-01
         9   -3.5402121898e+01    1.2539912925e+03   -4.8163293100e+01    1.2761171202e+01   -9.3495167276e+00    3.9129534955e+00   -6.3086303938e+00   -3.6418099474e+01    2.0584775128e+04    5.5302971800e-01    9.9902326130e-01
        10   -3.5407176715e+01    1.2543867538e+03   -4.8120704106e+01    1.2713527391e+01   -9.4168181011e+00    4.0134221484e+00   -6.2992086792e+00   -3.6418099474e+01    2.0610863930e+04    5.5407205500e-01    9.9899503756e-01
        11   -3.5415958995e+01    1.2550150142e+03   -4.8214086180e+01    1.2798127185e+01   -9.3471661891e+00    3.8601721386e+00   -6.3089926548e+00   -3.6418099474e+01    2.0695126338e+04    5.3984500900e-01    9.9895765023e-01
        12   -3.5426566128e+01    1.2557535631e+03   -4.8322429106e+01    1.2895862978e+01   -9.3114514825e+00    3.7410569567e+00   -6.3339351059e+00   -3.6418099474e+01    2.0626500631e+04    5.4988078100e-01    9.9903371938e-01
        13   -3.5452876238e+01    1.2577248551e+03   -4.8250123376e+01    1.2797247137e+01   -9.3961781503e+00    3.8861264637e+00   -6.3219722149e+00   -3.6418099474e+01    2.0720950144e+04    5.3186379200e-01    9.9905003276e-01
        14   -3.5453026649e+01    1.2577098268e+03   -4.8169904134e+01    1.2716877486e+01   -9.4115054080e+00    3.9724830735e+00   -6.3127823258e+00   -3.6418099474e+01    2.0823165094e+04    5.5587274400e-01    9.9897410208e-01
        15   -3.5451207589e+01    1.2575751661e+03   -4.8238686940e+01    1.2787479351e+01   -9.4522192340e+00    3.9273251971e+00   -6.2956934287e+00   -3.6418099474e+01    2.1004440567e+04    5.3453413500e-01    9.9893207450e-01
        16   -3.5449684726e+01    1.2574237301e+03   -4.8281501799e+01    1.2831817073e+01   -9.4287766163e+00    3.8656838500e+00   -6.3003095589e+00   -3.6418099474e+01    2.1104228537e+04    5.7328862800e-01    9.9892708221e-01
        17   -3.5456601449e+01    1.2579245975e+03   -4.8198610697e+01    1.2742009248e+01   -9.4373127170e+00    3.9435797726e+00   -6.2867782788e+00   -3.6418099474e+01    2.1054605776e+04    5.6392178900e-01    9.9894483989e-01
        18   -3.5460237624e+01    1.2581343668e+03   -4.8168908868e+01    1.2708671244e+01   -9.3494929664e+00    3.8902893229e+00   -6.2916057501e+00   -3.6418099474e+01    2.1013445905e+04    5.6438641800e-01    9.9899202459e-01
        19   -3.5453848419e+01    1.2576670114e+03   -4.8199429373e+01    1.2745580954e+01   -9.3827069788e+00    3.8927242102e+00   -6.2913471302e+00   -3.6418099474e+01    2.1037576225e+04    5.4557703200e-01    9.9900006112e-01
        20   -3.5456410451e+01    1.2578959669e+03   -4.8279760067e+01    1.2823349615e+01   -9.4204821113e+00    3.8363501606e+00   -6.2775286417e+00   -3.6418099474e+01    2.1106933702e+04    5.3397272300e-01    9.9902875823e-01
        21   -3.5446911093e+01    1.2571981913e+03   -4.8241436299e+01    1.2794525206e+01   -9.4355208727e+00    3.8916472655e+00   -6.2794632178e+00   -3.6418099474e+01    2.1129733541e+04    5.4507012100e-01    9.9901131662e-01
        22   -3.5432077016e+01    1.2561076869e+03   -4.8202390239e+01    1.2770313223e+01   -9.3423223808e+00    3.8142398545e+00   -6.2562082387e+00   -3.6418099474e+01    2.0942041621e+04    5.4494545600e-01    9.9897355104e-01
        23   -3.5448784717e+01    1.2574051929e+03   -4.8265388225e+01    1.2816603508e+01   -9.2766624013e+00    3.7399848286e+00   -6.3106111780e+00   -3.6418099474e+01    2.0845377009e+04    5.3452003500e-01    9.9897548005e-01
        24   -3.5452954608e+01    1.2577056578e+03   -4.8180534035e+01    1.2727579427e+01   -9.3026197322e+00    3.8474303233e+00   -6.3072451517e+00   -3.6418099474e+01    2.0790951756e+04    6.1601012000e-01    9.9892118464e-01
        25   -3.5448519398e+01    1.2573730866e+03   -4.8132324511e+01    1.2683805113e+01   -9.2754228424e+00    3.8765128108e+00   -6.3153150055e+00   -3.6418099474e+01    2.0775975580e+04    5.6964308600e-01    9.9896343308e-01
        26   -3.5452749047e+01    1.2576125259e+03   -4.8291047309e+01    1.2838298262e+01   -9.2498836768e+00    3.7051342710e+00   -6.3281984295e+00   -3.6418099474e+01    2.0677304920e+04    6.5012552800e-01    9.9898600795e-01
        27   -3.5433837038e+01    1.2562838501e+03   -4.8234223552e+01    1.2800386514e+01   -9.2468536703e+00    3.7470917297e+00   -6.3163621371e+00   -3.6418099474e+01    2.0638892484e+04    6.7586021400e-01    9.9892718715e-01
        28   -3.5435632126e+01    1.2564000122e+03   -4.8258351071e+01    1.2822718945e+01   -9.2552751884e+00    3.7456896650e+00   -6.3306660738e+00   -3.6418099474e+01    2.0583506692e+04    5.5195295300e-01    9.9897805508e-01
        29   -3.5457165495e+01    1.2579111363e+03   -4.8211664035e+01    1.2754498540e+01   -9.2678183877e+00    3.7955954172e+00   -6.3213415903e+00   -3.6418099474e+01    2.0624689861e+04    5.3619391100e-01    9.9893139449e-01
        30   -3.5445758440e+01    1.2571088512e+03   -4.8314177732e+01    1.2868419291e+01   -9.2621015046e+00    3.7007003765e+00   -6.3346771293e+00   -3.6418099474e+01    2.0635219584e+04    5.2843585700e-01    9.9896322297e-01
        31   -3.5459529264e+01    1.2580765920e+03   -4.8291497183e+01    1.2831967920e+01   -9.2407597073e+00    3.6941495209e+00   -6.3267875229e+00   -3.6418099474e+01    2.0705958407e+04    5.4654268100e-01    9.9895977809e-01
        32   -3.5464031257e+01    1.2583606762e+03   -4.8326513675e+01    1.2862482418e+01   -9.2748429935e+00    3.6971406443e+00   -6.3307118518e+00   -3.6418099474e+01    2.0771101498e+04    5.6885902100e-01    9.9899914704e-01
        33   -3.5450437529e+01    1.2573866552e+03   -4.8195860541e+01    1.2745423013e+01   -9.3373179706e+00    3.8805619294e+00   -6.3210050260e+00   -3.6418099474e+01    2.0771118094e+04    5.4842485900e-01    9.9900788875e-01
        34   -3.5442729528e+01    1.2568621037e+03   -4.8080604543e+01    1.2637875014e+01   -9.3184171666e+00    3.9565698561e+00   -6.3006577580e+00   -3.6418099474e+01    2.0796487484e+04    5.3088564100e-01    9.9905210666e-01
        35   -3.5431218837e+01    1.2560556772e+03   -4.8299158416e+01    1.2867939579e+01   -9.2642704292e+00    3.6867524144e+00   -6.3035409275e+00   -3.6418099474e+01    2.0746378755e+04    5.2796178500e-01    9.9902237522e-01
        36   -3.5443950929e+01    1.2569591292e+03   -4.8338281568e+01    1.2894330638e+01   -9.2765660144e+00    3.6979018896e+00   -6.3415179688e+00   -3.6418099474e+01    2.0692347238e+04    5.6631314500e-01    9.9899379362e-01
        37   -3.5407210043e+01    1.2543579454e+03   -4.8219981466e+01    1.2812771424e+01   -9.3449875759e+00    3.8701918698e+00   -6.3270862861e+00   -3.6418099474e+01    2.0644618484e+04    5.3135333200e-01    9.9898833735e-01
        38   -3.5411160954e+01    1.2546519290e+03   -4.8213527736e+01    1.2802366781e+01   -9.3696233243e+00    3.9175950391e+00   -6.3433999762e+00   -3.6418099474e+01    2.0532547775e+04    5.2359423200e-01    9.9901054491e-01
        39   -3.5394907099e+01    1.2535158879e+03   -4.8248910685e+01    1.2854003586e+01   -9.3164148425e+00    3.8124797241e+00   -6.3268760924e+00   -3.6418099474e+01    2.0426513427e+04    5.5151785800e-01    9.9899851788e-01
        40   -3.5399429552e+01    1.2538294995e+03   -4.8170323529e+01    1.2770893977e+01   -9.3259569634e+00    3.8914850383e+00   -6.3177521293e+00   -3.6418099474e+01    2.0300839161e+04    5.1655170400e-01    9.9892361160e-01
        41   -3.5395135339e+01    1.2534931907e+03   -4.8148052846e+01    1.2752917508e+01   -9.3585388787e+00    3.9361327450e+00   -6.3075472384e+00   -3.6418099474e+01    2.0285310830e+04    4.8297765800e-01    9.9890873505e-01
        42   -3.5398376825e+01    1.2537145342e+03   -4.8188876426e+01    1.2790499602e+01   -9.3212063440e+00    3.8754892696e+00   -6.3250598778e+00   -3.6418099474e+01    2.0170336913e+04    5.2414425800e-01    9.9895020465e-01
        43   -3.5428468267e+01    1.2559047121e+03   -4.8231778404e+01    1.2803310137e+01   -9.3075451330e+00    3.8153420539e+00   -6.3214758510e+00   -3.6418099474e+01    2.0267104744e+04    5.4832915100e-01    9.9900607633e-01
        44   -3.5438377106e+01    1.2566170048e+03   -4.8090369308e+01    1.2651992202e+01   -9.2684383366e+00    3.9101936515e+00   -6.3140251491e+00   -3.6418099474e+01    2.0286476740e+04    5.3047104200e-01    9.9900338778e-01
        45   -3.5429926335e+01    1.2560068767e+03   -4.8080957130e+01    1.2651030795e+01   -9.2257393506e+00    3.8558154896e+00   -6.2929337944e+00   -3.6418099474e+01    2.0335431129e+04    5.0364836300e-01    9.9894968315e-01
        46   -3.5421488000e+01    1.2554336090e+03   -4.8039877980e+01    1.2618389980e+01   -9.2558244711e+00    3.9026664323e+00   -6.2686204669e+00   -3.6418099474e+01    2.0377096856e+04    5.1230469300e-01    9.9895545616e-01
        47   -3.5402905570e+01    1.2540717311e+03   -4.8105749393e+01    1.2702843824e+01   -9.2649591372e+00    3.8809609218e+00   -6.3036517038e+00   -3.6418099474e+01    2.0592415598e+04    5.4165484000e-01    9.9897533167e-01
        48   -3.5416215004e+01    1.2550087623e+03   -4.8210086674e+01    1.2793871670e+01   -9.2082752586e+00    3.7331732109e+00   -6.3168851520e+00   -3.6418099474e+01    2.0669002925e+04    5.4010224400e-01    9.9898250390e-01
        49   -3.5419082067e+01    1.2551932450e+03   -4.8172413810e+01    1.2753331743e+01   -9.1624855317e+00    3.7404018331e+00   -6.3322306376e+00   -3.6418099474e+01    2.0658139322e+04    5.2629163000e-01    9.9902858249e-01
        50   -3.5422817006e+01    1.2554638091e+03   -4.8178854236e+01    1.2756037231e+01   -9.2140642334e+00    3.7713063600e+00   -6.3179968889e+00   -3.6418099474e+01    2.0743662695e+04    5.4304262400e-01    9.9899818227e-01
        51   -3.5424305744e+01    1.2555833564e+03   -4.8192129159e+01    1.2767823415e+01   -9.2778302635e+00    3.8078877184e+00   -6.3040871399e+00   -3.6418099474e+01    2.0699896198e+04    5.4246126000e-01    9.9897012855e-01
        52   -3.5397396316e+01    1.2536967213e+03   -4.8268943681e+01    1.2871547365e+01   -9.3008418690e+00    3.7343999831e+00   -6.2844023207e+00   -3.6418099474e+01    2.0771625738e+04    5.3083488700e-01    9.9893962204e-01
        53   -3.5414743257e+01    1.2548944238e+03   -4.8237284546e+01    1.2822541289e+01   -9.3465181202e+00    3.8181776837e+00   -6.2908446348e+00   -3.6418099474e+01    2.0823432899e+04    5.2984694100e-01    9.9904841918e-01
        54   -3.5412234175e+01    1.2547325250e+03   -4.8198389887e+01    1.2786155713e+01   -9.4202681579e+00    3.8753939082e+00   -6.2354161633e+00   -3.6418099474e+01    2.0891683366e+04    5.4112608700e-01    9.9891997567e-01
        55   -3.5432663663e+01    1.2562334741e+03   -4.8178788380e+01    1.2746124717e+01   -9.4224834509e+00    3.9222042567e+00   -6.2604097115e+00   -3.6418099474e+01    2.0908457446e+04    5.4533335900e-01    9.9897188217e-01
        56   -3.5430084913e+01    1.2560180938e+03   -4.8151564223e+01    1.2721479310e+01   -9.4260595503e+00    3.9721058187e+00   -6.2795110170e+00   -3.6418099474e+01    2.0821676061e+04    5.4707888500e-01    9.9896415709e-01
        57   -3.5417491032e+01    1.2551059034e+03   -4.8294541363e+01    1.2877050331e+01   -9.4518809135e+00    3.8511945890e+00   -6.2757555644e+00   -3.6418099474e+01    2.0804698584e+04    5.2911895400e-01    9.9899086977e-01
        58   -3.5434625716e+01    1.2563397308e+03   -4.8304359374e+01    1.2869733658e+01   -9.4839356299e+00    3.8900256532e+00   -6.2923499231e+00   -3.6418099474e+01    2.0764351355e+04    5.5307598100e-01    9.9892853703e-01
        59   -3.5439762881e+01    1.2566714752e+03   -4.8294032495e+01    1.2854269614e+01   -9.5082581819e+00    3.9447218451e+00   -6.3123966840e+00   -3.6418099474e+01    2.0781282928e+04    5.5147010800e-01    9.9892076935e-01
        60   -3.5442781884e+01    1.2569371151e+03   -4.8284993023e+01    1.2842211139e+01   -9.5606690761e+00    4.0117311543e+00   -6.3179556270e+00   -3.6418099474e+01    2.0597378095e+04    5.4771352200e-01    9.9902546958e-01
        61   -3.5446975590e+01    1.2571706847e+03   -4.8342461369e+01    1.2895485779e+01   -9.5381990226e+00    3.9052865667e+00   -6.2914494394e+00   -3.6418099474e+01    2.0561840543e+04    5.5823719700e-01    9.9899244683e-01
        62   -3.5450594432e+01    1.2574340337e+03   -4.8485816237e+01    1.3035221805e+01   -9.4671731665e+00    3.6883877575e+00   -6.2889313539e+00   -3.6418099474e+01    2.0780648515e+04    5.2773068400e-01    9.9899280180e-01
        63   -3.5435976836e+01    1.2563840343e+03   -4.8272292133e+01    1.2836315297e+01   -9.5354543448e+00    3.9436725906e+00   -6.2624109046e+00   -3.6418099474e+01    2.0769699968e+04    5.6199720500e-01    9.9897178071e-01
        64   -3.5432841858e+01    1.2561538772e+03   -4.8308581882e+01    1.2875740024e+01   -9.4929093275e+00    3.8675750921e+00   -6.2651481722e+00   -3.6418099474e+01    2.0749956028e+04    5.4292468100e-01    9.9887790506e-01
        65   -3.5415464083e+01    1.2549758678e+03   -4.8233979377e+01    1.2818515294e+01   -9.4410978290e+00    3.8774919956e+00   -6.2522740696e+00   -3.6418099474e+01    2.0632492538e+04    5.3350893900e-01    9.9898933261e-01
        66   -3.5445378231e+01    1.2570836286e+03   -4.8329116522e+01    1.2883738291e+01   -9.4663466846e+00    3.8154451186e+00   -6.2601154819e+00   -3.6418099474e+01    2.0551108399e+04    5.5400360500e-01    9.9889810418e-01
        67   -3.5430210595e+01    1.2559727683e+03   -4.8385203034e+01    1.2954992440e+01   -9.4432672052e+00    3.7701290695e+00   -6.2939654246e+00   -3.6418099474e+01    2.0586330102e+04    5.4551707600e-01    9.9900596077e-01
        68   -3.5450287672e+01    1.2574626174e+03   -4.8234449608e+01    1.2784161936e+01   -9.4955706698e+00    3.9756577379e+00   -6.2964372020e+00   -3.6418099474e+01    2.0541346757e+04    5.4540844900e-01    9.9902967322e-01
        69   -3.5436928096e+01    1.2565519169e+03   -4.8281672301e+01    1.2844744205e+01   -9.5392278142e+00    3.9405194247e+00   -6.2648644371e+00   -3.6418099474e+01    2.0563716249e+04    5.4754068400e-01    9.9897353777e-01
        70   -3.5442204107e+01    1.2569087934e+03   -4.8293029179e+01    1.2850825073e+01   -9.5730100658e+00    3.9515976394e+00   -6.2535172788e+00   -3.6418099474e+01    2.0523920020e+04    5.0661826500e-01    9.9897148705e-01
        71   -3.5427398683e+01    1.2558254793e+03   -4.8324502736e+01    1.2897104053e+01   -9.5688797807e+00    3.9539332511e+00   -6.2914567320e+00   -3.6418099474e+01    2.0330949119e+04    4.8278773600e-01    9.9891082847e-01
        72   -3.5430519456e+01    1.2560101379e+03   -4.8309257551e+01    1.2878738096e+01   -9.6040779564e+00    4.0147732606e+00   -6.3018533812e+00   -3.6418099474e+01    2.0390758464e+04    4.8253964400e-01    9.9893855531e-01
        73   -3.5440180234e+01    1.2566778802e+03   -4.8355526725e+01    1.2915346490e+01   -9.4750986267e+00    3.8443942868e+00   -6.3067229106e+00   -3.6418099474e+01    2.0335340667e+04    5.3700612500e-01    9.9897768472e-01
        74   -3.5444812328e+01    1.2570374046e+03   -4.8217784938e+01    1.2772972609e+01   -9.4269487744e+00    3.9310905670e+00   -6.3038272562e+00   -3.6418099474e+01    2.0375053562e+04    4.7889586400e-01    9.9899016108e-01
        75   -3.5457587302e+01    1.2579217683e+03   -4.8203909758e+01    1.2746322457e+01   -9.4755445047e+00    3.9659731541e+00   -6.2762389336e+00   -3.6418099474e+01    2.0426048455e+04    5.0898562900e-01    9.9895410662e-01
        76   -3.5463049193e+01    1.2583351001e+03   -4.8271967406e+01    1.2808918214e+01   -9.4779259083e+00    3.9164650513e+00   -6.2924070753e+00   -3.6418099474e+01    2.0468840447e+04    4.8423637600e-01    9.9904875937e-01
        77   -3.5466348356e+01    1.2585941501e+03   -4.8335042638e+01    1.2868694282e+01   -9.4540229959e+00    3.8313303622e+00   -6.2942505299e+00   -3.6418099474e+01    2.0537091254e+04    5.2403853900e-01    9.9889365907e-01
        78   -3.5479277079e+01    1.2595320608e+03   -4.8335686643e+01    1.2856409564e+01   -9.4213918475e+00    3.7890001605e+00   -6.2851954820e+00   -3.6418099474e+01    2.0560170734e+04    5.4254752600e-01    9.9892080330e-01
        79   -3.5459980782e+01    1.2581290285e+03   -4.8317636225e+01    1.2857655443e+01   -9.4097738268e+00    3.7884147657e+00   -6.2781776899e+00   -3.6418099474e+01    2.0754989462e+04    5.4993728700e-01    9.9902246943e-01
        80   -3.5454486896e+01    1.2577199747e+03   -4.8284355240e+01    1.2829868343e+01   -9.4028009202e+00    3.8307490477e+00   -6.2942038928e+00   -3.6418099474e+01    2.0924260826e+04    5.9320633500e-01    9.9893492094e-01
        81   -3.5475216428e+01    1.2592117906e+03   -4.8385694719e+01    1.2910478291e+01   -9.3678203048e+00    3.6734683951e+00   -6.2732433348e+00   -3.6418099474e+01    2.0988281957e+04    5.7559039200e-01    9.9903672691e-01
        82   -3.5468917556e+01    1.2587589879e+03   -4.8357835668e+01    1.2888918112e+01   -9.3774036088e+00    3.7392315334e+00   -6.3015641189e+00   -3.6418099474e+01    2.1136022367e+04    6.1406762600e-01    9.9892189665e-01
        83   -3.5463014217e+01    1.2583524095e+03   -4.8389042301e+01    1.2926028084e+01   -9.3990864340e+00    3.7474978976e+00   -6.3193542901e+00   -3.6418099474e+01    2.1238771423e+04    5.6270112000e-01    9.9895581114e-01
        84   -3.5474905084e+01    1.2592031039e+03   -4.8285107205e+01    1.2810202121e+01   -9.4863024209e+00    3.9252242142e+00   -6.3059295241e+00   -3.6418099474e+01    2.1397168856e+04    5.3345761800e-01    9.9898354986e-01
        85   -3.5480307323e+01    1.2595853145e+03   -4.8232598633e+01    1.2752291310e+01   -9.4454521409e+00    3.9336868985e+00   -6.3027339160e+00   -3.6418099474e+01    2.1360139083e+04    5.3582853200e-01    9.9895666132e-01
        86   -3.5484149589e+01    1.2598836691e+03   -4.8225987014e+01    1.2741837425e+01   -9.4504666338e+00    3.9331423047e+00   -6.2905632105e+00   -3.6418099474e+01    2.1218794691e+04    5.2899947400e-01    9.9891086242e-01
        87   -3.5472697109e+01    1.2590346605e+03   -4.8330520967e+01    1.2857823858e+01   -9.3574833676e+00    3.7332319247e+00   -6.2881700501e+00   -3.6418099474e+01    2.1238297825e+04    5.2979979900e-01    9.9906333661e-01
        88   -3.5465897127e+01    1.2585748822e+03   -4.8295870243e+01    1.2829973116e+01   -9.3430243930e+00    3.7481695225e+00   -6.2829158985e+00   -3.6418099474e+01    2.1287861091e+04    5.6381265300e-01    9.9894652083e-01
        89   -3.5448055676e+01    1.2573028841e+03   -4.8305861252e+01    1.2857805576e+01   -9.3783927042e+00    3.7854720431e+00   -6.2948411166e+00   -3.6418099474e+01    2.1396527061e+04    5.5762384700e-01    9.9897043806e-01
        90   -3.5420589347e+01    1.2552903136e+03   -4.8339773396e+01    1.2919184049e+01   -9.3530376638e+00    3.7347778004e+00   -6.3034140581e+00   -3.6418099474e+01    2.1357268933e+04    5.2825606600e-01    9.9895882078e-01
        91   -3.5422331311e+01    1.2554493822e+03   -4.8344929986e+01    1.2922598675e+01   -9.3013250464e+00    3.7034494553e+00   -6.3289549207e+00   -3.6418099474e+01    2.1025209453e+04    5.9360795400e-01    9.9895237642e-01
        92   -3.5412216214e+01    1.2547385907e+03   -4.8226181646e+01    1.2813965432e+01   -9.3612772514e+00    3.8928806103e+00   -6.3396855305e+00   -3.6418099474e+01    2.0912672265e+04    5.4796358500e-01    9.9898090868e-01
        93   -3.5418771366e+01    1.2551873396e+03   -4.8294847713e+01    1.2876076346e+01   -9.3964930271e+00    3.8611130543e+00   -6.3413682656e+00   -3.6418099474e+01    2.0896018082e+04    5.7359754800e-01    9.9899369909e-01
        94   -3.5434411750e+01    1.2562939901e+03   -4.8300564444e+01    1.2866152694e+01   -9.3416462452e+00    3.8111882610e+00   -6.3520069860e+00   -3.6418099474e+01    2.0791258325e+04    5.3025784400e-01    9.9897640229e-01
        95   -3.5429936577e+01    1.2560058985e+03   -4.8264952203e+01    1.2835015626e+01   -9.3774317175e+00    3.8664090633e+00   -6.3358300750e+00   -3.6418099474e+01    2.0708557737e+04    5.3994661800e-01    9.9895678144e-01
        96   -3.5417351442e+01    1.2551189770e+03   -4.8196554374e+01    1.2779202932e+01   -9.3667600043e+00    3.8926496993e+00   -6.3043445944e+00   -3.6418099474e+01    2.0832589836e+04    5.5353059400e-01    9.9896147519e-01
        97   -3.5423291600e+01    1.2555011004e+03   -4.8167777542e+01    1.2744485942e+01   -9.2416705239e+00    3.7921664757e+00   -6.3001740197e+00   -3.6418099474e+01    2.0662399530e+04    5.5928797400e-01    9.9903054559e-01
        98   -3.5429644099e+01    1.2559522229e+03   -4.8287143959e+01    1.2857499860e+01   -9.1846492999e+00    3.6281897443e+00   -6.3125849289e+00   -3.6418099474e+01    2.0554909802e+04    5.7835917900e-01    9.9893675425e-01
        99   -3.5434777502e+01    1.2563074841e+03   -4.8306964344e+01    1.2872186842e+01   -9.3118618974e+00    3.7454082619e+00   -6.3224112343e+00   -3.6418099474e+01    2.0675691315e+04    5.3038665500e-01    9.9900515386e-01
       100   -3.5452622580e+01    1.2575890252e+03   -4.8355909464e+01    1.2903286884e+01   -9.3430869952e+00    3.7130745571e+00   -6.3077975515e+00   -3.6418099474e+01    2.0756051170e+04    5.7904805200e-01    9.9892108614e-01
       101   -3.5442844370e+01    1.2568854348e+03   -4.8369100779e+01    1.2926256409e+01   -9.3748273149e+00    3.7096818833e+00   -6.2858558729e+00   -3.6418099474e+01    2.0793241151e+04    5.4450867200e-01    9.9898670697e-01
       102   -3.5444166468e+01    1.2569904841e+03   -4.8397688528e+01    1.2953522060e+01   -9.3830348525e+00    3.6730267164e+00   -6.2695809179e+00   -3.6418099474e+01    2.0691316361e+04    5.3268790200e-01    9.9896440308e-01
       103   -3.5468022110e+01    1.2586930502e+03   -4.8253322064e+01    1.2785299954e+01   -9.4454391535e+00    3.8731010681e+00   -6.2628845045e+00   -3.6418099474e+01    2.0635790897e+04    5.5258502200e-01    9.9900115637e-01
       104   -3.5457832008e+01    1.2579982363e+03   -4.8255255988e+01    1.2797423980e+01   -9.4550129948e+00    3.8845877356e+00   -6.2667312547e+00   -3.6418099474e+01    2.0642887716e+04    5.4294735200e-01    9.9900505260e-01
       105   -3.5458331402e+01    1.2580149268e+03   -4.8257276243e+01    1.2798944841e+01   -9.3974978836e+00    3.8205454623e+00   -6.2622243474e+00   -3.6418099474e+01    2.0604384235e+04    5.2537305300e-01    9.9890782001e-01
       106   -3.5458616100e+01    1.2580354647e+03   -4.8249107595e+01    1.2790491495e+01   -9.4330100988e+00    3.8594047457e+00   -6.2574027673e+00   -3.6418099474e+01    2.0631661736e+04    5.4265804800e-01    9.9899586574e-01
       107   -3.5444147697e+01    1.2570036871e+03   -4.8273680130e+01    1.2829532433e+01   -9.4330170461e+00    3.8359432815e+00   -6.2585068910e+00   -3.6418099474e+01    2.0691992670e+04    5.2963952900e-01    9.9902653890e-01
       108   -3.5426766919e+01    1.2557720103e+03   -4.8187660209e+01    1.2760893290e+01   -9.4960723012e+00    4.0121839769e+00   -6.2856724105e+00   -3.6418099474e+01    2.0771646902e+04    5.2913632200e-01    9.9890847709e-01
       109   -3.5431698973e+01    1.2561007983e+03   -4.8043827512e+01    1.2612128539e+01   -9.4671340451e+00    4.1108307026e+00   -6.2694246957e+00   -3.6418099474e+01    2.0900981334e+04    5.2872235200e-01    9.9898525372e-01
       110   -3.5440977063e+01    1.2568084383e+03   -4.8123453689e+01    1.2682476626e+01   -9.3981298623e+00    3.9860608159e+00   -6.2932851687e+00   -3.6418099474e+01    2.0867829104e+04    5.7680179500e-01    9.9893734984e-01
       111   -3.5448566445e+01    1.2572809177e+03   -4.8215476797e+01    1.2766910352e+01   -9.2714509824e+00    3.7730178001e+00   -6.2989441407e+00   -3.6418099474e+01    2.0850663920e+04    5.2555954500e-01    9.9901516812e-01
       112   -3.5443790791e+01    1.2569495668e+03   -4.8216845845e+01    1.2773055054e+01   -9.2789610554e+00    3.7605439846e+00   -6.2803293001e+00   -3.6418099474e+01    2.0825810652e+04    5.6351943900e-01    9.9902432165e-01
       113   -3.5449950431e+01    1.2574073246e+03   -4.8199595923e+01    1.2749645491e+01   -9.2963001780e+00    3.7931124178e+00   -6.2783086885e+00   -3.6418099474e+01    2.0725841690e+04    5.3389602000e-01    9.9905915275e-01
       114   -3.5476158162e+01    1.2592556127e+03   -4.8206085600e+01    1.2729927438e+01   -9.3215667976e+00    3.8120999886e+00   -6.2785193167e+00   -3.6418099474e+01    2.0807879521e+04    5.4147287900e-01    9.9895962808e-01
       115   -3.5467315316e+01    1.2586093172e+03   -4.8209809770e+01    1.2742494454e+01   -9.3082974405e+00    3.8241285961e+00   -6.3075414518e+00   -3.6418099474e+01    2.0837815473e+04    5.2830879800e-01    9.9895608351e-01
       116   -3.5473589061e+01    1.2590497121e+03   -4.8277910262e+01    1.2804321201e+01   -9.2863479838e+00    3.7384778204e+00   -6.3119406243e+00   -3.6418099474e+01    2.0984389607e+04    5.7080735600e-01    9.9903318491e-01
       117   -3.5461835768e+01    1.2582173590e+03   -4.8294534302e+01    1.2832698534e+01   -9.2772101779e+00    3.7349230002e+00   -6.3341476500e+00   -3.6418099474e+01    2.1046524821e+04    5.5977277200e-01    9.9899205180e-01
       118   -3.5438826630e+01    1.2565783243e+03   -4.8189304694e+01    1.2750478064e+01   -9.3107592833e+00    3.8751321962e+00   -6.3355781327e+00   -3.6418099474e+01    2.1056532866e+04    5.7140206900e-01    9.9898429128e-01
       119   -3.5432744790e+01    1.2561446444e+03   -4.8144690139e+01    1.2711945349e+01   -9.3915712267e+00    3.9993878687e+00   -6.3344073064e+00   -3.6418099474e+01    2.0931779858e+04    5.4232065400e-01    9.9895951312e-01
       120   -3.5453798956e+01    1.2576478143e+03   -4.8199021764e+01    1.2745222807e+01   -9.3956708767e+00    3.9330273215e+00   -6.3182787341e+00   -3.6418099474e+01    2.0908116215e+04    5.3102809400e-01    9.9901272863e-01
       121   -3.5433788024e+01    1.2562355774e+03   -4.8227604313e+01    1.2793816289e+01   -9.3560444616e+00    3.8702616870e+00   -6.3237220643e+00   -3.6418099474e+01    2.0780733173e+04    5.4697421200e-01    9.9899652909e-01
       122   -3.5416847595e+01    1.2550195565e+03   -4.8337700261e+01    1.2920852666e+01   -9.2765846518e+00    3.6637566841e+00   -6.3067728189e+00   -3.6418099474e+01    2.0772575215e+04    5.5210554900e-01    9.9909940877e-01
       123   -3.5432313231e+01    1.2561295030e+03   -4.8305220460e+01    1.2872907229e+01   -9.3456727899e+00    3.7836518197e+00   -6.3251000158e+00   -3.6418099474e+01    2.0728235966e+04    5.2848320600e-01    9.9890438522e-01
       124   -3.5440551604e+01    1.2567189006e+03   -4.8285170121e+01    1.2844618517e+01   -9.3832157680e+00    3.8565018003e+00   -6.3403566792e+00   -3.6418099474e+01    2.0732057214e+04    5.7233857200e-01    9.9901473081e-01
       125   -3.5444963418e+01    1.2570774061e+03   -4.8239759128e+01    1.2794795710e+01   -9.3736752139e+00    3.8631388286e+00   -6.3111232681e+00   -3.6418099474e+01    2.0663376920e+04    5.2864125600e-01    9.9900793651e-01
       126   -3.5443078511e+01    1.2569108313e+03   -4.8314542289e+01    1.2871463777e+01   -9.3735030471e+00    3.7765218470e+00   -6.2994616144e+00   -3.6418099474e+01    2.0632447309e+04    5.4058378600e-01    9.9899606040e-01
       127   -3.5428520257e+01    1.2558910442e+03   -4.8236952904e+01    1.2808432647e+01   -9.3896845111e+00    3.8720570859e+00   -6.3012260047e+00   -3.6418099474e+01    2.0500404485e+04    5.0836896900e-01    9.9896879202e-01
       128   -3.5460923363e+01    1.2582608979e+03   -4.8237593524e+01    1.2776670161e+01   -9.3667838883e+00    3.8039167941e+00   -6.2566269553e+00   -3.6418099474e+01    2.0278994607e+04    5.5084036000e-01    9.9899937285e-01
       129   -3.5467835136e+01    1.2587469341e+03   -4.8129885155e+01    1.2662050019e+01   -9.3737709072e+00    3.9159613254e+00   -6.2539760993e+00   -3.6418099474e+01    2.0350527774e+04    4.8482700000e-01    9.9900632720e-01
       130   -3.5437915556e+01    1.2565477304e+03   -4.8201525067e+01    1.2763609512e+01   -9.3645161089e+00    3.8378495058e+00   -6.2567589902e+00   -3.6418099474e+01    2.0271896158e+04    5.2751614400e-01    9.9896046233e-01
       131   -3.5442496205e+01    1.2569121822e+03   -4.8255707144e+01    1.2813210939e+01   -9.3702739161e+00    3.7900216760e+00   -6.2573554293e+00   -3.6418099474e+01    2.0089243878e+04    4.7826021800e-01    9.9902379174e-01
       132   -3.5438757968e+01    1.2566030901e+03   -4.8112229752e+01    1.2673471783e+01   -9.4879544119e+00    4.0398040940e+00   -6.2459799596e+00   -3.6418099474e+01    2.0085332455e+04    5.1972555300e-01    9.9894356428e-01
       133   -3.5445267051e+01    1.2570924977e+03   -4.8226416038e+01    1.2781148987e+01   -9.4697729149e+00    3.9010025397e+00   -6.2395461883e+00   -3.6418099474e+01    2.0115818243e+04    5.0218190500e-01    9.9891495060e-01
       134   -3.5458001767e+01    1.2579748299e+03   -4.8193522183e+01    1.2735520416e+01   -9.3867107951e+00    3.8803973663e+00   -6.2691092802e+00   -3.6418099474e+01    2.0171685528e+04    5.0407653900e-01    9.9896567603e-01
       135   -3.5427441236e+01    1.2557983716e+03   -4.8171178411e+01    1.2743737175e+01   -9.3618829381e+00    3.8765733852e+00   -6.2677693839e+00   -3.6418099474e+01    2.0154469004e+04    5.1477012300e-01    9.9895619936e-01
       136   -3.5435273832e+01    1.2563498350e+03   -4.8292118226e+01    1.2856844394e+01   -9.3078794627e+00    3.7433820064e+00   -6.3095212958e+00   -3.6418099474e+01    2.0023366885e+04    5.2346037800e-01    9.9901527044e-01
       137   -3.5445289910e+01    1.2570230741e+03   -4.8177569534e+01    1.2732279623e+01   -9.4084399446e+00    3.9693551618e+00   -6.3203852767e+00   -3.6418099474e+01    2.0027823210e+04    5.4288628400e-01    9.9902607132e-01
       138   -3.5457336505e+01    1.2579189819e+03   -4.8184135780e+01    1.2726799275e+01   -9.5146042754e+00    4.0547726986e+00   -6.3062047286e+00   -3.6418099474e+01    2.0063031045e+04    5.8134427300e-01    9.9893685223e-01
       139   -3.5410531743e+01    1.2545534252e+03   -4.8213568441e+01    1.2803036698e+01   -9.4909630512e+00    3.9709713506e+00   -6.2754772664e+00   -3.6418099474e+01    2.0137213806e+04    4.8106811400e-01    9.9897320764e-01
       140   -3.5405685160e+01    1.2542229213e+03   -4.8188779442e+01    1.2783094282e+01   -9.5199138360e+00    4.0483148910e+00   -6.2990810226e+00   -3.6418099474e+01    2.0219977794e+04    4.8085730300e-01    9.9898811878e-01
       141   -3.5423079572e+01    1.2555187263e+03   -4.8217377091e+01    1.2794297518e+01   -9.5019722297e+00    3.9897864513e+00   -6.2870918381e+00   -3.6418099474e+01    2.0279708633e+04    5.3652736900e-01    9.9895398226e-01
       142   -3.5425820129e+01    1.2557135161e+03   -4.8291515020e+01    1.2865694891e+01   -9.4782244944e+00    3.8738365817e+00   -6.2690276329e+00   -3.6418099474e+01    2.0350967883e+04    4.8474729100e-01    9.9891025101e-01
       143   -3.5412177718e+01    1.2547344214e+03   -4.8214069376e+01    1.2801891658e+01   -9.4903909443e+00    3.9955352835e+00   -6.3011142415e+00   -3.6418099474e+01    2.0419319572e+04    4.9671523200e-01    9.9902250853e-01
       144   -3.5434869073e+01    1.2563482790e+03   -4.8194609182e+01    1.2759740109e+01   -9.4982884159e+00    4.0159125522e+00   -6.2941338442e+00   -3.6418099474e+01    2.0384180929e+04    5.1723933500e-01    9.9891020969e-01
       145   -3.5441950605e+01    1.2568234331e+03   -4.8221480880e+01    1.2779530275e+01   -9.5039955435e+00    3.9712903976e+00   -6.2706762602e+00   -3.6418099474e+01    2.0589738189e+04    5.2719570300e-01    9.9898182197e-01
       146   -3.5430777075e+01    1.2560222177e+03   -4.8266414690e+01    1.2835637615e+01   -9.4590548772e+00    3.8665287738e+00   -6.2557891122e+00   -3.6418099474e+01    2.0748482531e+04    5.3547651100e-01    9.9889855711e-01
       147   -3.5431707058e+01    1.2560789758e+03   -4.8275923597e+01    1.2844216539e+01   -9.4609527822e+00    3.8700182586e+00   -6.2668895994e+00   -3.6418099474e+01    2.0830790799e+04    5.4513059900e-01    9.9890471163e-01
       148   -3.5435365739e+01    1.2563957774e+03   -4.8303135394e+01    1.2867769655e+01   -9.4300157144e+00    3.8270550320e+00   -6.2820752376e+00   -3.6418099474e+01    2.0862574332e+04    5.7815877800e-01    9.9898335718e-01
       149   -3.5444421002e+01    1.2570118663e+03   -4.8330422419e+01    1.2886001417e+01   -9.4411778958e+00    3.8012871956e+00   -6.2724322449e+00   -3.6418099474e+01    2.0948406211e+04    5.4816773500e-01    9.9904373261e-01
       150   -3.5442105187e+01    1.2568264918e+03   -4.8265977482e+01    1.2823872295e+01   -9.4901683709e+00    3.9333052602e+00   -6.2910148972e+00   -3.6418099474e+01    2.0936554982e+04    5.3578395100e-01    9.9894255697e-01
       151   -3.5422454227e+01    1.2554114444e+03   -4.8346810735e+01    1.2924356508e+01   -9.3958423862e+00    3.7911182579e+00   -6.3239871326e+00   -3.6418099474e+01    2.0856114871e+04    5.9069508500e-01    9.9899172150e-01
       152   -3.5423827848e+01    1.2555230897e+03   -4.8330663460e+01    1.2906835612e+01   -9.3575996045e+00    3.7744016657e+00   -6.3293660468e+00   -3.6418099474e+01    2.0659814469e+04    5.6106627700e-01    9.9902872351e-01
       153   -3.5429449592e+01    1.2558946184e+03   -4.8350888539e+01    1.2921438947e+01   -9.3014806559e+00    3.7048254411e+00   -6.3361338502e+00   -3.6418099474e+01    2.0450536216e+04    5.1355395300e-01    9.9901511553e-01
       154   -3.5440049728e+01    1.2566825549e+03   -4.8419305949e+01    1.2979256221e+01   -9.2612762006e+00    3.6176326220e+00   -6.3575628963e+00   -3.6418099474e+01    2.0356747852e+04    5.1630441700e-01    9.9896480331e-01
       155   -3.5443747399e+01    1.2569360817e+03   -4.8348524692e+01    1.2904777293e+01   -9.2573734590e+00    3.6937074000e+00   -6.3667591586e+00   -3.6418099474e+01    2.0287062942e+04    4.7925495500e-01    9.9902808688e-01
       156   -3.5423104815e+01    1.2554935985e+03   -4.8299901476e+01    1.2876796662e+01   -9.2842680947e+00    3.7409740593e+00   -6.3385079667e+00   -3.6418099474e+01    2.0288792783e+04    5.3294969100e-01    9.9904069563e-01
       157   -3.5437045771e+01    1.2564991253e+03   -4.8311978902e+01    1.2874933131e+01   -9.2633242940e+00    3.7112072995e+00   -6.3417624331e+00   -3.6418099474e+01    2.0263869203e+04    5.2031643200e-01    9.9899706699e-01
       158   -3.5432694967e+01    1.2561746990e+03   -4.8277264281e+01    1.2844569315e+01   -9.2511848893e+00    3.7336888466e+00   -6.3416687645e+00   -3.6418099474e+01    2.0188771551e+04    5.0422819600e-01    9.9903933932e-01
       159   -3.5443575601e+01    1.2569459409e+03   -4.8161983056e+01    1.2718407455e+01   -9.3034858851e+00    3.8981314847e+00   -6.3385291811e+00   -3.6418099474e+01    2.0209774097e+04    4.7941509800e-01    9.9898014734e-01
       160   -3.5439813279e+01    1.2566457134e+03   -4.8225805271e+01    1.2785991992e+01   -9.2703626596e+00    3.8107376386e+00   -6.3480807759e+00   -3.6418099474e+01    2.0212235997e+04    5.1316827000e-01    9.9901741091e-01
       161   -3.5420843399e+01    1.2552939794e+03   -4.8252491177e+01    1.2831647778e+01   -9.2937631052e+00    3.8065413883e+00   -6.3471699856e+00   -3.6418099474e+01    2.0274094348e+04    4.8276820100e-01    9.9898714110e-01
       162   -3.5420389530e+01    1.2552924739e+03   -4.8202144836e+01    1.2781755306e+01   -9.3614195946e+00    3.8781980978e+00   -6.3008238652e+00   -3.6418099474e+01    2.0404186135e+04    5.0779069400e-01    9.9898844234e-01
       163   -3.5433783109e+01    1.2562596179e+03   -4.8163553054e+01    1.2729769946e+01   -9.3924377512e+00    3.9290890601e+00   -6.2821048891e+00   -3.6418099474e+01    2.0402935741e+04    4.9424199900e-01    9.9897073960e-01
       164   -3.5434469950e+01    1.2562965367e+03   -4.8195845288e+01    1.2761375338e+01   -9.4608603154e+00    3.9603335805e+00   -6.2772190789e+00   -3.6418099474e+01    2.0339984007e+04    4.8490862400e-01    9.9893764969e-01
       165   -3.5432983254e+01    1.2562166112e+03   -4.8188979779e+01    1.2755996525e+01   -9.5022096328e+00    4.0095006658e+00   -6.2781713378e+00   -3.6418099474e+01    2.0379082019e+04    4.8380032000e-01    9.9894849740e-01
       166   -3.5448480401e+01    1.2573179353e+03   -4.8249799932e+01    1.2801319532e+01   -9.5009930791e+00    3.9323511564e+00   -6.2630585354e+00   -3.6418099474e+01    2.0510693432e+04    5.1736537700e-01    9.9887679973e-01
       167   -3.5442067662e+01    1.2568675120e+03   -4.8258589834e+01    1.2816522173e+01   -9.4723597879e+00    3.8913318463e+00   -6.2594624187e+00   -3.6418099474e+01    2.0576273887e+04    5.6606561100e-01    9.9897418629e-01
       168   -3.5445470615e+01    1.2570958485e+03   -4.8242545199e+01    1.2797074584e+01   -9.4706160502e+00    3.9004887090e+00   -6.2543183838e+00   -3.6418099474e+01    2.0601430359e+04    5.3569080200e-01    9.9903610782e-01
       169   -3.5447792241e+01    1.2572413007e+03   -4.8271170227e+01    1.2823377987e+01   -9.4372680103e+00    3.8648588305e+00   -6.2806615735e+00   -3.6418099474e+01    2.0623824209e+04    5.6563527600e-01    9.9893842520e-01
       170   -3.5447271310e+01    1.2572050386e+03   -4.8359601198e+01    1.2912329889e+01   -9.4046600256e+00    3.7217194502e+00   -6.2585611486e+00   -3.6418099474e+01    2.0580764816e+04    5.8071444000e-01    9.9890149938e-01
       171   -3.5439692854e+01    1.2566813722e+03   -4.8308503448e+01    1.2868810594e+01   -9.4610682319e+00    3.8038702832e+00   -6.2332060248e+00   -3.6418099474e+01    2.0568564225e+04    5.3915982700e-01    9.9895821034e-01
       172   -3.5429016162e+01    1.2559231953e+03   -4.8266412785e+01    1.2837396623e+01   -9.4760894467e+00    3.8637993637e+00   -6.2360232278e+00   -3.6418099474e+01    2.0552509067e+04    5.4449869300e-01    9.9895055079e-01
       173   -3.5454470954e+01    1.2577464386e+03   -4.8222080684e+01    1.2767609729e+01   -9.3685242570e+00    3.8347359802e+00   -6.2701929325e+00   -3.6418099474e+01    2.0486088156e+04    5.1661528900e-01    9.9895906710e-01
       174   -3.5450513030e+01    1.2574449105e+03   -4.8220398719e+01    1.2769885689e+01   -9.2788391020e+00    3.7791168732e+00   -6.3025770159e+00   -3.6418099474e+01    2.0476834309e+04    5.3445335300e-01    9.9893942143e-01
       175   -3.5420351424e+01    1.2553214629e+03   -4.8162454202e+01    1.2742102778e+01   -9.3336882853e+00    3.9116771821e+00   -6.3223436246e+00   -3.6418099474e+01    2.0385600726e+04    5.5207676800e-01    9.9892093388e-01
       176   -3.5404906060e+01    1.2542014498e+03   -4.8286510223e+01    1.2881604163e+01   -9.3183541647e+00    3.7657861026e+00   -6.3158426866e+00   -3.6418099474e+01    2.0412895460e+04    5.0227790400e-01    9.9902052010e-01
       177   -3.5419674675e+01    1.2552345366e+03   -4.8252618546e+01    1.2832943872e+01   -9.3838577335e+00    3.8323348294e+00   -6.2829961681e+00   -3.6418099474e+01    2.0400034162e+04    4.8510757500e-01    9.9893923163e-01
       178   -3.5433441303e+01    1.2562304134e+03   -4.8229833688e+01    1.2796392386e+01   -9.5177371955e+00    4.0047950309e+00   -6.2987920496e+00   -3.6418099474e+01    2.0377974714e+04    4.9081267400e-01    9.9905184863e-01
       179   -3.5461398342e+01    1.2582732591e+03   -4.8242987921e+01    1.2781589579e+01   -9.5598814018e+00    4.0385661156e+00   -6.3035731605e+00   -3.6418099474e+01    2.0381748909e+04    5.1014708500e-01    9.9898164507e-01
       180   -3.5461261987e+01    1.2581909691e+03   -4.8177746073e+01    1.2716484087e+01   -9.5448270963e+00    4.0829262155e+00   -6.2977457184e+00   -3.6418099474e+01    2.0511762267e+04    5.0546531100e-01    9.9893242029e-01
       181   -3.5430650768e+01    1.2560375589e+03   -4.8318468967e+01    1.2887818199e+01   -9.4455430015e+00    3.8346313033e+00   -6.2894577945e+00   -3.6418099474e+01    2.0579127691e+04    5.4684458700e-01    9.9900220037e-01
       182   -3.5438645781e+01    1.2566011940e+03   -4.8179424572e+01    1.2740778791e+01   -9.4810082862e+00    3.9918949750e+00   -6.2722117865e+00   -3.6418099474e+01    2.0702992186e+04    5.5951235500e-01    9.9902025046e-01
       183   -3.5453363348e+01    1.2576565697e+03   -4.8310213071e+01    1.2856849723e+01   -9.4350649271e+00    3.8388966613e+00   -6.2959453312e+00   -3.6418099474e+01    2.0606380856e+04    5.4367174400e-01    9.9895829722e-01
       184   -3.5454132445e+01    1.2576619715e+03   -4.8393318394e+01    1.2939185949e+01   -9.3103042504e+00    3.6171675495e+00   -6.2820822194e+00   -3.6418099474e+01    2.0547010042e+04    5.2729096000e-01    9.9897432688e-01
       185   -3.5435787804e+01    1.2563764508e+03   -4.8352801910e+01    1.2917014106e+01   -9.3595320760e+00    3.7101650446e+00   -6.2853354043e+00   -3.6418099474e+01    2.0440280303e+04    5.2509653500e-01    9.9895338272e-01
       186   -3.5424722317e+01    1.2555976082e+03   -4.8333402035e+01    1.2908679718e+01   -9.4017118100e+00    3.7938083709e+00   -6.3073991214e+00   -3.6418099474e+01    2.0431714108e+04    5.4423782600e-01    9.9902473469e-01
       187   -3.5439410394e+01    1.2566424484e+03   -4.8282000654e+01    1.2842590259e+01   -9.4081866726e+00    3.8267411515e+00   -6.2824556584e+00   -3.6418099474e+01    2.0367259705e+04    5.0837758500e-01    9.9900394214e-01
       188   -3.5418025138e+01    1.2551395297e+03   -4.8222166125e+01    1.2804140987e+01   -9.4697598987e+00    3.9704411631e+00   -6.3047479151e+00   -3.6418099474e+01    2.0515695852e+04    5.4185533400e-01    9.9901315789e-01
       189   -3.5399285202e+01    1.2538051689e+03   -4.8250994217e+01    1.2851709015e+01   -9.3990179270e+00    3.8584116120e+00   -6.2922884280e+00   -3.6418099474e+01    2.0450578659e+04    5.2603634500e-01    9.9895779506e-01
       190   -3.5383229918e+01    1.2526471191e+03   -4.8270906692e+01    1.2887676773e+01   -9.3860922805e+00    3.8161497252e+00   -6.2828646622e+00   -3.6418099474e+01    2.0395338879e+04    5.1578251400e-01    9.9895338906e-01
       191   -3.5399760192e+01    1.2538242859e+03   -4.8287340009e+01    1.2887579816e+01   -9.4183997003e+00    3.8257609654e+00   -6.2766017998e+00   -3.6418099474e+01    2.0333161108e+04    4.9945002100e-01    9.9893589374e-01
       192   -3.5395837960e+01    1.2535360912e+03   -4.8236835005e+01    1.2840997044e+01   -9.3842383357e+00    3.8423907408e+00   -6.2768879357e+00   -3.6418099474e+01    2.0276579737e+04    5.1415173700e-01    9.9892943422e-01
       193   -3.5421412718e+01    1.2553839581e+03   -4.8239842116e+01    1.2818429398e+01   -9.3424339866e+00    3.7797597613e+00   -6.2590684163e+00   -3.6418099474e+01    2.0294626502e+04    5.3123484300e-01    9.9897235205e-01
       194   -3.5437423268e+01    1.2565192514e+03   -4.8245229165e+01    1.2807805897e+01   -9.4326647524e+00    3.8716966552e+00   -6.2661615935e+00   -3.6418099474e+01    2.0466031680e+04    5.3605232800e-01    9.9910129692e-01
       195   -3.5446809540e+01    1.2571879963e+03   -4.8198517480e+01    1.2751707940e+01   -9.4404510138e+00    3.9224604014e+00   -6.2624273938e+00   -3.6418099474e+01    2.0527921386e+04    5.4600830200e-01    9.9896124776e-01
       196   -3.5424546124e+01    1.2555903510e+03   -4.8275621346e+01    1.2851075222e+01   -9.4230661290e+00    3.8413655729e+00   -6.2758213161e+00   -3.6418099474e+01    2.0455614428e+04    5.1559980900e-01    9.9896303228e-01
       197   -3.5417597831e+01    1.2551006644e+03   -4.8348219097e+01    1.2930621266e+01   -9.3892462191e+00    3.7296355570e+00   -6.2705089605e+00   -3.6418099474e+01    2.0354535141e+04    4.8600964500e-01    9.9899999298e-01
       198   -3.5422374937e+01    1.2554312707e+03   -4.8284944169e+01    1.2862569232e+01   -9.4521375928e+00    3.8982063642e+00   -6.3129134660e+00   -3.6418099474e+01    2.0330520344e+04    5.2576198700e-01    9.9897065850e-01
       199   -3.5437332795e+01    1.2564941628e+03   -4.8263613865e+01    1.2826281069e+01   -9.4443888114e+00    3.9152723176e+00   -6.3163978966e+00   -3.6418099474e+01    2.0390050720e+04    5.0321407600e-01    9.9904885688e-01
