#  Band    State   TwistIndex BandIndex Energy      Kx      Ky      Kz      K1      K2      K3    KmK 
       0        0        4        0    -0.280361  0.0797  0.0460  0.0115  0.1053  0.0000 -0.0000      1
       1        1        4        1    -0.256359  0.0797  0.0460  0.0115  0.1053  0.0000 -0.0000      1
       2        2        4        2    -0.211230  0.0797  0.0460  0.0115  0.1053  0.0000 -0.0000      1
       3        3        4        3    -0.129337  0.0797  0.0460  0.0115  0.1053  0.0000 -0.0000      1
       4        4        4        4    -0.112373  0.0797  0.0460  0.0115  0.1053  0.0000 -0.0000      1
       5        5        4        5     0.104064  0.0797  0.0460  0.0115  0.1053  0.0000 -0.0000      1
       6        6        4        6     0.108739  0.0797  0.0460  0.0115  0.1053  0.0000 -0.0000      1
       7        7        4        7     0.130020  0.0797  0.0460  0.0115  0.1053  0.0000 -0.0000      1
       8        8        4        8     0.141039  0.0797  0.0460  0.0115  0.1053  0.0000 -0.0000      1
       9        9        4        9     0.153406  0.0797  0.0460  0.0115  0.1053  0.0000 -0.0000      1
      10       10        4       10     0.159108  0.0797  0.0460  0.0115  0.1053  0.0000 -0.0000      1
      11       11        4       11     0.170218  0.0797  0.0460  0.0115  0.1053  0.0000 -0.0000      1
      12       12        4       12     0.175830  0.0797  0.0460  0.0115  0.1053  0.0000 -0.0000      1
      13       13        4       13     0.182744  0.0797  0.0460  0.0115  0.1053  0.0000 -0.0000      1
      14       14        4       14     0.248061  0.0797  0.0460  0.0115  0.1053  0.0000 -0.0000      1
      15       15        4       15     0.254768  0.0797  0.0460  0.0115  0.1053  0.0000 -0.0000      1
      16       16        4       16     0.265898  0.0797  0.0460  0.0115  0.1053  0.0000 -0.0000      1
      17       17        4       17     0.278954  0.0797  0.0460  0.0115  0.1053  0.0000 -0.0000      1
      18       18        4       18     0.287829  0.0797  0.0460  0.0115  0.1053  0.0000 -0.0000      1
      19       19        4       19     0.294942  0.0797  0.0460  0.0115  0.1053  0.0000 -0.0000      1
      20       20        4       20     0.395795  0.0797  0.0460  0.0115  0.1053  0.0000 -0.0000      1
      21       21        4       21     0.409799  0.0797  0.0460  0.0115  0.1053  0.0000 -0.0000      1
      22       22        4       22     0.449873  0.0797  0.0460  0.0115  0.1053  0.0000 -0.0000      1
      23       23        4       23     0.450524  0.0797  0.0460  0.0115  0.1053  0.0000 -0.0000      1
      24       24        4       24     0.466442  0.0797  0.0460  0.0115  0.1053  0.0000 -0.0000      1
      25       25        4       25     0.475508  0.0797  0.0460  0.0115  0.1053  0.0000 -0.0000      1
      26       26        4       26     0.482117  0.0797  0.0460  0.0115  0.1053  0.0000 -0.0000      1
      27       27        4       27     0.503579  0.0797  0.0460  0.0115  0.1053  0.0000 -0.0000      1
      28       28        4       28     0.519010  0.0797  0.0460  0.0115  0.1053  0.0000 -0.0000      1
      29       29        4       29     0.530940  0.0797  0.0460  0.0115  0.1053  0.0000 -0.0000      1
      30       30        4       30     0.544755  0.0797  0.0460  0.0115  0.1053  0.0000 -0.0000      1
      31       31        4       31     0.556196  0.0797  0.0460  0.0115  0.1053  0.0000 -0.0000      1
      32       32        4       32     0.569924  0.0797  0.0460  0.0115  0.1053  0.0000 -0.0000      1
      33       33        4       33     0.580703  0.0797  0.0460  0.0115  0.1053  0.0000 -0.0000      1
      34       34        4       34     0.581917  0.0797  0.0460  0.0115  0.1053  0.0000 -0.0000      1
      35       35        4       35     0.620530  0.0797  0.0460  0.0115  0.1053  0.0000 -0.0000      1
      36       36        4       36     0.626060  0.0797  0.0460  0.0115  0.1053  0.0000 -0.0000      1
      37       37        4       37     0.644671  0.0797  0.0460  0.0115  0.1053  0.0000 -0.0000      1
      38       38        4       38     0.650046  0.0797  0.0460  0.0115  0.1053  0.0000 -0.0000      1
      39       39        4       39     0.691410  0.0797  0.0460  0.0115  0.1053  0.0000 -0.0000      1
      40       40        4       40     0.732494  0.0797  0.0460  0.0115  0.1053  0.0000 -0.0000      1
      41       41        4       41     0.746107  0.0797  0.0460  0.0115  0.1053  0.0000 -0.0000      1
      42       42        4       42     0.761972  0.0797  0.0460  0.0115  0.1053  0.0000 -0.0000      1
      43       43        4       43     0.805902  0.0797  0.0460  0.0115  0.1053  0.0000 -0.0000      1
      44       44        4       44     0.819005  0.0797  0.0460  0.0115  0.1053  0.0000 -0.0000      1
      45       45        4       45     0.844722  0.0797  0.0460  0.0115  0.1053  0.0000 -0.0000      1
      46       46        4       46     0.854059  0.0797  0.0460  0.0115  0.1053  0.0000 -0.0000      1
      47       47        4       47     0.857566  0.0797  0.0460  0.0115  0.1053  0.0000 -0.0000      1
      48       48        4       48     0.909912  0.0797  0.0460  0.0115  0.1053  0.0000 -0.0000      1
      49       49        4       49     0.912406  0.0797  0.0460  0.0115  0.1053  0.0000 -0.0000      1
      50       50        4       50     0.929354  0.0797  0.0460  0.0115  0.1053  0.0000 -0.0000      1
      51       51        4       51     0.936674  0.0797  0.0460  0.0115  0.1053  0.0000 -0.0000      1
      52       52        4       52     0.950805  0.0797  0.0460  0.0115  0.1053  0.0000 -0.0000      1
      53       53        4       53     0.955310  0.0797  0.0460  0.0115  0.1053  0.0000 -0.0000      1
      54       54        4       54     0.960211  0.0797  0.0460  0.0115  0.1053  0.0000 -0.0000      1
      55       55        4       55     0.982777  0.0797  0.0460  0.0115  0.1053  0.0000 -0.0000      1
      56       56        4       56     0.993699  0.0797  0.0460  0.0115  0.1053  0.0000 -0.0000      1
      57       57        4       57     0.994101  0.0797  0.0460  0.0115  0.1053  0.0000 -0.0000      1
      58       58        4       58     1.004181  0.0797  0.0460  0.0115  0.1053  0.0000 -0.0000      1
      59       59        4       59     1.005744  0.0797  0.0460  0.0115  0.1053  0.0000 -0.0000      1
      60       60        4       60     1.015896  0.0797  0.0460  0.0115  0.1053  0.0000 -0.0000      1
      61       61        4       61     1.034695  0.0797  0.0460  0.0115  0.1053  0.0000 -0.0000      1
      62       62        4       62     1.050630  0.0797  0.0460  0.0115  0.1053  0.0000 -0.0000      1
      63       63        4       63     1.076813  0.0797  0.0460  0.0115  0.1053  0.0000 -0.0000      1
      64       64        4       64     1.097530  0.0797  0.0460  0.0115  0.1053  0.0000 -0.0000      1
      65       65        4       65     1.106277  0.0797  0.0460  0.0115  0.1053  0.0000 -0.0000      1
      66       66        4       66     1.116498  0.0797  0.0460  0.0115  0.1053  0.0000 -0.0000      1
      67       67        4       67     1.123039  0.0797  0.0460  0.0115  0.1053  0.0000 -0.0000      1
      68       68        4       68     1.127842  0.0797  0.0460  0.0115  0.1053  0.0000 -0.0000      1
      69       69        4       69     1.145757  0.0797  0.0460  0.0115  0.1053  0.0000 -0.0000      1
      70       70        4       70     1.149872  0.0797  0.0460  0.0115  0.1053  0.0000 -0.0000      1
      71       71        4       71     1.153671  0.0797  0.0460  0.0115  0.1053  0.0000 -0.0000      1
      72       72        4       72     1.175616  0.0797  0.0460  0.0115  0.1053  0.0000 -0.0000      1
      73       73        4       73     1.185935  0.0797  0.0460  0.0115  0.1053  0.0000 -0.0000      1
      74       74        4       74     1.196187  0.0797  0.0460  0.0115  0.1053  0.0000 -0.0000      1
      75       75        4       75     1.198579  0.0797  0.0460  0.0115  0.1053  0.0000 -0.0000      1
      76       76        4       76     1.211120  0.0797  0.0460  0.0115  0.1053  0.0000 -0.0000      1
      77       77        4       77     1.213318  0.0797  0.0460  0.0115  0.1053  0.0000 -0.0000      1
      78       78        4       78     1.225578  0.0797  0.0460  0.0115  0.1053  0.0000 -0.0000      1
      79       79        4       79     1.230100  0.0797  0.0460  0.0115  0.1053  0.0000 -0.0000      1
      80       80        4       80     1.237665  0.0797  0.0460  0.0115  0.1053  0.0000 -0.0000      1
      81       81        4       81     1.238144  0.0797  0.0460  0.0115  0.1053  0.0000 -0.0000      1
      82       82        4       82     1.253145  0.0797  0.0460  0.0115  0.1053  0.0000 -0.0000      1
      83       83        4       83     1.264006  0.0797  0.0460  0.0115  0.1053  0.0000 -0.0000      1
      84       84        4       84     1.265978  0.0797  0.0460  0.0115  0.1053  0.0000 -0.0000      1
      85       85        4       85     1.278866  0.0797  0.0460  0.0115  0.1053  0.0000 -0.0000      1
      86       86        4       86     1.279215  0.0797  0.0460  0.0115  0.1053  0.0000 -0.0000      1
      87       87        4       87     1.297882  0.0797  0.0460  0.0115  0.1053  0.0000 -0.0000      1
      88       88        4       88     1.302484  0.0797  0.0460  0.0115  0.1053  0.0000 -0.0000      1
      89       89        4       89     1.308099  0.0797  0.0460  0.0115  0.1053  0.0000 -0.0000      1
      90       90        4       90     1.309828  0.0797  0.0460  0.0115  0.1053  0.0000 -0.0000      1
      91       91        4       91     1.322618  0.0797  0.0460  0.0115  0.1053  0.0000 -0.0000      1
      92       92        4       92     1.329880  0.0797  0.0460  0.0115  0.1053  0.0000 -0.0000      1
      93       93        4       93     1.330974  0.0797  0.0460  0.0115  0.1053  0.0000 -0.0000      1
      94       94        4       94     1.336655  0.0797  0.0460  0.0115  0.1053  0.0000 -0.0000      1
      95       95        4       95     1.346079  0.0797  0.0460  0.0115  0.1053  0.0000 -0.0000      1
      96       96        4       96     1.346992  0.0797  0.0460  0.0115  0.1053  0.0000 -0.0000      1
      97       97        4       97     1.362979  0.0797  0.0460  0.0115  0.1053  0.0000 -0.0000      1
      98       98        4       98     1.383547  0.0797  0.0460  0.0115  0.1053  0.0000 -0.0000      1
      99       99        4       99     1.393958  0.0797  0.0460  0.0115  0.1053  0.0000 -0.0000      1
