#   index    LocalEnergy         LocalEnergy_sq      LocalPotential      Kinetic             LocalECP            NonLocalECP         ElecElec            IonIon              BlockWeight         BlockCPU            AcceptRatio         
         0   -3.4950191958e+01    1.2224335872e+03   -4.7957127731e+01    1.3006935773e+01   -9.4814241275e+00    3.9509441472e+00   -6.0085482765e+00   -3.6418099474e+01    2.0480000000e+04    2.1748593430e+00    6.9315243676e-01
         1   -3.4964999257e+01    1.2234900194e+03   -4.7914072120e+01    1.2949072863e+01   -9.4050295945e+00    3.9337740956e+00   -6.0247171467e+00   -3.6418099474e+01    2.0480000000e+04    2.1782323260e+00    6.9312569754e-01
         2   -3.4942718816e+01    1.2219360324e+03   -4.7986623703e+01    1.3043904887e+01   -9.4712653084e+00    3.8972798784e+00   -5.9945387986e+00   -3.6418099474e+01    2.0480000000e+04    2.1749541360e+00    6.9264206659e-01
         3   -3.4957483834e+01    1.2229397216e+03   -4.7973535528e+01    1.3016051695e+01   -9.3692035214e+00    3.8454453844e+00   -6.0316779172e+00   -3.6418099474e+01    2.0480000000e+04    2.1804871460e+00    6.9353376116e-01
         4   -3.4969406110e+01    1.2237793346e+03   -4.7980260078e+01    1.3010853968e+01   -9.4989400264e+00    3.9534659500e+00   -6.0166865277e+00   -3.6418099474e+01    2.0480000000e+04    2.1867621940e+00    6.9344947452e-01
         5   -3.4949328097e+01    1.2223817398e+03   -4.7986481396e+01    1.3037153299e+01   -9.4768417530e+00    3.9238085761e+00   -6.0153487452e+00   -3.6418099474e+01    2.0480000000e+04    2.1832996560e+00    6.9346575056e-01
         6   -3.4952329049e+01    1.2226070560e+03   -4.7960854436e+01    1.3008525387e+01   -9.3845997882e+00    3.8604069766e+00   -6.0185621500e+00   -3.6418099474e+01    2.0480000000e+04    2.1781747670e+00    6.9358782087e-01
         7   -3.4945009395e+01    1.2220863626e+03   -4.7944123491e+01    1.2999114097e+01   -9.3948339951e+00    3.8891881213e+00   -6.0203781432e+00   -3.6418099474e+01    2.0480000000e+04    2.1858070290e+00    6.9286353702e-01
         8   -3.4950208220e+01    1.2224508832e+03   -4.7922208180e+01    1.2971999959e+01   -9.4341049062e+00    3.9465350084e+00   -6.0165388079e+00   -3.6418099474e+01    2.0480000000e+04    2.1829970640e+00    6.9383544922e-01
         9   -3.4963860734e+01    1.2233754361e+03   -4.7955629941e+01    1.2991769207e+01   -9.4732766342e+00    3.9578124986e+00   -6.0220663311e+00   -3.6418099474e+01    2.0480000000e+04    2.1852623520e+00    6.9274437314e-01
        10   -3.4983317340e+01    1.2247394132e+03   -4.8010646187e+01    1.3027328847e+01   -9.4578857030e+00    3.9006227605e+00   -6.0352837698e+00   -3.6418099474e+01    2.0480000000e+04    2.1938150050e+00    6.9293271019e-01
        11   -3.4963801147e+01    1.2233982650e+03   -4.7943577582e+01    1.2979776436e+01   -9.4118790893e+00    3.9334112304e+00   -6.0470102490e+00   -3.6418099474e+01    2.0480000000e+04    2.1935036170e+00    6.9288969494e-01
        12   -3.4978281074e+01    1.2243457431e+03   -4.8025004999e+01    1.3046723925e+01   -9.4210229730e+00    3.8668659511e+00   -6.0527485034e+00   -3.6418099474e+01    2.0480000000e+04    2.1844067530e+00    6.9337855748e-01
        13   -3.4971413891e+01    1.2239096984e+03   -4.8010902501e+01    1.3039488610e+01   -9.3970529003e+00    3.8549205832e+00   -6.0506707094e+00   -3.6418099474e+01    2.0480000000e+04    2.1891567340e+00    6.9303501674e-01
        14   -3.4946842311e+01    1.2222291191e+03   -4.7969856727e+01    1.3023014416e+01   -9.4142201605e+00    3.8619106773e+00   -5.9994477696e+00   -3.6418099474e+01    2.0480000000e+04    2.1879888440e+00    6.9284493583e-01
        15   -3.4937435303e+01    1.2216027049e+03   -4.8009007813e+01    1.3071572510e+01   -9.4613579776e+00    3.8592782345e+00   -5.9888285954e+00   -3.6418099474e+01    2.0480000000e+04    2.1896291770e+00    6.9263567243e-01
        16   -3.4955377315e+01    1.2228229651e+03   -4.7990779034e+01    1.3035401719e+01   -9.4407754162e+00    3.8596617818e+00   -5.9915659254e+00   -3.6418099474e+01    2.0480000000e+04    2.1956351430e+00    6.9331461589e-01
        17   -3.4948109761e+01    1.2223038533e+03   -4.7957122469e+01    1.3009012708e+01   -9.4620781937e+00    3.9316846599e+00   -6.0086294609e+00   -3.6418099474e+01    2.0480000000e+04    2.1934735390e+00    6.9250895182e-01
        18   -3.4966010780e+01    1.2235620612e+03   -4.7926953181e+01    1.2960942402e+01   -9.3811009088e+00    3.8904329316e+00   -6.0181857298e+00   -3.6418099474e+01    2.0480000000e+04    2.2654347540e+00    6.9337158203e-01
        19   -3.4965596105e+01    1.2235142109e+03   -4.7957841992e+01    1.2992245887e+01   -9.3601350095e+00    3.8602724089e+00   -6.0398799171e+00   -3.6418099474e+01    2.0480000000e+04    2.1982708090e+00    6.9334251767e-01
        20   -3.4962401846e+01    1.2233045776e+03   -4.8017402673e+01    1.3055000827e+01   -9.4687436721e+00    3.8935298002e+00   -6.0240893271e+00   -3.6418099474e+01    2.0480000000e+04    2.1877049340e+00    6.9371221633e-01
        21   -3.4963891478e+01    1.2233889179e+03   -4.7971045933e+01    1.3007154454e+01   -9.4055152916e+00    3.8787383502e+00   -6.0261695172e+00   -3.6418099474e+01    2.0480000000e+04    2.1961102570e+00    6.9335239955e-01
        22   -3.4949828496e+01    1.2224444797e+03   -4.7982816859e+01    1.3032988364e+01   -9.3915775071e+00    3.8401124306e+00   -6.0132523086e+00   -3.6418099474e+01    2.0480000000e+04    2.1963398970e+00    6.9352155413e-01
        23   -3.4965020686e+01    1.2234680224e+03   -4.7988392167e+01    1.3023371481e+01   -9.4244192621e+00    3.8920163404e+00   -6.0378897716e+00   -3.6418099474e+01    2.0480000000e+04    2.1943587680e+00    6.9336053757e-01
        24   -3.4980623887e+01    1.2245939480e+03   -4.8023447317e+01    1.3042823429e+01   -9.4544825579e+00    3.8902402333e+00   -6.0411055178e+00   -3.6418099474e+01    2.0480000000e+04    2.1941842310e+00    6.9334426153e-01
        25   -3.4965964138e+01    1.2235304429e+03   -4.8039429033e+01    1.3073464896e+01   -9.4602651416e+00    3.8529167623e+00   -6.0139811798e+00   -3.6418099474e+01    2.0480000000e+04    2.1947837000e+00    6.9323381696e-01
        26   -3.4944008283e+01    1.2220258275e+03   -4.7973595756e+01    1.3029587473e+01   -9.3983771144e+00    3.8545350031e+00   -6.0116541706e+00   -3.6418099474e+01    2.0480000000e+04    2.1987283420e+00    6.9312686012e-01
        27   -3.4965904272e+01    1.2235108911e+03   -4.7984695767e+01    1.3018791495e+01   -9.4611286992e+00    3.9182691842e+00   -6.0237367775e+00   -3.6418099474e+01    2.0480000000e+04    2.1940000430e+00    6.9305419922e-01
        28   -3.4948709088e+01    1.2223571713e+03   -4.7927164847e+01    1.2978455758e+01   -9.3544281602e+00    3.8829307304e+00   -6.0375679426e+00   -3.6418099474e+01    2.0480000000e+04    2.1966839750e+00    6.9307745071e-01
        29   -3.4953474591e+01    1.2226658903e+03   -4.7904625181e+01    1.2951150590e+01   -9.4175906304e+00    3.9707728502e+00   -6.0397079263e+00   -3.6418099474e+01    2.0480000000e+04    2.1967912440e+00    6.9296816871e-01
        30   -3.4953740165e+01    1.2227159912e+03   -4.7899897301e+01    1.2946157136e+01   -9.4061000916e+00    3.9483046206e+00   -6.0240023560e+00   -3.6418099474e+01    2.0480000000e+04    2.1982691650e+00    6.9307861328e-01
        31   -3.4947378538e+01    1.2222443663e+03   -4.7936187138e+01    1.2988808600e+01   -9.3677637149e+00    3.8844128743e+00   -6.0347368237e+00   -3.6418099474e+01    2.0480000000e+04    2.1933456760e+00    6.9299548921e-01
        32   -3.4960755667e+01    1.2231906011e+03   -4.7958386958e+01    1.2997631291e+01   -9.4245632967e+00    3.9107914022e+00   -6.0265155891e+00   -3.6418099474e+01    2.0480000000e+04    2.2101081530e+00    6.9287690662e-01
        33   -3.4951869672e+01    1.2225843917e+03   -4.8022508198e+01    1.3070638526e+01   -9.4910772855e+00    3.8918234388e+00   -6.0051548768e+00   -3.6418099474e+01    2.0480000000e+04    2.2034988410e+00    6.9376685733e-01
        34   -3.4941625904e+01    1.2218581895e+03   -4.7960548668e+01    1.3018922764e+01   -9.4062638075e+00    3.8702273231e+00   -6.0064127091e+00   -3.6418099474e+01    2.0480000000e+04    2.1990054440e+00    6.9307919457e-01
        35   -3.4949701512e+01    1.2224198869e+03   -4.7957378442e+01    1.3007676930e+01   -9.3930615625e+00    3.8552945181e+00   -6.0015119234e+00   -3.6418099474e+01    2.0480000000e+04    2.1989670750e+00    6.9278099423e-01
        36   -3.4969687859e+01    1.2237975400e+03   -4.8018893647e+01    1.3049205788e+01   -9.4600784688e+00    3.8948460760e+00   -6.0355617798e+00   -3.6418099474e+01    2.0480000000e+04    2.1967580580e+00    6.9321579706e-01
        37   -3.4972378348e+01    1.2239967469e+03   -4.8008823076e+01    1.3036444728e+01   -9.4569590944e+00    3.8790127946e+00   -6.0127773015e+00   -3.6418099474e+01    2.0480000000e+04    2.1989743730e+00    6.9304141090e-01
        38   -3.4940669103e+01    1.2217958866e+03   -4.7965908981e+01    1.3025239878e+01   -9.4378481589e+00    3.8979413859e+00   -6.0079027335e+00   -3.6418099474e+01    2.0480000000e+04    2.1998224510e+00    6.9325939360e-01
        39   -3.4970494386e+01    1.2238473634e+03   -4.7978645587e+01    1.3008151200e+01   -9.3662618065e+00    3.8413906962e+00   -6.0356750022e+00   -3.6418099474e+01    2.0480000000e+04    2.2030359670e+00    6.9308326358e-01
