#   index    LocalEnergy         LocalEnergy_sq      LocalPotential      Kinetic             LocalECP            NonLocalECP         ElecElec            IonIon              BlockWeight         BlockCPU            AcceptRatio         
         0   -3.5858758848e+01    1.2865768485e+03   -4.7937789765e+01    1.2079030917e+01   -8.8231046549e+00    3.7744674586e+00   -6.4710530943e+00   -3.6418099474e+01    2.0472075930e+04    5.3421193900e-01    9.9904678105e-01
         1   -3.5871897116e+01    1.2875270999e+03   -4.7804362231e+01    1.1932465115e+01   -8.7821760373e+00    3.8686990246e+00   -6.4727857439e+00   -3.6418099474e+01    2.0485929445e+04    5.2315447100e-01    9.9900478956e-01
         2   -3.5866826051e+01    1.2871334922e+03   -4.7798445867e+01    1.1931619817e+01   -8.7539586380e+00    3.8582944089e+00   -6.4846821641e+00   -3.6418099474e+01    2.0535596989e+04    5.3683102000e-01    9.9895699336e-01
         3   -3.5872703969e+01    1.2875858944e+03   -4.7842237981e+01    1.1969534012e+01   -8.8101447029e+00    3.8504828840e+00   -6.4644766876e+00   -3.6418099474e+01    2.0568750367e+04    5.4717885000e-01    9.9887486717e-01
         4   -3.5880236718e+01    1.2881278910e+03   -4.7786366813e+01    1.1906130094e+01   -8.8202659635e+00    3.9209064136e+00   -6.4689077886e+00   -3.6418099474e+01    2.0426108876e+04    5.5697464800e-01    9.9895606010e-01
         5   -3.5872230819e+01    1.2875322444e+03   -4.7892671685e+01    1.2020440866e+01   -8.7927134427e+00    3.7872713125e+00   -6.4691300808e+00   -3.6418099474e+01    2.0317481242e+04    5.3604311700e-01    9.9902961775e-01
         6   -3.5887864951e+01    1.2886828149e+03   -4.7899713759e+01    1.2011848809e+01   -8.8125592213e+00    3.7995544702e+00   -6.4686095339e+00   -3.6418099474e+01    2.0274711276e+04    5.2703086000e-01    9.9894460498e-01
         7   -3.5897925749e+01    1.2893613524e+03   -4.7970707469e+01    1.2072781720e+01   -8.8065223911e+00    3.7189776925e+00   -6.4650632963e+00   -3.6418099474e+01    2.0432616565e+04    5.2989811900e-01    9.9905416935e-01
         8   -3.5906120006e+01    1.2899425372e+03   -4.8021964074e+01    1.2115844068e+01   -8.8242203998e+00    3.6930215576e+00   -6.4726657575e+00   -3.6418099474e+01    2.0402666687e+04    5.3692322400e-01    9.9902821844e-01
         9   -3.5898048861e+01    1.2893930968e+03   -4.7926157095e+01    1.2028108234e+01   -8.7777922227e+00    3.7531933735e+00   -6.4834587719e+00   -3.6418099474e+01    2.0446409070e+04    5.2673021600e-01    9.9895178930e-01
        10   -3.5886064653e+01    1.2884918943e+03   -4.7982053260e+01    1.2095988607e+01   -8.7546299659e+00    3.6536868800e+00   -6.4630107002e+00   -3.6418099474e+01    2.0658390011e+04    5.7552874000e-01    9.9897662841e-01
        11   -3.5907374023e+01    1.2900122183e+03   -4.7971290948e+01    1.2063916925e+01   -8.7750148375e+00    3.6491843728e+00   -6.4273610088e+00   -3.6418099474e+01    2.0743685321e+04    6.2324359800e-01    9.9905299117e-01
        12   -3.5917514192e+01    1.2908017286e+03   -4.7973080575e+01    1.2055566383e+01   -8.8309810288e+00    3.7060621401e+00   -6.4300622125e+00   -3.6418099474e+01    2.0756801604e+04    5.7831707700e-01    9.9903977202e-01
        13   -3.5914554399e+01    1.2905812053e+03   -4.8037621318e+01    1.2123066919e+01   -8.9013764316e+00    3.6917530452e+00   -6.4098984571e+00   -3.6418099474e+01    2.0735406264e+04    5.9099242200e-01    9.9896645100e-01
        14   -3.5917176204e+01    1.2907520419e+03   -4.7959345012e+01    1.2042168808e+01   -8.9178585883e+00    3.7865629888e+00   -6.4099499379e+00   -3.6418099474e+01    2.0678029820e+04    5.6704682900e-01    9.9889963724e-01
        15   -3.5895228324e+01    1.2891087523e+03   -4.8070408561e+01    1.2175180237e+01   -8.8381782549e+00    3.6179393312e+00   -6.4320701634e+00   -3.6418099474e+01    2.0654634741e+04    5.8248635800e-01    9.9896605621e-01
        16   -3.5887358302e+01    1.2886067858e+03   -4.8012089467e+01    1.2124731165e+01   -8.8650520591e+00    3.7159747483e+00   -6.4449126823e+00   -3.6418099474e+01    2.0686499226e+04    5.6514618600e-01    9.9899537389e-01
        17   -3.5903276753e+01    1.2897553768e+03   -4.7950526092e+01    1.2047249339e+01   -8.8755408315e+00    3.7818455685e+00   -6.4387313548e+00   -3.6418099474e+01    2.0743261496e+04    5.8025056300e-01    9.9896872073e-01
        18   -3.5899434052e+01    1.2894641955e+03   -4.7956940493e+01    1.2057506442e+01   -8.9145703774e+00    3.8204945186e+00   -6.4447651605e+00   -3.6418099474e+01    2.0862537132e+04    5.7185429000e-01    9.9903461025e-01
        19   -3.5886872172e+01    1.2885944560e+03   -4.8030229872e+01    1.2143357700e+01   -8.9074846523e+00    3.7335072092e+00   -6.4381529547e+00   -3.6418099474e+01    2.0935608247e+04    5.6950648000e-01    9.9901257896e-01
        20   -3.5903299920e+01    1.2897736825e+03   -4.8050198076e+01    1.2146898156e+01   -8.8518361604e+00    3.6573325145e+00   -6.4375949559e+00   -3.6418099474e+01    2.0728089760e+04    5.6682496800e-01    9.9904550561e-01
        21   -3.5874145958e+01    1.2876916933e+03   -4.7925403058e+01    1.2051257101e+01   -8.8286714584e+00    3.7476119757e+00   -6.4262441014e+00   -3.6418099474e+01    2.0717689373e+04    5.7373975700e-01    9.9901770204e-01
        22   -3.5863505377e+01    1.2869528157e+03   -4.7851658516e+01    1.1988153139e+01   -8.8294477075e+00    3.8284203694e+00   -6.4325317039e+00   -3.6418099474e+01    2.0565332410e+04    5.6589480500e-01    9.9904694780e-01
        23   -3.5871838664e+01    1.2876066220e+03   -4.7872946162e+01    1.2001107497e+01   -8.8320801062e+00    3.8158383279e+00   -6.4386049094e+00   -3.6418099474e+01    2.0411224035e+04    5.2430865000e-01    9.9893990708e-01
        24   -3.5888855557e+01    1.2887466386e+03   -4.7913429026e+01    1.2024573468e+01   -8.8321515823e+00    3.7837707080e+00   -6.4469486771e+00   -3.6418099474e+01    2.0415678565e+04    5.2962731100e-01    9.9892766178e-01
        25   -3.5882192322e+01    1.2882854665e+03   -4.7872849905e+01    1.1990657583e+01   -8.8234986208e+00    3.8001029373e+00   -6.4313547478e+00   -3.6418099474e+01    2.0406996610e+04    5.2850960400e-01    9.9892199138e-01
        26   -3.5894375471e+01    1.2891367359e+03   -4.7897423641e+01    1.2003048171e+01   -8.7894649098e+00    3.7726351064e+00   -6.4624943636e+00   -3.6418099474e+01    2.0425261973e+04    5.2667532500e-01    9.9896480331e-01
        27   -3.5886640110e+01    1.2885704242e+03   -4.7980104388e+01    1.2093464278e+01   -8.8272199841e+00    3.7667372424e+00   -6.5015221718e+00   -3.6418099474e+01    2.0351366445e+04    5.3033044500e-01    9.9909972834e-01
        28   -3.5881575378e+01    1.2882170921e+03   -4.7933053871e+01    1.2051478494e+01   -8.7737266587e+00    3.7489240213e+00   -6.4901517598e+00   -3.6418099474e+01    2.0308688775e+04    5.4711963300e-01    9.9896597568e-01
        29   -3.5882878350e+01    1.2883170168e+03   -4.7908519028e+01    1.2025640678e+01   -8.7380267146e+00    3.7267599142e+00   -6.4791527530e+00   -3.6418099474e+01    2.0389191494e+04    5.4618343300e-01    9.9896658026e-01
        30   -3.5891791227e+01    1.2889938834e+03   -4.7908965660e+01    1.2017174433e+01   -8.7603780622e+00    3.7618348122e+00   -6.4923229353e+00   -3.6418099474e+01    2.0262683440e+04    5.2160299300e-01    9.9896881412e-01
        31   -3.5873996161e+01    1.2876315359e+03   -4.7865138420e+01    1.1991142259e+01   -8.7355763322e+00    3.7865437870e+00   -6.4980064003e+00   -3.6418099474e+01    2.0086891191e+04    5.5484267800e-01    9.9900605966e-01
        32   -3.5872258028e+01    1.2874711001e+03   -4.7840420809e+01    1.1968162781e+01   -8.7191257056e+00    3.7903431811e+00   -6.4935388101e+00   -3.6418099474e+01    2.0023960442e+04    5.2287828700e-01    9.9897439373e-01
        33   -3.5876313602e+01    1.2877576928e+03   -4.7815456821e+01    1.1939143220e+01   -8.6542278846e+00    3.7755880504e+00   -6.5187175129e+00   -3.6418099474e+01    2.0092786377e+04    5.3620240800e-01    9.9903301954e-01
        34   -3.5873669719e+01    1.2875721054e+03   -4.7798294288e+01    1.1924624569e+01   -8.6206705154e+00    3.7725716947e+00   -6.5320959928e+00   -3.6418099474e+01    2.0035594828e+04    5.2179141900e-01    9.9901417590e-01
        35   -3.5890432258e+01    1.2887818930e+03   -4.7740588121e+01    1.1850155864e+01   -8.6289005100e+00    3.8285097585e+00   -6.5220978957e+00   -3.6418099474e+01    2.0019645278e+04    5.1387558600e-01    9.9886513686e-01
        36   -3.5881920675e+01    1.2881796508e+03   -4.7744227797e+01    1.1862307121e+01   -8.6053285502e+00    3.8105300100e+00   -6.5313297823e+00   -3.6418099474e+01    2.0143229267e+04    5.1564906200e-01    9.9900168101e-01
        37   -3.5882842912e+01    1.2882625451e+03   -4.7898230454e+01    1.2015387542e+01   -8.5815402380e+00    3.6509831096e+00   -6.5495738517e+00   -3.6418099474e+01    2.0227586261e+04    5.1700926200e-01    9.9908710147e-01
        38   -3.5908358953e+01    1.2901157238e+03   -4.7859505457e+01    1.1951146505e+01   -8.5736407516e+00    3.6490601886e+00   -6.5168254201e+00   -3.6418099474e+01    2.0378814506e+04    5.4300204100e-01    9.9900258032e-01
        39   -3.5907286084e+01    1.2900458957e+03   -4.7934938806e+01    1.2027652722e+01   -8.5909825882e+00    3.5912457165e+00   -6.5171024598e+00   -3.6418099474e+01    2.0516685152e+04    5.3908541800e-01    9.9896755368e-01
        40   -3.5900370338e+01    1.2894988659e+03   -4.7874822877e+01    1.1974452540e+01   -8.5935684352e+00    3.6358342801e+00   -6.4989892480e+00   -3.6418099474e+01    2.0405834121e+04    5.3594325500e-01    9.9899874668e-01
        41   -3.5882702696e+01    1.2882461808e+03   -4.7830764518e+01    1.1948061822e+01   -8.6722827773e+00    3.7571796970e+00   -6.4975619635e+00   -3.6418099474e+01    2.0417645228e+04    5.4514796900e-01    9.9902222129e-01
        42   -3.5885521700e+01    1.2884458507e+03   -4.7869231321e+01    1.1983709621e+01   -8.7207056154e+00    3.7588996137e+00   -6.4893258448e+00   -3.6418099474e+01    2.0338408790e+04    5.2080687300e-01    9.9892003709e-01
        43   -3.5890679560e+01    1.2888590190e+03   -4.7874655810e+01    1.1983976251e+01   -8.7585899193e+00    3.8391229921e+00   -6.5370894091e+00   -3.6418099474e+01    2.0278351719e+04    5.1982699800e-01    9.9899599808e-01
        44   -3.5913562443e+01    1.2904711577e+03   -4.7822040365e+01    1.1908477922e+01   -8.7656053336e+00    3.8871104210e+00   -6.5254459782e+00   -3.6418099474e+01    2.0351673332e+04    5.1718571900e-01    9.9906440016e-01
        45   -3.5910949193e+01    1.2902717809e+03   -4.7866760634e+01    1.1955811441e+01   -8.7423285562e+00    3.8212030374e+00   -6.5275356409e+00   -3.6418099474e+01    2.0456953991e+04    5.3342333700e-01    9.9898892180e-01
        46   -3.5910398321e+01    1.2902687420e+03   -4.7994435656e+01    1.2084037336e+01   -8.7472033056e+00    3.6843536877e+00   -6.5134865643e+00   -3.6418099474e+01    2.0324078406e+04    5.1634934000e-01    9.9904558014e-01
        47   -3.5935369751e+01    1.2920609147e+03   -4.7940319325e+01    1.2004949574e+01   -8.6866165121e+00    3.6737960073e+00   -6.5093993459e+00   -3.6418099474e+01    2.0305422755e+04    5.3208564100e-01    9.9902861366e-01
        48   -3.5920136826e+01    1.2909370058e+03   -4.7915017646e+01    1.1994880820e+01   -8.6488467204e+00    3.6937085272e+00   -6.5417799791e+00   -3.6418099474e+01    2.0280041253e+04    5.4397512600e-01    9.9905569963e-01
        49   -3.5910433975e+01    1.2902201996e+03   -4.8028558366e+01    1.2118124390e+01   -8.6158124329e+00    3.5701931374e+00   -6.5648395960e+00   -3.6418099474e+01    2.0236193726e+04    5.1658830900e-01    9.9896546854e-01
        50   -3.5897142727e+01    1.2892818710e+03   -4.7977250339e+01    1.2080107612e+01   -8.6342670848e+00    3.6283422569e+00   -6.5532260369e+00   -3.6418099474e+01    2.0312689269e+04    5.4963237800e-01    9.9901174650e-01
        51   -3.5880578992e+01    1.2880887154e+03   -4.8038749028e+01    1.2158170036e+01   -8.6269569765e+00    3.5542869026e+00   -6.5479794797e+00   -3.6418099474e+01    2.0330150458e+04    5.4901253800e-01    9.9901979384e-01
        52   -3.5884796482e+01    1.2884146480e+03   -4.7918362305e+01    1.2033565823e+01   -8.7414382216e+00    3.7667363916e+00   -6.5255610006e+00   -3.6418099474e+01    2.0314130910e+04    5.3654871900e-01    9.9893634228e-01
        53   -3.5870652426e+01    1.2873654162e+03   -4.7902070280e+01    1.2031417854e+01   -8.7841183280e+00    3.8225576988e+00   -6.5224101763e+00   -3.6418099474e+01    2.0336838036e+04    5.3516667700e-01    9.9898686613e-01
        54   -3.5870246875e+01    1.2873247727e+03   -4.7916791945e+01    1.2046545070e+01   -8.7746114795e+00    3.8027358075e+00   -6.5268167990e+00   -3.6418099474e+01    2.0357015949e+04    5.1650583900e-01    9.9904925624e-01
        55   -3.5888246237e+01    1.2886381315e+03   -4.7844625518e+01    1.1956379281e+01   -8.7656790100e+00    3.8488871445e+00   -6.5097341783e+00   -3.6418099474e+01    2.0352563720e+04    5.3138887500e-01    9.9899623765e-01
        56   -3.5887945797e+01    1.2886435230e+03   -4.7883227576e+01    1.1995281779e+01   -8.7033594178e+00    3.7852147523e+00   -6.5469834364e+00   -3.6418099474e+01    2.0314818188e+04    5.2137122200e-01    9.9911566970e-01
        57   -3.5883540563e+01    1.2883562021e+03   -4.7876269142e+01    1.1992728579e+01   -8.6353142462e+00    3.7208379350e+00   -6.5436933570e+00   -3.6418099474e+01    2.0198192683e+04    5.7962467400e-01    9.9892133910e-01
        58   -3.5882560481e+01    1.2882625096e+03   -4.7838157692e+01    1.1955597210e+01   -8.5909752671e+00    3.7154755235e+00   -6.5445584740e+00   -3.6418099474e+01    2.0171318523e+04    5.9067247800e-01    9.9892343650e-01
        59   -3.5892512521e+01    1.2890093756e+03   -4.7753165352e+01    1.1860652831e+01   -8.5591093585e+00    3.7856350698e+00   -6.5615915887e+00   -3.6418099474e+01    2.0064129904e+04    5.4756039700e-01    9.9898518730e-01
        60   -3.5877425584e+01    1.2879405665e+03   -4.7765514011e+01    1.1888088427e+01   -8.5180286853e+00    3.6958581933e+00   -6.5252440453e+00   -3.6418099474e+01    2.0126700758e+04    5.2319940400e-01    9.9903997672e-01
        61   -3.5900136204e+01    1.2896752374e+03   -4.7858926790e+01    1.1958790586e+01   -8.4806047255e+00    3.5578914414e+00   -6.5181140317e+00   -3.6418099474e+01    2.0220420505e+04    5.1448714100e-01    9.9896833641e-01
        62   -3.5873002590e+01    1.2875911501e+03   -4.7860286941e+01    1.1987284351e+01   -8.5069109162e+00    3.5833738974e+00   -6.5186504481e+00   -3.6418099474e+01    2.0292270878e+04    5.2509140200e-01    9.9897577046e-01
        63   -3.5872244719e+01    1.2875053224e+03   -4.7837727491e+01    1.1965482771e+01   -8.5212541745e+00    3.6280930442e+00   -6.5264668861e+00   -3.6418099474e+01    2.0294193035e+04    5.3191454600e-01    9.9898115040e-01
        64   -3.5867749907e+01    1.2871677703e+03   -4.7791148281e+01    1.1923398373e+01   -8.5974536025e+00    3.7512113981e+00   -6.5268066020e+00   -3.6418099474e+01    2.0462883657e+04    5.2159568300e-01    9.9902630716e-01
        65   -3.5873065655e+01    1.2875675867e+03   -4.7837038040e+01    1.1963972385e+01   -8.5838188029e+00    3.7045078014e+00   -6.5396275643e+00   -3.6418099474e+01    2.0455402677e+04    5.3006058700e-01    9.9898228513e-01
        66   -3.5890534763e+01    1.2888310293e+03   -4.7882323749e+01    1.1991788985e+01   -8.6226658724e+00    3.6721123351e+00   -6.5136707371e+00   -3.6418099474e+01    2.0241071151e+04    5.6305974400e-01    9.9901886739e-01
        67   -3.5894872144e+01    1.2892375416e+03   -4.7826757134e+01    1.1931884990e+01   -8.6968829086e+00    3.7872860425e+00   -6.4990607933e+00   -3.6418099474e+01    2.0048719123e+04    5.1367788500e-01    9.9901823132e-01
        68   -3.5891563967e+01    1.2890373957e+03   -4.7787723901e+01    1.1896159934e+01   -8.7824056017e+00    3.9099343259e+00   -6.4971531509e+00   -3.6418099474e+01    1.9883810506e+04    5.0764038600e-01    9.9896511578e-01
        69   -3.5907238653e+01    1.2901204514e+03   -4.7872057584e+01    1.1964818930e+01   -8.7217972700e+00    3.7255122662e+00   -6.4576731057e+00   -3.6418099474e+01    1.9920128292e+04    5.4223962900e-01    9.9897400575e-01
        70   -3.5874402285e+01    1.2876796522e+03   -4.7861388110e+01    1.1986985825e+01   -8.7140352108e+00    3.7215466344e+00   -6.4508000594e+00   -3.6418099474e+01    1.9980690446e+04    5.5508592900e-01    9.9893280802e-01
        71   -3.5878372673e+01    1.2879547228e+03   -4.7906834072e+01    1.2028461399e+01   -8.6409021265e+00    3.6545805754e+00   -6.5024130472e+00   -3.6418099474e+01    1.9943098799e+04    5.3296454300e-01    9.9903281272e-01
        72   -3.5890977948e+01    1.2888630642e+03   -4.7903585530e+01    1.2012607582e+01   -8.7357272189e+00    3.7346573228e+00   -6.4844161593e+00   -3.6418099474e+01    2.0015582826e+04    5.1421060200e-01    9.9899341077e-01
        73   -3.5896558307e+01    1.2892800315e+03   -4.7900544516e+01    1.2003986209e+01   -8.7184360152e+00    3.7340324135e+00   -6.4980414405e+00   -3.6418099474e+01    1.9908933201e+04    5.1197779800e-01    9.9898430883e-01
        74   -3.5882491126e+01    1.2882668060e+03   -4.7869998913e+01    1.1987507788e+01   -8.6358617806e+00    3.6711940765e+00   -6.4872317348e+00   -3.6418099474e+01    1.9989702397e+04    5.1153078400e-01    9.9892067304e-01
        75   -3.5880266136e+01    1.2880792620e+03   -4.7868684178e+01    1.1988418042e+01   -8.6629243275e+00    3.7170582414e+00   -6.5047186176e+00   -3.6418099474e+01    2.0022955973e+04    5.4312992600e-01    9.9898851149e-01
        76   -3.5873086660e+01    1.2876049818e+03   -4.7886950877e+01    1.2013864216e+01   -8.6827540888e+00    3.7276247147e+00   -6.5137220283e+00   -3.6418099474e+01    2.0055552296e+04    5.2064293000e-01    9.9902411226e-01
        77   -3.5879739932e+01    1.2880272019e+03   -4.7904594204e+01    1.2024854272e+01   -8.6361296180e+00    3.6395858573e+00   -6.4899509696e+00   -3.6418099474e+01    1.9927462854e+04    5.1795221800e-01    9.9903920613e-01
        78   -3.5889080893e+01    1.2887520589e+03   -4.7820736400e+01    1.1931655508e+01   -8.6612384580e+00    3.7497696986e+00   -6.4911681665e+00   -3.6418099474e+01    1.9826199691e+04    5.3135751300e-01    9.9895848349e-01
        79   -3.5864872303e+01    1.2869777763e+03   -4.7816729367e+01    1.1951857065e+01   -8.6081229364e+00    3.7042774399e+00   -6.4947843965e+00   -3.6418099474e+01    1.9693045868e+04    5.4001566800e-01    9.9894979322e-01
        80   -3.5862423496e+01    1.2867972115e+03   -4.7780134789e+01    1.1917711293e+01   -8.6270896393e+00    3.7721551447e+00   -6.5071008199e+00   -3.6418099474e+01    1.9654689637e+04    5.1455788300e-01    9.9894231049e-01
        81   -3.5877321845e+01    1.2878739488e+03   -4.7810305072e+01    1.1932983228e+01   -8.6193724217e+00    3.7353878049e+00   -6.5082209815e+00   -3.6418099474e+01    1.9688375926e+04    5.3572031900e-01    9.9896212105e-01
        82   -3.5898977797e+01    1.2894323276e+03   -4.7859183110e+01    1.1960205313e+01   -8.5890544835e+00    3.6241037344e+00   -6.4761328863e+00   -3.6418099474e+01    1.9920876311e+04    5.1356113000e-01    9.9900997912e-01
        83   -3.5884959625e+01    1.2884233774e+03   -4.7850724972e+01    1.1965765347e+01   -8.6129839608e+00    3.6746340004e+00   -6.4942755377e+00   -3.6418099474e+01    2.0001070691e+04    5.1864731300e-01    9.9896770230e-01
        84   -3.5894107823e+01    1.2890676482e+03   -4.7874182820e+01    1.1980074997e+01   -8.5713969608e+00    3.6392942110e+00   -6.5239805962e+00   -3.6418099474e+01    2.0001918283e+04    5.1387468400e-01    9.9909088961e-01
        85   -3.5869466389e+01    1.2873041809e+03   -4.7822085686e+01    1.1952619297e+01   -8.6603146790e+00    3.7677219139e+00   -6.5113934468e+00   -3.6418099474e+01    1.9925820242e+04    5.4760857100e-01    9.9893703215e-01
        86   -3.5862433743e+01    1.2868082628e+03   -4.7789516531e+01    1.1927082788e+01   -8.6989816108e+00    3.8356839071e+00   -6.5081193532e+00   -3.6418099474e+01    2.0063819400e+04    5.1946628400e-01    9.9907265672e-01
        87   -3.5870825936e+01    1.2874161796e+03   -4.7757009932e+01    1.1886183996e+01   -8.6497528256e+00    3.8013156791e+00   -6.4904733112e+00   -3.6418099474e+01    1.9987225422e+04    5.1316925200e-01    9.9901180827e-01
        88   -3.5883260143e+01    1.2882895038e+03   -4.7835611316e+01    1.1952351173e+01   -8.5912088735e+00    3.6780630816e+00   -6.5043660501e+00   -3.6418099474e+01    2.0079789444e+04    5.3778347500e-01    9.9898782544e-01
        89   -3.5905975255e+01    1.2899118942e+03   -4.7875974409e+01    1.1969999154e+01   -8.5835807299e+00    3.6291947963e+00   -6.5034890017e+00   -3.6418099474e+01    2.0252087404e+04    5.4830157100e-01    9.9899980243e-01
        90   -3.5894083843e+01    1.2890645700e+03   -4.7836378641e+01    1.1942294798e+01   -8.6322139684e+00    3.7074572925e+00   -6.4935224911e+00   -3.6418099474e+01    2.0156506705e+04    5.7813798400e-01    9.9899690920e-01
        91   -3.5892374995e+01    1.2889281951e+03   -4.7814974181e+01    1.1922599186e+01   -8.5825099422e+00    3.6774523305e+00   -6.4918170950e+00   -3.6418099474e+01    2.0185790508e+04    5.2227799800e-01    9.9895416000e-01
        92   -3.5919855049e+01    1.2909111025e+03   -4.7826733973e+01    1.1906878925e+01   -8.5802056457e+00    3.6708297181e+00   -6.4992585717e+00   -3.6418099474e+01    2.0082195168e+04    5.1988575500e-01    9.9895910437e-01
        93   -3.5895969460e+01    1.2892216784e+03   -4.7785371139e+01    1.1889401680e+01   -8.6112035163e+00    3.7194292774e+00   -6.4754974263e+00   -3.6418099474e+01    2.0221496963e+04    5.3570315500e-01    9.9896833641e-01
        94   -3.5900052629e+01    1.2895080374e+03   -4.7872807913e+01    1.1972755283e+01   -8.6874157930e+00    3.7230588539e+00   -6.4903514993e+00   -3.6418099474e+01    2.0470690107e+04    5.2526732700e-01    9.9903507915e-01
        95   -3.5892320701e+01    1.2889624357e+03   -4.7898722015e+01    1.2006401314e+01   -8.6440806053e+00    3.6624753499e+00   -6.4990172851e+00   -3.6418099474e+01    2.0519249541e+04    5.4189062800e-01    9.9899570433e-01
        96   -3.5905390629e+01    1.2899109208e+03   -4.7921635403e+01    1.2016244774e+01   -8.6603063622e+00    3.6529918672e+00   -6.4962214340e+00   -3.6418099474e+01    2.0489291814e+04    5.3842927200e-01    9.9896619294e-01
        97   -3.5907806853e+01    1.2900825443e+03   -4.7783780374e+01    1.1875973521e+01   -8.7024943413e+00    3.8363635114e+00   -6.4995500701e+00   -3.6418099474e+01    2.0556345453e+04    5.3768772400e-01    9.9905818407e-01
        98   -3.5913786750e+01    1.2905933306e+03   -4.7888700446e+01    1.1974913696e+01   -8.7516958899e+00    3.7929743517e+00   -6.5118794335e+00   -3.6418099474e+01    2.0683040440e+04    5.5341919400e-01    9.9895176387e-01
        99   -3.5897642269e+01    1.2893408152e+03   -4.7831996052e+01    1.1934353784e+01   -8.7173144415e+00    3.8048983917e+00   -6.5014805284e+00   -3.6418099474e+01    2.0844512656e+04    5.6172617900e-01    9.9902859062e-01
       100   -3.5897087039e+01    1.2892931291e+03   -4.7806774811e+01    1.1909687772e+01   -8.7626314356e+00    3.8617063596e+00   -6.4877502613e+00   -3.6418099474e+01    2.0858664682e+04    5.6514210700e-01    9.9897964075e-01
       101   -3.5890044636e+01    1.2887929168e+03   -4.7846533067e+01    1.1956488431e+01   -8.7769137830e+00    3.8165895019e+00   -6.4681093114e+00   -3.6418099474e+01    2.0851136541e+04    5.7409521300e-01    9.9895879714e-01
       102   -3.5892259996e+01    1.2889930657e+03   -4.7831008217e+01    1.1938748221e+01   -8.7960728387e+00    3.8496160809e+00   -6.4664519849e+00   -3.6418099474e+01    2.0846890594e+04    5.6003071900e-01    9.9895340870e-01
       103   -3.5883666194e+01    1.2883410103e+03   -4.7742128366e+01    1.1858462173e+01   -8.8170593113e+00    3.9570037303e+00   -6.4639733114e+00   -3.6418099474e+01    2.0676640898e+04    5.8454359800e-01    9.9903115502e-01
       104   -3.5894544630e+01    1.2891579230e+03   -4.7814227921e+01    1.1919683292e+01   -8.9111311076e+00    3.9664890525e+00   -6.4514863918e+00   -3.6418099474e+01    2.0668210997e+04    5.5687388800e-01    9.9895806695e-01
       105   -3.5906609548e+01    1.2900964008e+03   -4.7916526091e+01    1.2009916543e+01   -8.8341275100e+00    3.7866359989e+00   -6.4509351058e+00   -3.6418099474e+01    2.0683038818e+04    5.5222207600e-01    9.9893799992e-01
       106   -3.5895472195e+01    1.2892447007e+03   -4.7865030707e+01    1.1969558512e+01   -8.7465605079e+00    3.7325098341e+00   -6.4328805586e+00   -3.6418099474e+01    2.0695064156e+04    5.6756421800e-01    9.9894562096e-01
       107   -3.5890965341e+01    1.2889536980e+03   -4.7812353018e+01    1.1921387678e+01   -8.7320332096e+00    3.7724243252e+00   -6.4346446598e+00   -3.6418099474e+01    2.0753712280e+04    5.7010903300e-01    9.9897275831e-01
       108   -3.5875071036e+01    1.2877390006e+03   -4.7874676251e+01    1.1999605215e+01   -8.7408341769e+00    3.7335809460e+00   -6.4493235460e+00   -3.6418099474e+01    2.0591538904e+04    5.3641679800e-01    9.9888848043e-01
       109   -3.5867287451e+01    1.2871675319e+03   -4.7809893499e+01    1.1942606048e+01   -8.7017923290e+00    3.7633119243e+00   -6.4533136204e+00   -3.6418099474e+01    2.0557786171e+04    5.2756432500e-01    9.9897874824e-01
       110   -3.5891465505e+01    1.2888836838e+03   -4.7830885874e+01    1.1939420369e+01   -8.6777358306e+00    3.7347924546e+00   -6.4698430242e+00   -3.6418099474e+01    2.0701078185e+04    5.5057504200e-01    9.9901498058e-01
       111   -3.5896316809e+01    1.2892537610e+03   -4.7849700092e+01    1.1953383283e+01   -8.6430174628e+00    3.6778761357e+00   -6.4664592906e+00   -3.6418099474e+01    2.0847964917e+04    5.5524258300e-01    9.9898766701e-01
       112   -3.5893090550e+01    1.2890478559e+03   -4.7813929592e+01    1.1920839042e+01   -8.6444621355e+00    3.6839858648e+00   -6.4353538469e+00   -3.6418099474e+01    2.0914373448e+04    5.7234543300e-01    9.9893803013e-01
       113   -3.5910648135e+01    1.2902976212e+03   -4.7662657568e+01    1.1752009433e+01   -8.7249498968e+00    3.9006311339e+00   -6.4202393307e+00   -3.6418099474e+01    2.0883246468e+04    5.5854973500e-01    9.9906964653e-01
       114   -3.5885399771e+01    1.2884991797e+03   -4.7744169496e+01    1.1858769725e+01   -8.6947765510e+00    3.8059470768e+00   -6.4372405480e+00   -3.6418099474e+01    2.0857203424e+04    5.6596764200e-01    9.9899852089e-01
       115   -3.5886714502e+01    1.2885677452e+03   -4.7881714066e+01    1.1994999563e+01   -8.5979461716e+00    3.5859449551e+00   -6.4516133750e+00   -3.6418099474e+01    2.0809115241e+04    5.6225913400e-01    9.9905793769e-01
       116   -3.5905486374e+01    1.2899151591e+03   -4.7857634421e+01    1.1952148047e+01   -8.5785225260e+00    3.5882243063e+00   -6.4492367273e+00   -3.6418099474e+01    2.0845580300e+04    5.7119303400e-01    9.9899089925e-01
       117   -3.5890680002e+01    1.2888209075e+03   -4.7767385572e+01    1.1876705570e+01   -8.5694729329e+00    3.6967333854e+00   -6.4765465499e+00   -3.6418099474e+01    2.0822842697e+04    5.6952783700e-01    9.9895391749e-01
       118   -3.5896955997e+01    1.2893199137e+03   -4.7860818825e+01    1.1963862827e+01   -8.5915449873e+00    3.6297018093e+00   -6.4808761725e+00   -3.6418099474e+01    2.0875106168e+04    5.6567222800e-01    9.9898218220e-01
       119   -3.5907112040e+01    1.2900058335e+03   -4.7896912753e+01    1.1989800713e+01   -8.6084140282e+00    3.6081816411e+00   -6.4785808913e+00   -3.6418099474e+01    2.0807318751e+04    5.8476253300e-01    9.9892378252e-01
       120   -3.5876974603e+01    1.2878214227e+03   -4.7901656754e+01    1.2024682152e+01   -8.6756000862e+00    3.6573505011e+00   -6.4653076952e+00   -3.6418099474e+01    2.0689108546e+04    5.6518096800e-01    9.9895069654e-01
       121   -3.5872059604e+01    1.2874797557e+03   -4.7896396881e+01    1.2024337277e+01   -8.7311439876e+00    3.7211581935e+00   -6.4683116128e+00   -3.6418099474e+01    2.0576334953e+04    5.7531490600e-01    9.9898831794e-01
       122   -3.5897565244e+01    1.2893098238e+03   -4.7970964514e+01    1.2073399270e+01   -8.7279541235e+00    3.6751353046e+00   -6.5000462209e+00   -3.6418099474e+01    2.0515220880e+04    5.2286811000e-01    9.9899371858e-01
       123   -3.5894065623e+01    1.2890425035e+03   -4.7898008059e+01    1.2003942436e+01   -8.7213744350e+00    3.7365591244e+00   -6.4950932744e+00   -3.6418099474e+01    2.0441140248e+04    5.2736889200e-01    9.9893590998e-01
       124   -3.5918270602e+01    1.2907924928e+03   -4.7916700123e+01    1.1998429521e+01   -8.6892622049e+00    3.6783647243e+00   -6.4877031681e+00   -3.6418099474e+01    2.0511198586e+04    5.5172698600e-01    9.9901422580e-01
       125   -3.5920563107e+01    1.2909531165e+03   -4.7982228491e+01    1.2061665384e+01   -8.7215568589e+00    3.6249135237e+00   -6.4674856819e+00   -3.6418099474e+01    2.0603220261e+04    5.2879403700e-01    9.9902903194e-01
       126   -3.5910019301e+01    1.2902579167e+03   -4.7987435178e+01    1.2077415877e+01   -8.7183796054e+00    3.6340117135e+00   -6.4849678119e+00   -3.6418099474e+01    2.0621902662e+04    5.4829328800e-01    9.9902828875e-01
       127   -3.5914932218e+01    1.2905813698e+03   -4.7970007454e+01    1.2055075235e+01   -8.7625819129e+00    3.7108140493e+00   -6.5001401158e+00   -3.6418099474e+01    2.0751160902e+04    5.6405739800e-01    9.9906535943e-01
       128   -3.5906657429e+01    1.2899833405e+03   -4.7927080968e+01    1.2020423539e+01   -8.7558858435e+00    3.7304607253e+00   -6.4835563755e+00   -3.6418099474e+01    2.0690329778e+04    5.7457315200e-01    9.9900913529e-01
       129   -3.5886246423e+01    1.2885158880e+03   -4.7839923044e+01    1.1953676621e+01   -8.7860815275e+00    3.8634630173e+00   -6.4992050596e+00   -3.6418099474e+01    2.0595745281e+04    5.4187625800e-01    9.9897701580e-01
       130   -3.5898131186e+01    1.2893438642e+03   -4.7931970290e+01    1.2033839103e+01   -8.7733403260e+00    3.7393551469e+00   -6.4798856366e+00   -3.6418099474e+01    2.0464314361e+04    5.5494395300e-01    9.9900517310e-01
       131   -3.5901014834e+01    1.2895988213e+03   -4.7833706897e+01    1.1932692063e+01   -8.7972510799e+00    3.8236015640e+00   -6.4419579068e+00   -3.6418099474e+01    2.0503126619e+04    5.2450820900e-01    9.9893559199e-01
       132   -3.5882146940e+01    1.2881805531e+03   -4.7916063159e+01    1.2033916219e+01   -8.6846457861e+00    3.6436882416e+00   -6.4570061401e+00   -3.6418099474e+01    2.0462174846e+04    5.4665176300e-01    9.9894064839e-01
       133   -3.5896257935e+01    1.2892113571e+03   -4.7799195826e+01    1.1902937891e+01   -8.6952911030e+00    3.8122980215e+00   -6.4981032704e+00   -3.6418099474e+01    2.0314530595e+04    5.2685450900e-01    9.9900832724e-01
       134   -3.5889140844e+01    1.2886931916e+03   -4.7806189231e+01    1.1917048387e+01   -8.6978297640e+00    3.8329346828e+00   -6.5231946760e+00   -3.6418099474e+01    2.0277707167e+04    5.2093656200e-01    9.9891145055e-01
       135   -3.5873716474e+01    1.2875898952e+03   -4.7768415181e+01    1.1894698708e+01   -8.6624281005e+00    3.8211755366e+00   -6.5090631432e+00   -3.6418099474e+01    2.0141927869e+04    5.3515859000e-01    9.9898754557e-01
       136   -3.5874687432e+01    1.2876696573e+03   -4.7801621604e+01    1.1926934172e+01   -8.6475205355e+00    3.7724034746e+00   -6.5084050690e+00   -3.6418099474e+01    1.9982339764e+04    5.2394968400e-01    9.9893112743e-01
       137   -3.5899855728e+01    1.2894396631e+03   -4.7886646104e+01    1.1986790376e+01   -8.5954575002e+00    3.6422544120e+00   -6.5153435416e+00   -3.6418099474e+01    1.9983676347e+04    5.1002342400e-01    9.9898990982e-01
       138   -3.5912250185e+01    1.2903627830e+03   -4.7856224479e+01    1.1943974294e+01   -8.5994846356e+00    3.6512342960e+00   -6.4898746655e+00   -3.6418099474e+01    2.0093304233e+04    5.2217565300e-01    9.9899534123e-01
       139   -3.5913649915e+01    1.2904903372e+03   -4.7965174696e+01    1.2051524781e+01   -8.6023510422e+00    3.5340273004e+00   -6.4787514803e+00   -3.6418099474e+01    2.0274805332e+04    5.3345730900e-01    9.9895154924e-01
       140   -3.5886975858e+01    1.2885871926e+03   -4.7975369384e+01    1.2088393526e+01   -8.5943872770e+00    3.5232943068e+00   -6.4861769397e+00   -3.6418099474e+01    2.0459682967e+04    5.3090605500e-01    9.9904692082e-01
       141   -3.5880112213e+01    1.2880511775e+03   -4.7990562628e+01    1.2110450415e+01   -8.5766982922e+00    3.4812086160e+00   -6.4769734772e+00   -3.6418099474e+01    2.0408544870e+04    5.2163638700e-01    9.9902008819e-01
       142   -3.5887476274e+01    1.2885741424e+03   -4.7940386400e+01    1.2052910126e+01   -8.5543104849e+00    3.5061920101e+00   -6.4741684507e+00   -3.6418099474e+01    2.0341317605e+04    5.3129645700e-01    9.9902554306e-01
       143   -3.5880654654e+01    1.2881106114e+03   -4.7911392767e+01    1.2030738113e+01   -8.6396224568e+00    3.6092214872e+00   -6.4628923234e+00   -3.6418099474e+01    2.0322373399e+04    5.2242267100e-01    9.9895087199e-01
       144   -3.5895516655e+01    1.2892038296e+03   -4.7906821708e+01    1.2011305053e+01   -8.7358805742e+00    3.7145035815e+00   -6.4673452412e+00   -3.6418099474e+01    2.0224194330e+04    5.5018693900e-01    9.9894557991e-01
       145   -3.5892390343e+01    1.2890067207e+03   -4.7871031229e+01    1.1978640886e+01   -8.7801219726e+00    3.7943373334e+00   -6.4671471154e+00   -3.6418099474e+01    2.0135604314e+04    5.7629358300e-01    9.9897994664e-01
       146   -3.5895527270e+01    1.2892482299e+03   -4.8036938131e+01    1.2141410861e+01   -8.7656137106e+00    3.6393356964e+00   -6.4925606425e+00   -3.6418099474e+01    2.0002432951e+04    5.2433677400e-01    9.9899270605e-01
       147   -3.5888706353e+01    1.2887585487e+03   -4.7957361912e+01    1.2068655559e+01   -8.7931428823e+00    3.7146169722e+00   -6.4607365277e+00   -3.6418099474e+01    2.0029467156e+04    5.2719784300e-01    9.9903870162e-01
       148   -3.5866037130e+01    1.2871176937e+03   -4.7864877911e+01    1.1998840781e+01   -8.8157487951e+00    3.8228215696e+00   -6.4538512116e+00   -3.6418099474e+01    2.0081633784e+04    5.1952808600e-01    9.9892410781e-01
       149   -3.5877693030e+01    1.2879175659e+03   -4.7974896477e+01    1.2097203447e+01   -8.8204178343e+00    3.7187450131e+00   -6.4551241821e+00   -3.6418099474e+01    2.0028907181e+04    5.6872098800e-01    9.9904771416e-01
       150   -3.5891825879e+01    1.2889309838e+03   -4.8028490779e+01    1.2136664900e+01   -8.7604857831e+00    3.5979938991e+00   -6.4478994208e+00   -3.6418099474e+01    2.0045584083e+04    5.3586324900e-01    9.9895571222e-01
       151   -3.5889130711e+01    1.2887529439e+03   -4.8014630102e+01    1.2125499391e+01   -8.6958686873e+00    3.5238787167e+00   -6.4245406575e+00   -3.6418099474e+01    2.0119237999e+04    5.3388744500e-01    9.9895427946e-01
       152   -3.5885886127e+01    1.2885176861e+03   -4.8004645058e+01    1.2118758931e+01   -8.7345844377e+00    3.5908538230e+00   -6.4428149692e+00   -3.6418099474e+01    2.0191949043e+04    5.3958209500e-01    9.9898464586e-01
       153   -3.5883968278e+01    1.2883764072e+03   -4.7928467366e+01    1.2044499088e+01   -8.7127173664e+00    3.6445960905e+00   -6.4422466155e+00   -3.6418099474e+01    2.0212149955e+04    5.2247360100e-01    9.9897333135e-01
       154   -3.5880876043e+01    1.2881193743e+03   -4.7896262773e+01    1.2015386729e+01   -8.7449753725e+00    3.7203051610e+00   -6.4534930868e+00   -3.6418099474e+01    2.0256754495e+04    5.1852406700e-01    9.9908845351e-01
       155   -3.5883462583e+01    1.2883350374e+03   -4.7815066733e+01    1.1931604149e+01   -8.8058861669e+00    3.8735353844e+00   -6.4646164762e+00   -3.6418099474e+01    2.0392343684e+04    5.3263322200e-01    9.9892470105e-01
       156   -3.5909842818e+01    1.2902296702e+03   -4.7752127051e+01    1.1842284233e+01   -8.7899510086e+00    3.9109008241e+00   -6.4549773923e+00   -3.6418099474e+01    2.0578178618e+04    5.5809538400e-01    9.9902273911e-01
       157   -3.5895147830e+01    1.2891576749e+03   -4.7802950968e+01    1.1907803138e+01   -8.7354679828e+00    3.8350014383e+00   -6.4843849493e+00   -3.6418099474e+01    2.0541096235e+04    5.2376820000e-01    9.9896548367e-01
       158   -3.5881899008e+01    1.2882161759e+03   -4.7903758679e+01    1.2021859671e+01   -8.7845213045e+00    3.7898453568e+00   -6.4909832576e+00   -3.6418099474e+01    2.0599280434e+04    5.7951049900e-01    9.9897548088e-01
       159   -3.5892874664e+01    1.2890314762e+03   -4.7837211794e+01    1.1944337130e+01   -8.8460232831e+00    3.8845296793e+00   -6.4576187160e+00   -3.6418099474e+01    2.0524779284e+04    5.4571384000e-01    9.9903427875e-01
       160   -3.5885724506e+01    1.2885179744e+03   -4.7873955657e+01    1.1988231151e+01   -8.8360736441e+00    3.8172811625e+00   -6.4370637007e+00   -3.6418099474e+01    2.0608830518e+04    5.4906818100e-01    9.9898112658e-01
       161   -3.5864482533e+01    1.2869611260e+03   -4.7829805937e+01    1.1965323404e+01   -8.8087822494e+00    3.8259546072e+00   -6.4288788211e+00   -3.6418099474e+01    2.0687586983e+04    5.9588060400e-01    9.9905256618e-01
       162   -3.5872617446e+01    1.2875783392e+03   -4.7883933086e+01    1.2011315640e+01   -8.8031329348e+00    3.7300719892e+00   -6.3927726662e+00   -3.6418099474e+01    2.0616709840e+04    5.4384668700e-01    9.9901457528e-01
       163   -3.5893158309e+01    1.2890347418e+03   -4.7819842403e+01    1.1926684094e+01   -8.7306577149e+00    3.7599283293e+00   -6.4310135433e+00   -3.6418099474e+01    2.0611347409e+04    5.3662971500e-01    9.9891879904e-01
       164   -3.5895722346e+01    1.2891999796e+03   -4.7776702588e+01    1.1880980242e+01   -8.7370638548e+00    3.8313739090e+00   -6.4529131676e+00   -3.6418099474e+01    2.0487758844e+04    5.4375312900e-01    9.9893835115e-01
       165   -3.5897922632e+01    1.2893472198e+03   -4.7886675555e+01    1.1988752923e+01   -8.6684856228e+00    3.6673454044e+00   -6.4674358626e+00   -3.6418099474e+01    2.0491825834e+04    5.2360334900e-01    9.9897336680e-01
       166   -3.5888741033e+01    1.2886681209e+03   -4.7886813155e+01    1.1998072122e+01   -8.6810732033e+00    3.6996757006e+00   -6.4873161784e+00   -3.6418099474e+01    2.0590543167e+04    5.4074128100e-01    9.9901834277e-01
       167   -3.5899915631e+01    1.2894679732e+03   -4.7844734405e+01    1.1944818773e+01   -8.6866336572e+00    3.7603262459e+00   -6.5003275190e+00   -3.6418099474e+01    2.0667899221e+04    5.7275995200e-01    9.9898566452e-01
       168   -3.5895910502e+01    1.2891759127e+03   -4.7810055341e+01    1.1914144839e+01   -8.7054908028e+00    3.8200706203e+00   -6.5065356841e+00   -3.6418099474e+01    2.0635621283e+04    5.8613564800e-01    9.9902562789e-01
       169   -3.5908675695e+01    1.2901074988e+03   -4.7913154793e+01    1.2004479098e+01   -8.7455615479e+00    3.7447219531e+00   -6.4942157236e+00   -3.6418099474e+01    2.0660264542e+04    6.0411708500e-01    9.9892466426e-01
       170   -3.5882721607e+01    1.2882231435e+03   -4.7946091934e+01    1.2063370326e+01   -8.8068247531e+00    3.7633304873e+00   -6.4844981936e+00   -3.6418099474e+01    2.0559637150e+04    5.4259053100e-01    9.9894396043e-01
       171   -3.5891896152e+01    1.2889108560e+03   -4.7967468334e+01    1.2075572183e+01   -8.8223354645e+00    3.7613245181e+00   -6.4883579138e+00   -3.6418099474e+01    2.0526125916e+04    5.4001480100e-01    9.9903084590e-01
       172   -3.5898462582e+01    1.2893543768e+03   -4.8076395315e+01    1.2177932732e+01   -8.7829257852e+00    3.6394059002e+00   -6.5147759556e+00   -3.6418099474e+01    2.0687289874e+04    5.7891113200e-01    9.9907814054e-01
       173   -3.5901818813e+01    1.2896183841e+03   -4.8016997690e+01    1.2115178877e+01   -8.7425827824e+00    3.6558293996e+00   -6.5121448331e+00   -3.6418099474e+01    2.0726860897e+04    5.9704096700e-01    9.9902990578e-01
       174   -3.5927597867e+01    1.2915223495e+03   -4.7962234390e+01    1.2034636524e+01   -8.7955336400e+00    3.7419835686e+00   -6.4905848448e+00   -3.6418099474e+01    2.0876614117e+04    5.7405715000e-01    9.9902642512e-01
       175   -3.5909241078e+01    1.2901869309e+03   -4.8012380560e+01    1.2103139482e+01   -8.7852196936e+00    3.6785019927e+00   -6.4875633850e+00   -3.6418099474e+01    2.1057558943e+04    5.7763305700e-01    9.9893157320e-01
       176   -3.5873352898e+01    1.2875860266e+03   -4.8062651891e+01    1.2189298993e+01   -8.7842899186e+00    3.6430732741e+00   -6.5033357720e+00   -3.6418099474e+01    2.1136767420e+04    6.1476204100e-01    9.9899006276e-01
       177   -3.5880168706e+01    1.2880654508e+03   -4.7960994108e+01    1.2080825402e+01   -8.8717845682e+00    3.8302394703e+00   -6.5013495363e+00   -3.6418099474e+01    2.1064697814e+04    5.6828074800e-01    9.9896956837e-01
       178   -3.5880929960e+01    1.2881476354e+03   -4.7919466032e+01    1.2038536071e+01   -8.9031389270e+00    3.8797121525e+00   -6.4779397832e+00   -3.6418099474e+01    2.1000706190e+04    5.6795922800e-01    9.9897658035e-01
       179   -3.5897970685e+01    1.2894655919e+03   -4.7989459675e+01    1.2091488990e+01   -8.8617655437e+00    3.7691173081e+00   -6.4787119657e+00   -3.6418099474e+01    2.0844137431e+04    5.9603950900e-01    9.9885560786e-01
       180   -3.5912363354e+01    1.2905087884e+03   -4.7908311470e+01    1.1995948117e+01   -8.8459069180e+00    3.8571822897e+00   -6.5014873680e+00   -3.6418099474e+01    2.0833897381e+04    5.7556618700e-01    9.9896284055e-01
       181   -3.5896264258e+01    1.2892533301e+03   -4.7913712299e+01    1.2017448041e+01   -8.8031882464e+00    3.8030929545e+00   -6.4955175327e+00   -3.6418099474e+01    2.0852561716e+04    6.0130602200e-01    9.9897592218e-01
       182   -3.5880334283e+01    1.2881023189e+03   -4.7954013709e+01    1.2073679426e+01   -8.8008483093e+00    3.7223710357e+00   -6.4574369617e+00   -3.6418099474e+01    2.0767181333e+04    5.8000912700e-01    9.9895463674e-01
       183   -3.5882485284e+01    1.2882549191e+03   -4.7888186358e+01    1.2005701074e+01   -8.8708020604e+00    3.8455905535e+00   -6.4448753766e+00   -3.6418099474e+01    2.0712462790e+04    5.6332595100e-01    9.9907770706e-01
       184   -3.5879968108e+01    1.2880619954e+03   -4.7975224729e+01    1.2095256620e+01   -8.8286562699e+00    3.7371887099e+00   -6.4656576945e+00   -3.6418099474e+01    2.0653829957e+04    5.5119479200e-01    9.9903012323e-01
       185   -3.5881616915e+01    1.2881720309e+03   -4.7997641993e+01    1.2116025078e+01   -8.7551311381e+00    3.6585615262e+00   -6.4829729065e+00   -3.6418099474e+01    2.0491032065e+04    5.3628425300e-01    9.9898397362e-01
       186   -3.5883805114e+01    1.2883185074e+03   -4.7878418593e+01    1.1994613479e+01   -8.7654287782e+00    3.8176535624e+00   -6.5125439026e+00   -3.6418099474e+01    2.0434081602e+04    5.2768489900e-01    9.9892341571e-01
       187   -3.5889796808e+01    1.2888222582e+03   -4.7866821160e+01    1.1977024351e+01   -8.7375494919e+00    3.8142361362e+00   -6.5254083299e+00   -3.6418099474e+01    2.0395457783e+04    5.4386965300e-01    9.9898784716e-01
       188   -3.5900649300e+01    1.2895758842e+03   -4.7920214000e+01    1.2019564700e+01   -8.6699305511e+00    3.6875660598e+00   -6.5197500349e+00   -3.6418099474e+01    2.0370620967e+04    5.5639482700e-01    9.9903384861e-01
       189   -3.5892222737e+01    1.2889260682e+03   -4.7901114132e+01    1.2008891395e+01   -8.6579872830e+00    3.6912725935e+00   -6.5162999686e+00   -3.6418099474e+01    2.0271632491e+04    5.2563133300e-01    9.9894807694e-01
       190   -3.5875818985e+01    1.2877368427e+03   -4.7871190394e+01    1.1995371409e+01   -8.5957762601e+00    3.6565715273e+00   -6.5138861869e+00   -3.6418099474e+01    2.0187031018e+04    5.2426314700e-01    9.9904818518e-01
       191   -3.5881783578e+01    1.2881702035e+03   -4.7942045391e+01    1.2060261812e+01   -8.5257548475e+00    3.5259621563e+00   -6.5241532253e+00   -3.6418099474e+01    2.0136520387e+04    5.1418189100e-01    9.9904040583e-01
       192   -3.5882078621e+01    1.2881757047e+03   -4.7946552507e+01    1.2064473885e+01   -8.5555220039e+00    3.5514176040e+00   -6.5243486324e+00   -3.6418099474e+01    2.0264425356e+04    5.2663323400e-01    9.9900245333e-01
       193   -3.5861781332e+01    1.2867262956e+03   -4.7859997889e+01    1.1998216558e+01   -8.6219225171e+00    3.7129505529e+00   -6.5329264510e+00   -3.6418099474e+01    2.0273399317e+04    5.2211813800e-01    9.9907178436e-01
       194   -3.5852176516e+01    1.2860415362e+03   -4.7905385575e+01    1.2053209059e+01   -8.6110172239e+00    3.6760190699e+00   -6.5522879467e+00   -3.6418099474e+01    2.0084867297e+04    5.5875982700e-01    9.9908265362e-01
       195   -3.5888964052e+01    1.2887454844e+03   -4.7849161198e+01    1.1960197146e+01   -8.6164303043e+00    3.6900965640e+00   -6.5047279834e+00   -3.6418099474e+01    2.0010981908e+04    5.3335285100e-01    9.9893073139e-01
       196   -3.5878110176e+01    1.2880050986e+03   -4.7829837157e+01    1.1951726981e+01   -8.6408685280e+00    3.6944917312e+00   -6.4653608857e+00   -3.6418099474e+01    2.0057914309e+04    5.1337514800e-01    9.9906155621e-01
       197   -3.5869379126e+01    1.2874227778e+03   -4.7776043286e+01    1.1906664160e+01   -8.6380150080e+00    3.7366381569e+00   -6.4565669609e+00   -3.6418099474e+01    2.0105804646e+04    5.4072141700e-01    9.9895375936e-01
       198   -3.5864163876e+01    1.2869967512e+03   -4.7781576795e+01    1.1917412919e+01   -8.6085718930e+00    3.7068704033e+00   -6.4617758314e+00   -3.6418099474e+01    2.0246133020e+04    5.2021781500e-01    9.9903522573e-01
       199   -3.5870188114e+01    1.2874098750e+03   -4.7826670975e+01    1.1956482860e+01   -8.6472576211e+00    3.6754490185e+00   -6.4367628978e+00   -3.6418099474e+01    2.0229180141e+04    5.1795059600e-01    9.9905025527e-01
