#  Band    State   TwistIndex BandIndex Energy      Kx      Ky      Kz      K1      K2      K3    KmK 
       0        0       11        0    -0.265534  0.1704  0.0984  0.0981  0.2250  0.0000  0.2250      1
       1        1       11        1    -0.252124  0.1704  0.0984  0.0981  0.2250  0.0000  0.2250      1
       2        2       11        2    -0.195278  0.1704  0.0984  0.0981  0.2250  0.0000  0.2250      1
       3        3       11        3    -0.154192  0.1704  0.0984  0.0981  0.2250  0.0000  0.2250      1
       4        4       11        4    -0.116739  0.1704  0.0984  0.0981  0.2250  0.0000  0.2250      1
       5        5       11        5     0.067079  0.1704  0.0984  0.0981  0.2250  0.0000  0.2250      1
       6        6       11        6     0.088687  0.1704  0.0984  0.0981  0.2250  0.0000  0.2250      1
       7        7       11        7     0.105155  0.1704  0.0984  0.0981  0.2250  0.0000  0.2250      1
       8        8       11        8     0.117879  0.1704  0.0984  0.0981  0.2250  0.0000  0.2250      1
       9        9       11        9     0.123027  0.1704  0.0984  0.0981  0.2250  0.0000  0.2250      1
      10       10       11       10     0.130403  0.1704  0.0984  0.0981  0.2250  0.0000  0.2250      1
      11       11       11       11     0.178004  0.1704  0.0984  0.0981  0.2250  0.0000  0.2250      1
      12       12       11       12     0.182379  0.1704  0.0984  0.0981  0.2250  0.0000  0.2250      1
      13       13       11       13     0.200714  0.1704  0.0984  0.0981  0.2250  0.0000  0.2250      1
      14       14       11       14     0.235790  0.1704  0.0984  0.0981  0.2250  0.0000  0.2250      1
      15       15       11       15     0.254560  0.1704  0.0984  0.0981  0.2250  0.0000  0.2250      1
      16       16       11       16     0.270828  0.1704  0.0984  0.0981  0.2250  0.0000  0.2250      1
      17       17       11       17     0.307274  0.1704  0.0984  0.0981  0.2250  0.0000  0.2250      1
      18       18       11       18     0.311750  0.1704  0.0984  0.0981  0.2250  0.0000  0.2250      1
      19       19       11       19     0.336739  0.1704  0.0984  0.0981  0.2250  0.0000  0.2250      1
      20       20       11       20     0.373727  0.1704  0.0984  0.0981  0.2250  0.0000  0.2250      1
      21       21       11       21     0.419101  0.1704  0.0984  0.0981  0.2250  0.0000  0.2250      1
      22       22       11       22     0.435034  0.1704  0.0984  0.0981  0.2250  0.0000  0.2250      1
      23       23       11       23     0.455335  0.1704  0.0984  0.0981  0.2250  0.0000  0.2250      1
      24       24       11       24     0.478950  0.1704  0.0984  0.0981  0.2250  0.0000  0.2250      1
      25       25       11       25     0.490234  0.1704  0.0984  0.0981  0.2250  0.0000  0.2250      1
      26       26       11       26     0.515132  0.1704  0.0984  0.0981  0.2250  0.0000  0.2250      1
      27       27       11       27     0.533725  0.1704  0.0984  0.0981  0.2250  0.0000  0.2250      1
      28       28       11       28     0.550264  0.1704  0.0984  0.0981  0.2250  0.0000  0.2250      1
      29       29       11       29     0.555436  0.1704  0.0984  0.0981  0.2250  0.0000  0.2250      1
      30       30       11       30     0.581571  0.1704  0.0984  0.0981  0.2250  0.0000  0.2250      1
      31       31       11       31     0.587388  0.1704  0.0984  0.0981  0.2250  0.0000  0.2250      1
      32       32       11       32     0.602274  0.1704  0.0984  0.0981  0.2250  0.0000  0.2250      1
      33       33       11       33     0.602488  0.1704  0.0984  0.0981  0.2250  0.0000  0.2250      1
      34       34       11       34     0.621291  0.1704  0.0984  0.0981  0.2250  0.0000  0.2250      1
      35       35       11       35     0.627772  0.1704  0.0984  0.0981  0.2250  0.0000  0.2250      1
      36       36       11       36     0.643805  0.1704  0.0984  0.0981  0.2250  0.0000  0.2250      1
      37       37       11       37     0.659433  0.1704  0.0984  0.0981  0.2250  0.0000  0.2250      1
      38       38       11       38     0.670229  0.1704  0.0984  0.0981  0.2250  0.0000  0.2250      1
      39       39       11       39     0.685960  0.1704  0.0984  0.0981  0.2250  0.0000  0.2250      1
      40       40       11       40     0.752322  0.1704  0.0984  0.0981  0.2250  0.0000  0.2250      1
      41       41       11       41     0.789725  0.1704  0.0984  0.0981  0.2250  0.0000  0.2250      1
      42       42       11       42     0.803884  0.1704  0.0984  0.0981  0.2250  0.0000  0.2250      1
      43       43       11       43     0.819907  0.1704  0.0984  0.0981  0.2250  0.0000  0.2250      1
      44       44       11       44     0.827706  0.1704  0.0984  0.0981  0.2250  0.0000  0.2250      1
      45       45       11       45     0.836269  0.1704  0.0984  0.0981  0.2250  0.0000  0.2250      1
      46       46       11       46     0.840514  0.1704  0.0984  0.0981  0.2250  0.0000  0.2250      1
      47       47       11       47     0.849632  0.1704  0.0984  0.0981  0.2250  0.0000  0.2250      1
      48       48       11       48     0.858005  0.1704  0.0984  0.0981  0.2250  0.0000  0.2250      1
      49       49       11       49     0.860017  0.1704  0.0984  0.0981  0.2250  0.0000  0.2250      1
      50       50       11       50     0.881746  0.1704  0.0984  0.0981  0.2250  0.0000  0.2250      1
      51       51       11       51     0.881930  0.1704  0.0984  0.0981  0.2250  0.0000  0.2250      1
      52       52       11       52     0.895302  0.1704  0.0984  0.0981  0.2250  0.0000  0.2250      1
      53       53       11       53     0.907560  0.1704  0.0984  0.0981  0.2250  0.0000  0.2250      1
      54       54       11       54     0.923224  0.1704  0.0984  0.0981  0.2250  0.0000  0.2250      1
      55       55       11       55     0.942321  0.1704  0.0984  0.0981  0.2250  0.0000  0.2250      1
      56       56       11       56     0.951981  0.1704  0.0984  0.0981  0.2250  0.0000  0.2250      1
      57       57       11       57     0.965357  0.1704  0.0984  0.0981  0.2250  0.0000  0.2250      1
      58       58       11       58     0.994559  0.1704  0.0984  0.0981  0.2250  0.0000  0.2250      1
      59       59       11       59     0.995984  0.1704  0.0984  0.0981  0.2250  0.0000  0.2250      1
      60       60       11       60     1.011785  0.1704  0.0984  0.0981  0.2250  0.0000  0.2250      1
      61       61       11       61     1.015648  0.1704  0.0984  0.0981  0.2250  0.0000  0.2250      1
      62       62       11       62     1.026119  0.1704  0.0984  0.0981  0.2250  0.0000  0.2250      1
      63       63       11       63     1.043678  0.1704  0.0984  0.0981  0.2250  0.0000  0.2250      1
      64       64       11       64     1.069195  0.1704  0.0984  0.0981  0.2250  0.0000  0.2250      1
      65       65       11       65     1.077180  0.1704  0.0984  0.0981  0.2250  0.0000  0.2250      1
      66       66       11       66     1.082546  0.1704  0.0984  0.0981  0.2250  0.0000  0.2250      1
      67       67       11       67     1.106712  0.1704  0.0984  0.0981  0.2250  0.0000  0.2250      1
      68       68       11       68     1.126190  0.1704  0.0984  0.0981  0.2250  0.0000  0.2250      1
      69       69       11       69     1.131360  0.1704  0.0984  0.0981  0.2250  0.0000  0.2250      1
      70       70       11       70     1.140132  0.1704  0.0984  0.0981  0.2250  0.0000  0.2250      1
      71       71       11       71     1.140529  0.1704  0.0984  0.0981  0.2250  0.0000  0.2250      1
      72       72       11       72     1.159483  0.1704  0.0984  0.0981  0.2250  0.0000  0.2250      1
      73       73       11       73     1.167199  0.1704  0.0984  0.0981  0.2250  0.0000  0.2250      1
      74       74       11       74     1.171173  0.1704  0.0984  0.0981  0.2250  0.0000  0.2250      1
      75       75       11       75     1.183006  0.1704  0.0984  0.0981  0.2250  0.0000  0.2250      1
      76       76       11       76     1.201499  0.1704  0.0984  0.0981  0.2250  0.0000  0.2250      1
      77       77       11       77     1.213821  0.1704  0.0984  0.0981  0.2250  0.0000  0.2250      1
      78       78       11       78     1.217370  0.1704  0.0984  0.0981  0.2250  0.0000  0.2250      1
      79       79       11       79     1.227074  0.1704  0.0984  0.0981  0.2250  0.0000  0.2250      1
      80       80       11       80     1.229125  0.1704  0.0984  0.0981  0.2250  0.0000  0.2250      1
      81       81       11       81     1.235374  0.1704  0.0984  0.0981  0.2250  0.0000  0.2250      1
      82       82       11       82     1.250115  0.1704  0.0984  0.0981  0.2250  0.0000  0.2250      1
      83       83       11       83     1.256289  0.1704  0.0984  0.0981  0.2250  0.0000  0.2250      1
      84       84       11       84     1.266214  0.1704  0.0984  0.0981  0.2250  0.0000  0.2250      1
      85       85       11       85     1.272135  0.1704  0.0984  0.0981  0.2250  0.0000  0.2250      1
      86       86       11       86     1.288260  0.1704  0.0984  0.0981  0.2250  0.0000  0.2250      1
      87       87       11       87     1.288676  0.1704  0.0984  0.0981  0.2250  0.0000  0.2250      1
      88       88       11       88     1.295781  0.1704  0.0984  0.0981  0.2250  0.0000  0.2250      1
      89       89       11       89     1.300202  0.1704  0.0984  0.0981  0.2250  0.0000  0.2250      1
      90       90       11       90     1.321158  0.1704  0.0984  0.0981  0.2250  0.0000  0.2250      1
      91       91       11       91     1.326074  0.1704  0.0984  0.0981  0.2250  0.0000  0.2250      1
      92       92       11       92     1.329171  0.1704  0.0984  0.0981  0.2250  0.0000  0.2250      1
      93       93       11       93     1.338870  0.1704  0.0984  0.0981  0.2250  0.0000  0.2250      1
      94       94       11       94     1.346044  0.1704  0.0984  0.0981  0.2250  0.0000  0.2250      1
      95       95       11       95     1.353315  0.1704  0.0984  0.0981  0.2250  0.0000  0.2250      1
      96       96       11       96     1.362750  0.1704  0.0984  0.0981  0.2250  0.0000  0.2250      1
      97       97       11       97     1.380887  0.1704  0.0984  0.0981  0.2250  0.0000  0.2250      1
      98       98       11       98     1.382600  0.1704  0.0984  0.0981  0.2250  0.0000  0.2250      1
      99       99       11       99     1.393473  0.1704  0.0984  0.0981  0.2250  0.0000  0.2250      1
