#   index    LocalEnergy         LocalEnergy_sq      LocalPotential      Kinetic             LocalECP            NonLocalECP         ElecElec            IonIon              BlockWeight         BlockCPU            AcceptRatio         
         0   -3.5327023188e+01    1.2488501407e+03   -4.7935017348e+01    1.2607994160e+01   -9.0772121319e+00    3.7455029329e+00   -6.1852086753e+00   -3.6418099474e+01    1.0246824553e+04    2.4947301300e-01    9.9711818575e-01
         1   -3.5362851444e+01    1.2514090434e+03   -4.7997837618e+01    1.2634986175e+01   -9.1189129831e+00    3.7493004143e+00   -6.2101255755e+00   -3.6418099474e+01    1.0226957077e+04    2.5105031100e-01    9.9728473581e-01
         2   -3.5411577129e+01    1.2547852942e+03   -4.7872913678e+01    1.2461336549e+01   -9.1105709743e+00    3.8833150896e+00   -6.2275583187e+00   -3.6418099474e+01    1.0231310097e+04    2.5676073000e-01    9.9737014892e-01
         3   -3.5438123667e+01    1.2566536560e+03   -4.7893331944e+01    1.2455208277e+01   -8.9963256881e+00    3.7469189166e+00   -6.2258256988e+00   -3.6418099474e+01    1.0244637703e+04    2.4879188900e-01    9.9725757217e-01
         4   -3.5472348522e+01    1.2590774449e+03   -4.7982829762e+01    1.2510481240e+01   -9.0058204805e+00    3.6981742663e+00   -6.2570840738e+00   -3.6418099474e+01    1.0296870445e+04    2.6352679400e-01    9.9725755388e-01
         5   -3.5490527284e+01    1.2603611296e+03   -4.7924101900e+01    1.2433574615e+01   -9.0879038001e+00    3.8243352161e+00   -6.2424338414e+00   -3.6418099474e+01    1.0292654259e+04    2.6576372100e-01    9.9720976720e-01
         6   -3.5517892084e+01    1.2622941209e+03   -4.8015697058e+01    1.2497804974e+01   -9.0879306796e+00    3.7581058324e+00   -6.2677727367e+00   -3.6418099474e+01    1.0262436126e+04    2.5367497700e-01    9.9741639856e-01
         7   -3.5507184349e+01    1.2615243639e+03   -4.8022893344e+01    1.2515708994e+01   -9.1879425710e+00    3.8494852461e+00   -6.2663365446e+00   -3.6418099474e+01    1.0222245573e+04    2.4339392800e-01    9.9709574602e-01
         8   -3.5530317762e+01    1.2631664675e+03   -4.8054887414e+01    1.2524569652e+01   -9.2009192151e+00    3.8364722328e+00   -6.2723409574e+00   -3.6418099474e+01    1.0309305725e+04    2.9304699500e-01    9.9730713246e-01
         9   -3.5548595888e+01    1.2644131212e+03   -4.8088879116e+01    1.2540283227e+01   -9.1688398464e+00    3.7817272272e+00   -6.2836670223e+00   -3.6418099474e+01    1.0375208696e+04    2.7053089900e-01    9.9733753083e-01
        10   -3.5544164543e+01    1.2641170627e+03   -4.8049816200e+01    1.2505651657e+01   -9.1632436413e+00    3.8059294899e+00   -6.2744025745e+00   -3.6418099474e+01    1.0472587229e+04    2.7000207900e-01    9.9721653704e-01
        11   -3.5544851948e+01    1.2641117542e+03   -4.8105111588e+01    1.2560259640e+01   -9.1044670358e+00    3.7059040937e+00   -6.2884491721e+00   -3.6418099474e+01    1.0489944655e+04    2.6712447900e-01    9.9742952472e-01
        12   -3.5558565971e+01    1.2650972886e+03   -4.7987050567e+01    1.2428484596e+01   -9.1357432233e+00    3.8615000146e+00   -6.2947078841e+00   -3.6418099474e+01    1.0417672125e+04    2.6753291100e-01    9.9743820132e-01
        13   -3.5581920703e+01    1.2667566471e+03   -4.8055891541e+01    1.2473970838e+01   -9.1174914730e+00    3.7985195879e+00   -6.3188201819e+00   -3.6418099474e+01    1.0384369181e+04    2.6721599200e-01    9.9736342108e-01
        14   -3.5573724097e+01    1.2661894417e+03   -4.8111932439e+01    1.2538208342e+01   -9.0459590546e+00    3.6671425849e+00   -6.3150164948e+00   -3.6418099474e+01    1.0449315454e+04    3.0401974000e-01    9.9732587405e-01
        15   -3.5576503480e+01    1.2663820977e+03   -4.7980734006e+01    1.2404230527e+01   -9.1416665839e+00    3.8910665116e+00   -6.3120344600e+00   -3.6418099474e+01    1.0491910202e+04    3.0045869800e-01    9.9726243820e-01
        16   -3.5586605878e+01    1.2670895079e+03   -4.8009657977e+01    1.2423052099e+01   -9.1246558047e+00    3.8569713286e+00   -6.3238740265e+00   -3.6418099474e+01    1.0498381486e+04    3.1213380000e-01    9.9728390355e-01
        17   -3.5568077842e+01    1.2657787661e+03   -4.8042943017e+01    1.2474865175e+01   -9.0944765642e+00    3.7872432688e+00   -6.3176102472e+00   -3.6418099474e+01    1.0471736267e+04    2.6659350000e-01    9.9728160771e-01
        18   -3.5549455198e+01    1.2644425026e+03   -4.8125223530e+01    1.2575768332e+01   -9.1347062386e+00    3.7334421004e+00   -6.3058599171e+00   -3.6418099474e+01    1.0443529059e+04    2.6818234000e-01    9.9727168294e-01
        19   -3.5555549395e+01    1.2648762764e+03   -4.8058243477e+01    1.2502694082e+01   -9.1578993913e+00    3.8140732875e+00   -6.2963178994e+00   -3.6418099474e+01    1.0423915691e+04    2.6900929500e-01    9.9733838481e-01
        20   -3.5588700183e+01    1.2672783831e+03   -4.8068499313e+01    1.2479799130e+01   -9.1578186018e+00    3.8160787577e+00   -6.3086599945e+00   -3.6418099474e+01    1.0404944119e+04    2.9969376400e-01    9.9729395604e-01
        21   -3.5606420759e+01    1.2685145596e+03   -4.8176816097e+01    1.2570395338e+01   -9.0838347526e+00    3.6572159041e+00   -6.3320977740e+00   -3.6418099474e+01    1.0366578761e+04    2.7797905200e-01    9.9711030497e-01
        22   -3.5600471209e+01    1.2681332126e+03   -4.8161638586e+01    1.2561167377e+01   -9.0882092714e+00    3.6838493734e+00   -6.3391792135e+00   -3.6418099474e+01    1.0463940793e+04    2.9277888200e-01    9.9724381481e-01
        23   -3.5593179176e+01    1.2675764581e+03   -4.8146798589e+01    1.2553619413e+01   -9.0308232294e+00    3.6377829774e+00   -6.3356588627e+00   -3.6418099474e+01    1.0479957569e+04    2.6850727800e-01    9.9731384393e-01
        24   -3.5601051977e+01    1.2681191003e+03   -4.8083765812e+01    1.2482713835e+01   -8.9788557594e+00    3.6497405214e+00   -6.3365510999e+00   -3.6418099474e+01    1.0518454350e+04    2.6844037300e-01    9.9746596375e-01
        25   -3.5614490265e+01    1.2690568157e+03   -4.8122355741e+01    1.2507865477e+01   -8.9976798692e+00    3.6148561473e+00   -6.3214325453e+00   -3.6418099474e+01    1.0587894149e+04    2.6886299000e-01    9.9750610818e-01
        26   -3.5587279991e+01    1.2671126492e+03   -4.8170519938e+01    1.2583239947e+01   -9.1166296994e+00    3.6989159957e+00   -6.3347067604e+00   -3.6418099474e+01    1.0610993964e+04    2.6776129200e-01    9.9743215228e-01
        27   -3.5598989874e+01    1.2679781367e+03   -4.8189140175e+01    1.2590150301e+01   -9.1415245619e+00    3.6944648999e+00   -6.3239810387e+00   -3.6418099474e+01    1.0598437458e+04    2.6844153100e-01    9.9736473189e-01
        28   -3.5602279286e+01    1.2682023879e+03   -4.8141417706e+01    1.2539138420e+01   -9.1514108637e+00    3.7637122031e+00   -6.3356195712e+00   -3.6418099474e+01    1.0565232456e+04    2.6713854000e-01    9.9738667712e-01
        29   -3.5600380028e+01    1.2680634267e+03   -4.8101526051e+01    1.2501146023e+01   -9.1848402289e+00    3.8806143192e+00   -6.3792006675e+00   -3.6418099474e+01    1.0522861558e+04    2.6790988400e-01    9.9716553288e-01
        30   -3.5621721782e+01    1.2695961667e+03   -4.8041363169e+01    1.2419641387e+01   -9.1038755857e+00    3.8383849480e+00   -6.3577730573e+00   -3.6418099474e+01    1.0525721104e+04    3.0874315800e-01    9.9727729495e-01
        31   -3.5622956431e+01    1.2696792675e+03   -4.8024034797e+01    1.2401078366e+01   -9.0977714363e+00    3.8632480072e+00   -6.3714118939e+00   -3.6418099474e+01    1.0573004890e+04    3.1285036700e-01    9.9736400995e-01
        32   -3.5614477486e+01    1.2690790246e+03   -4.8083201743e+01    1.2468724257e+01   -9.0952568105e+00    3.7968188963e+00   -6.3666643550e+00   -3.6418099474e+01    1.0598225336e+04    2.8811758400e-01    9.9707436769e-01
        33   -3.5608177549e+01    1.2686070615e+03   -4.8110792567e+01    1.2502615019e+01   -9.1205342141e+00    3.7834875002e+00   -6.3556463791e+00   -3.6418099474e+01    1.0567832366e+04    2.6990412700e-01    9.9732320296e-01
        34   -3.5592279055e+01    1.2675006901e+03   -4.8040475397e+01    1.2448196342e+01   -9.1094255117e+00    3.8335486219e+00   -6.3464990327e+00   -3.6418099474e+01    1.0517785616e+04    2.6937465300e-01    9.9724308394e-01
        35   -3.5609952662e+01    1.2687386469e+03   -4.8087382368e+01    1.2477429706e+01   -9.0364460806e+00    3.7335551886e+00   -6.3663920015e+00   -3.6418099474e+01    1.0514723903e+04    2.6932978600e-01    9.9720753897e-01
        36   -3.5599385837e+01    1.2679929537e+03   -4.8154317442e+01    1.2554931605e+01   -8.9918736039e+00    3.6243269921e+00   -6.3686713557e+00   -3.6418099474e+01    1.0440436177e+04    2.7806714600e-01    9.9723932677e-01
        37   -3.5626241920e+01    1.2699222525e+03   -4.8127906855e+01    1.2501664935e+01   -9.0256526872e+00    3.6804112123e+00   -6.3645659055e+00   -3.6418099474e+01    1.0406244684e+04    2.8306067400e-01    9.9736925254e-01
        38   -3.5636310594e+01    1.2706885088e+03   -4.8070330647e+01    1.2434020053e+01   -9.0548879861e+00    3.7594913727e+00   -6.3568345594e+00   -3.6418099474e+01    1.0436768425e+04    2.6888338400e-01    9.9714025426e-01
        39   -3.5621329598e+01    1.2696542153e+03   -4.8100808917e+01    1.2479479319e+01   -9.1182805106e+00    3.7810029578e+00   -6.3454318901e+00   -3.6418099474e+01    1.0563998091e+04    2.8185167500e-01    9.9730841020e-01
