#  Band    State   TwistIndex BandIndex Energy      Kx      Ky      Kz      K1      K2      K3    KmK 
       0        0       15        0    -0.237805  0.2990  0.1726  0.0430  0.3947 -0.0000 -0.0000      1
       1        1       15        1    -0.226464  0.2990  0.1726  0.0430  0.3947 -0.0000 -0.0000      1
       2        2       15        2    -0.190834  0.2990  0.1726  0.0430  0.3947 -0.0000 -0.0000      1
       3        3       15        3    -0.174871  0.2990  0.1726  0.0430  0.3947 -0.0000 -0.0000      1
       4        4       15        4    -0.149046  0.2990  0.1726  0.0430  0.3947 -0.0000 -0.0000      1
       5        5       15        5     0.026719  0.2990  0.1726  0.0430  0.3947 -0.0000 -0.0000      1
       6        6       15        6     0.078897  0.2990  0.1726  0.0430  0.3947 -0.0000 -0.0000      1
       7        7       15        7     0.084048  0.2990  0.1726  0.0430  0.3947 -0.0000 -0.0000      1
       8        8       15        8     0.097134  0.2990  0.1726  0.0430  0.3947 -0.0000 -0.0000      1
       9        9       15        9     0.104569  0.2990  0.1726  0.0430  0.3947 -0.0000 -0.0000      1
      10       10       15       10     0.107041  0.2990  0.1726  0.0430  0.3947 -0.0000 -0.0000      1
      11       11       15       11     0.141967  0.2990  0.1726  0.0430  0.3947 -0.0000 -0.0000      1
      12       12       15       12     0.177043  0.2990  0.1726  0.0430  0.3947 -0.0000 -0.0000      1
      13       13       15       13     0.191019  0.2990  0.1726  0.0430  0.3947 -0.0000 -0.0000      1
      14       14       15       14     0.236815  0.2990  0.1726  0.0430  0.3947 -0.0000 -0.0000      1
      15       15       15       15     0.255989  0.2990  0.1726  0.0430  0.3947 -0.0000 -0.0000      1
      16       16       15       16     0.295231  0.2990  0.1726  0.0430  0.3947 -0.0000 -0.0000      1
      17       17       15       17     0.318217  0.2990  0.1726  0.0430  0.3947 -0.0000 -0.0000      1
      18       18       15       18     0.338651  0.2990  0.1726  0.0430  0.3947 -0.0000 -0.0000      1
      19       19       15       19     0.352646  0.2990  0.1726  0.0430  0.3947 -0.0000 -0.0000      1
      20       20       15       20     0.359814  0.2990  0.1726  0.0430  0.3947 -0.0000 -0.0000      1
      21       21       15       21     0.404527  0.2990  0.1726  0.0430  0.3947 -0.0000 -0.0000      1
      22       22       15       22     0.486185  0.2990  0.1726  0.0430  0.3947 -0.0000 -0.0000      1
      23       23       15       23     0.530889  0.2990  0.1726  0.0430  0.3947 -0.0000 -0.0000      1
      24       24       15       24     0.533153  0.2990  0.1726  0.0430  0.3947 -0.0000 -0.0000      1
      25       25       15       25     0.542738  0.2990  0.1726  0.0430  0.3947 -0.0000 -0.0000      1
      26       26       15       26     0.552498  0.2990  0.1726  0.0430  0.3947 -0.0000 -0.0000      1
      27       27       15       27     0.563274  0.2990  0.1726  0.0430  0.3947 -0.0000 -0.0000      1
      28       28       15       28     0.577901  0.2990  0.1726  0.0430  0.3947 -0.0000 -0.0000      1
      29       29       15       29     0.584796  0.2990  0.1726  0.0430  0.3947 -0.0000 -0.0000      1
      30       30       15       30     0.599470  0.2990  0.1726  0.0430  0.3947 -0.0000 -0.0000      1
      31       31       15       31     0.609314  0.2990  0.1726  0.0430  0.3947 -0.0000 -0.0000      1
      32       32       15       32     0.616051  0.2990  0.1726  0.0430  0.3947 -0.0000 -0.0000      1
      33       33       15       33     0.652052  0.2990  0.1726  0.0430  0.3947 -0.0000 -0.0000      1
      34       34       15       34     0.652866  0.2990  0.1726  0.0430  0.3947 -0.0000 -0.0000      1
      35       35       15       35     0.700077  0.2990  0.1726  0.0430  0.3947 -0.0000 -0.0000      1
      36       36       15       36     0.700640  0.2990  0.1726  0.0430  0.3947 -0.0000 -0.0000      1
      37       37       15       37     0.712757  0.2990  0.1726  0.0430  0.3947 -0.0000 -0.0000      1
      38       38       15       38     0.724485  0.2990  0.1726  0.0430  0.3947 -0.0000 -0.0000      1
      39       39       15       39     0.739027  0.2990  0.1726  0.0430  0.3947 -0.0000 -0.0000      1
      40       40       15       40     0.739046  0.2990  0.1726  0.0430  0.3947 -0.0000 -0.0000      1
      41       41       15       41     0.750025  0.2990  0.1726  0.0430  0.3947 -0.0000 -0.0000      1
      42       42       15       42     0.756473  0.2990  0.1726  0.0430  0.3947 -0.0000 -0.0000      1
      43       43       15       43     0.772761  0.2990  0.1726  0.0430  0.3947 -0.0000 -0.0000      1
      44       44       15       44     0.791172  0.2990  0.1726  0.0430  0.3947 -0.0000 -0.0000      1
      45       45       15       45     0.794653  0.2990  0.1726  0.0430  0.3947 -0.0000 -0.0000      1
      46       46       15       46     0.809718  0.2990  0.1726  0.0430  0.3947 -0.0000 -0.0000      1
      47       47       15       47     0.811011  0.2990  0.1726  0.0430  0.3947 -0.0000 -0.0000      1
      48       48       15       48     0.839763  0.2990  0.1726  0.0430  0.3947 -0.0000 -0.0000      1
      49       49       15       49     0.849346  0.2990  0.1726  0.0430  0.3947 -0.0000 -0.0000      1
      50       50       15       50     0.861482  0.2990  0.1726  0.0430  0.3947 -0.0000 -0.0000      1
      51       51       15       51     0.871814  0.2990  0.1726  0.0430  0.3947 -0.0000 -0.0000      1
      52       52       15       52     0.885923  0.2990  0.1726  0.0430  0.3947 -0.0000 -0.0000      1
      53       53       15       53     0.897681  0.2990  0.1726  0.0430  0.3947 -0.0000 -0.0000      1
      54       54       15       54     0.906536  0.2990  0.1726  0.0430  0.3947 -0.0000 -0.0000      1
      55       55       15       55     0.908945  0.2990  0.1726  0.0430  0.3947 -0.0000 -0.0000      1
      56       56       15       56     0.920887  0.2990  0.1726  0.0430  0.3947 -0.0000 -0.0000      1
      57       57       15       57     0.938001  0.2990  0.1726  0.0430  0.3947 -0.0000 -0.0000      1
      58       58       15       58     0.944590  0.2990  0.1726  0.0430  0.3947 -0.0000 -0.0000      1
      59       59       15       59     0.958391  0.2990  0.1726  0.0430  0.3947 -0.0000 -0.0000      1
      60       60       15       60     0.985468  0.2990  0.1726  0.0430  0.3947 -0.0000 -0.0000      1
      61       61       15       61     0.996767  0.2990  0.1726  0.0430  0.3947 -0.0000 -0.0000      1
      62       62       15       62     0.999580  0.2990  0.1726  0.0430  0.3947 -0.0000 -0.0000      1
      63       63       15       63     1.007849  0.2990  0.1726  0.0430  0.3947 -0.0000 -0.0000      1
      64       64       15       64     1.020186  0.2990  0.1726  0.0430  0.3947 -0.0000 -0.0000      1
      65       65       15       65     1.029279  0.2990  0.1726  0.0430  0.3947 -0.0000 -0.0000      1
      66       66       15       66     1.050750  0.2990  0.1726  0.0430  0.3947 -0.0000 -0.0000      1
      67       67       15       67     1.053383  0.2990  0.1726  0.0430  0.3947 -0.0000 -0.0000      1
      68       68       15       68     1.075034  0.2990  0.1726  0.0430  0.3947 -0.0000 -0.0000      1
      69       69       15       69     1.083307  0.2990  0.1726  0.0430  0.3947 -0.0000 -0.0000      1
      70       70       15       70     1.099999  0.2990  0.1726  0.0430  0.3947 -0.0000 -0.0000      1
      71       71       15       71     1.119076  0.2990  0.1726  0.0430  0.3947 -0.0000 -0.0000      1
      72       72       15       72     1.137796  0.2990  0.1726  0.0430  0.3947 -0.0000 -0.0000      1
      73       73       15       73     1.138625  0.2990  0.1726  0.0430  0.3947 -0.0000 -0.0000      1
      74       74       15       74     1.154299  0.2990  0.1726  0.0430  0.3947 -0.0000 -0.0000      1
      75       75       15       75     1.154325  0.2990  0.1726  0.0430  0.3947 -0.0000 -0.0000      1
      76       76       15       76     1.170746  0.2990  0.1726  0.0430  0.3947 -0.0000 -0.0000      1
      77       77       15       77     1.189878  0.2990  0.1726  0.0430  0.3947 -0.0000 -0.0000      1
      78       78       15       78     1.202678  0.2990  0.1726  0.0430  0.3947 -0.0000 -0.0000      1
      79       79       15       79     1.211245  0.2990  0.1726  0.0430  0.3947 -0.0000 -0.0000      1
      80       80       15       80     1.224631  0.2990  0.1726  0.0430  0.3947 -0.0000 -0.0000      1
      81       81       15       81     1.228629  0.2990  0.1726  0.0430  0.3947 -0.0000 -0.0000      1
      82       82       15       82     1.233635  0.2990  0.1726  0.0430  0.3947 -0.0000 -0.0000      1
      83       83       15       83     1.235924  0.2990  0.1726  0.0430  0.3947 -0.0000 -0.0000      1
      84       84       15       84     1.245992  0.2990  0.1726  0.0430  0.3947 -0.0000 -0.0000      1
      85       85       15       85     1.263287  0.2990  0.1726  0.0430  0.3947 -0.0000 -0.0000      1
      86       86       15       86     1.266620  0.2990  0.1726  0.0430  0.3947 -0.0000 -0.0000      1
      87       87       15       87     1.276727  0.2990  0.1726  0.0430  0.3947 -0.0000 -0.0000      1
      88       88       15       88     1.284824  0.2990  0.1726  0.0430  0.3947 -0.0000 -0.0000      1
      89       89       15       89     1.285887  0.2990  0.1726  0.0430  0.3947 -0.0000 -0.0000      1
      90       90       15       90     1.296319  0.2990  0.1726  0.0430  0.3947 -0.0000 -0.0000      1
      91       91       15       91     1.307857  0.2990  0.1726  0.0430  0.3947 -0.0000 -0.0000      1
      92       92       15       92     1.314302  0.2990  0.1726  0.0430  0.3947 -0.0000 -0.0000      1
      93       93       15       93     1.323694  0.2990  0.1726  0.0430  0.3947 -0.0000 -0.0000      1
      94       94       15       94     1.328960  0.2990  0.1726  0.0430  0.3947 -0.0000 -0.0000      1
      95       95       15       95     1.343157  0.2990  0.1726  0.0430  0.3947 -0.0000 -0.0000      1
      96       96       15       96     1.358992  0.2990  0.1726  0.0430  0.3947 -0.0000 -0.0000      1
      97       97       15       97     1.368301  0.2990  0.1726  0.0430  0.3947 -0.0000 -0.0000      1
      98       98       15       98     1.369892  0.2990  0.1726  0.0430  0.3947 -0.0000 -0.0000      1
      99       99       15       99     1.376962  0.2990  0.1726  0.0430  0.3947 -0.0000 -0.0000      1
