#   index    LocalEnergy         LocalEnergy_sq      LocalPotential      Kinetic             LocalECP            NonLocalECP         ElecElec            IonIon              BlockWeight         BlockCPU            AcceptRatio         
         0   -3.6017516050e+01    1.2981411839e+03   -4.7949117669e+01    1.1931601619e+01   -8.5816424207e+00    3.5903753263e+00   -6.5397511005e+00   -3.6418099474e+01    2.0500647500e+04    2.0537647520e+00    9.9896427353e-01
         1   -3.5995377636e+01    1.2963804477e+03   -4.7830618619e+01    1.1835240983e+01   -8.6248670642e+00    3.7261033655e+00   -6.5137554456e+00   -3.6418099474e+01    2.0487296660e+04    2.0556950440e+00    9.9899312959e-01
         2   -3.6012821488e+01    1.2976101963e+03   -4.7809546075e+01    1.1796724587e+01   -8.6027974300e+00    3.7232422951e+00   -6.5118914659e+00   -3.6418099474e+01    2.0462874446e+04    2.0536733330e+00    9.9909234991e-01
         3   -3.6014174811e+01    1.2977213690e+03   -4.7885281702e+01    1.1871106891e+01   -8.5670149229e+00    3.6231604526e+00   -6.5233277575e+00   -3.6418099474e+01    2.0506738254e+04    2.0642751240e+00    9.9900556604e-01
         4   -3.6014437920e+01    1.2977542329e+03   -4.7843816338e+01    1.1829378417e+01   -8.5796820709e+00    3.6608691981e+00   -6.5069039906e+00   -3.6418099474e+01    2.0520978865e+04    2.0686903890e+00    9.9896795617e-01
         5   -3.6012261669e+01    1.2975676185e+03   -4.7842431468e+01    1.1830169799e+01   -8.5655699195e+00    3.6344344808e+00   -6.4931965548e+00   -3.6418099474e+01    2.0524415401e+04    2.0578111960e+00    9.9897859753e-01
         6   -3.6023431353e+01    1.2983867829e+03   -4.7830696233e+01    1.1807264880e+01   -8.5937819537e+00    3.6874392188e+00   -6.5062540238e+00   -3.6418099474e+01    2.0563943146e+04    2.0754973900e+00    9.9894401178e-01
         7   -3.6014386409e+01    1.2977543215e+03   -4.7869312504e+01    1.1854926095e+01   -8.5579144454e+00    3.6097948040e+00   -6.5030933889e+00   -3.6418099474e+01    2.0545030901e+04    2.0868463640e+00    9.9897790324e-01
         8   -3.6022128036e+01    1.2982898112e+03   -4.7855686802e+01    1.1833558767e+01   -8.5696534544e+00    3.6298133731e+00   -6.4977472471e+00   -3.6418099474e+01    2.0439628650e+04    2.0470704760e+00    9.9897250220e-01
         9   -3.6020601202e+01    1.2981820944e+03   -4.7847370932e+01    1.1826769730e+01   -8.6792297008e+00    3.7760168499e+00   -6.5260586073e+00   -3.6418099474e+01    2.0539466835e+04    2.0848040940e+00    9.9889408999e-01
        10   -3.6040047336e+01    1.2995998634e+03   -4.7772861261e+01    1.1732813924e+01   -8.6825792935e+00    3.8790121804e+00   -6.5511946735e+00   -3.6418099474e+01    2.0638939569e+04    2.0997889350e+00    9.9891659513e-01
        11   -3.6036483566e+01    1.2992931957e+03   -4.7861055931e+01    1.1824572365e+01   -8.6540821695e+00    3.7623576615e+00   -6.5512319485e+00   -3.6418099474e+01    2.0880595863e+04    2.0899783080e+00    9.9901311514e-01
        12   -3.6015571148e+01    1.2978057570e+03   -4.7818017987e+01    1.1802446838e+01   -8.5837680312e+00    3.7093631551e+00   -6.5255136363e+00   -3.6418099474e+01    2.0988838417e+04    2.0938605980e+00    9.9898955534e-01
        13   -3.6017367538e+01    1.2979407734e+03   -4.7881657765e+01    1.1864290226e+01   -8.4450782811e+00    3.5345026111e+00   -6.5529826204e+00   -3.6418099474e+01    2.1005172654e+04    2.0937646970e+00    9.9893933110e-01
        14   -3.6005630724e+01    1.2970913162e+03   -4.7978131598e+01    1.1972500874e+01   -8.5038721544e+00    3.4934620199e+00   -6.5496219896e+00   -3.6418099474e+01    2.1010644519e+04    2.1083542810e+00    9.9899750566e-01
        15   -3.6014998116e+01    1.2977454690e+03   -4.7917809324e+01    1.1902811208e+01   -8.5752993875e+00    3.6314657059e+00   -6.5558761685e+00   -3.6418099474e+01    2.1006608265e+04    2.0996398620e+00    9.9896832573e-01
        16   -3.6056298868e+01    1.3008031257e+03   -4.7922854329e+01    1.1866555461e+01   -8.6117417020e+00    3.6595577657e+00   -6.5525709189e+00   -3.6418099474e+01    2.0990588868e+04    2.0981373350e+00    9.9893651777e-01
        17   -3.6036345720e+01    1.2992560821e+03   -4.7813398207e+01    1.1777052487e+01   -8.6369461879e+00    3.7968321609e+00   -6.5551847059e+00   -3.6418099474e+01    2.0815424740e+04    2.0925183210e+00    9.9899116065e-01
        18   -3.6025465836e+01    1.2985046705e+03   -4.7792983057e+01    1.1767517222e+01   -8.5947763924e+00    3.7493471167e+00   -6.5294543074e+00   -3.6418099474e+01    2.0668752826e+04    2.0850614180e+00    9.9898057917e-01
        19   -3.6023597601e+01    1.2983990550e+03   -4.7838139240e+01    1.1814541638e+01   -8.6527058604e+00    3.7613732690e+00   -6.5287071743e+00   -3.6418099474e+01    2.0560436697e+04    2.0877299900e+00    9.9901338873e-01
        20   -3.6015158261e+01    1.2977558023e+03   -4.7787781196e+01    1.1772622935e+01   -8.5989341449e+00    3.7851332742e+00   -6.5558808513e+00   -3.6418099474e+01    2.0511024062e+04    2.0853111360e+00    9.9891183988e-01
        21   -3.5998195186e+01    1.2965395437e+03   -4.7688136279e+01    1.1689941093e+01   -8.5126470276e+00    3.8054637249e+00   -6.5628535019e+00   -3.6418099474e+01    2.0527020142e+04    2.0809112000e+00    9.9892850185e-01
        22   -3.6012683816e+01    1.2975926431e+03   -4.7753027183e+01    1.1740343368e+01   -8.4562158540e+00    3.6690167748e+00   -6.5477286300e+00   -3.6418099474e+01    2.0514981084e+04    2.0774158370e+00    9.9890682988e-01
        23   -3.6020737843e+01    1.2982022081e+03   -4.7806787544e+01    1.1786049701e+01   -8.4732945616e+00    3.6246989095e+00   -6.5400924182e+00   -3.6418099474e+01    2.0527318095e+04    2.0916859830e+00    9.9890915544e-01
        24   -3.6032342836e+01    1.2990256904e+03   -4.7898622353e+01    1.1866279517e+01   -8.4652361892e+00    3.5511260424e+00   -6.5664127321e+00   -3.6418099474e+01    2.0472151213e+04    2.0415728990e+00    9.9898981087e-01
        25   -3.6035489214e+01    1.2992258936e+03   -4.7803099841e+01    1.1767610627e+01   -8.4781721798e+00    3.6506941491e+00   -6.5575223362e+00   -3.6418099474e+01    2.0495703030e+04    2.0690887670e+00    9.9894214749e-01
        26   -3.6035661889e+01    1.2992209488e+03   -4.7906329709e+01    1.1870667820e+01   -8.4296703719e+00    3.5212224657e+00   -6.5797823288e+00   -3.6418099474e+01    2.0388847455e+04    2.0309803230e+00    9.9898209468e-01
        27   -3.6039152355e+01    1.2995252708e+03   -4.7849530450e+01    1.1810378096e+01   -8.4865090350e+00    3.6399177556e+00   -6.5848396968e+00   -3.6418099474e+01    2.0340353797e+04    2.0281532790e+00    9.9899720411e-01
        28   -3.6051867777e+01    1.3004608359e+03   -4.7789834281e+01    1.1737966504e+01   -8.4875244539e+00    3.6913785344e+00   -6.5755888874e+00   -3.6418099474e+01    2.0421636122e+04    2.0402000360e+00    9.9895559987e-01
        29   -3.6023996168e+01    1.2984087635e+03   -4.7811499992e+01    1.1787503825e+01   -8.5122969369e+00    3.6963861470e+00   -6.5774897283e+00   -3.6418099474e+01    2.0563682074e+04    2.0923405360e+00    9.9898574485e-01
        30   -3.6014706899e+01    1.2977555321e+03   -4.7741539013e+01    1.1726832114e+01   -8.5769720869e+00    3.8364982711e+00   -6.5829657234e+00   -3.6418099474e+01    2.0687971060e+04    2.0977672540e+00    9.9890917125e-01
        31   -3.6042480862e+01    1.2997234325e+03   -4.7867128808e+01    1.1824647946e+01   -8.5831250359e+00    3.7059476088e+00   -6.5718519066e+00   -3.6418099474e+01    2.0799635305e+04    2.0947234820e+00    9.9891821722e-01
        32   -3.6013630463e+01    1.2976276313e+03   -4.7896857473e+01    1.1883227010e+01   -8.5700890933e+00    3.6778049440e+00   -6.5864738494e+00   -3.6418099474e+01    2.0624412115e+04    2.1094692760e+00    9.9900274246e-01
        33   -3.6010864944e+01    1.2974487746e+03   -4.7805281479e+01    1.1794416535e+01   -8.5377301994e+00    3.7141839343e+00   -6.5636357397e+00   -3.6418099474e+01    2.0529684852e+04    2.0893887290e+00    9.9902943693e-01
        34   -3.6028896352e+01    1.2987691225e+03   -4.7887035138e+01    1.1858138786e+01   -8.4845107973e+00    3.5943335781e+00   -6.5787584446e+00   -3.6418099474e+01    2.0375038539e+04    2.0442637730e+00    9.9907089916e-01
        35   -3.6030399139e+01    1.2988905086e+03   -4.7841947838e+01    1.1811548699e+01   -8.5471639281e+00    3.6761754569e+00   -6.5528598929e+00   -3.6418099474e+01    2.0430888212e+04    2.0422036110e+00    9.9893533702e-01
        36   -3.6025958621e+01    1.2985652402e+03   -4.7796595455e+01    1.1770636835e+01   -8.5108162390e+00    3.6592857863e+00   -6.5269655285e+00   -3.6418099474e+01    2.0420877273e+04    2.0566928760e+00    9.9897684343e-01
        37   -3.6045693872e+01    1.3000110038e+03   -4.7794007671e+01    1.1748313800e+01   -8.4936388598e+00    3.6485653713e+00   -6.5308347088e+00   -3.6418099474e+01    2.0488337708e+04    2.0812947210e+00    9.9900793651e-01
        38   -3.6051312099e+01    1.3004180299e+03   -4.7709653728e+01    1.1658341629e+01   -8.5685683086e+00    3.7928124709e+00   -6.5157984163e+00   -3.6418099474e+01    2.0601368846e+04    2.1034844280e+00    9.9895269075e-01
        39   -3.6037754880e+01    1.2994248319e+03   -4.7789035644e+01    1.1751280764e+01   -8.5773863289e+00    3.7135717860e+00   -6.5071216269e+00   -3.6418099474e+01    2.0602546585e+04    2.1099831690e+00    9.9901877163e-01
        40   -3.6039625990e+01    1.2995612317e+03   -4.7745835192e+01    1.1706209202e+01   -8.5572637990e+00    3.7445411024e+00   -6.5150130210e+00   -3.6418099474e+01    2.0574701509e+04    2.1077599980e+00    9.9896014888e-01
        41   -3.6036884595e+01    1.2993791812e+03   -4.7796124995e+01    1.1759240400e+01   -8.5279471169e+00    3.6791613519e+00   -6.5292397556e+00   -3.6418099474e+01    2.0567233093e+04    2.0978920390e+00    9.9899105319e-01
        42   -3.6016466657e+01    1.2978707782e+03   -4.7817690341e+01    1.1801223685e+01   -8.5280490333e+00    3.6505426820e+00   -6.5220845157e+00   -3.6418099474e+01    2.0535846268e+04    2.0933039010e+00    9.9897228830e-01
        43   -3.6011246421e+01    1.2974758031e+03   -4.7759889308e+01    1.1748642887e+01   -8.6139388613e+00    3.7923536595e+00   -6.5202046323e+00   -3.6418099474e+01    2.0479576224e+04    2.0699534730e+00    9.9893988743e-01
        44   -3.6018125094e+01    1.2979862544e+03   -4.7819961867e+01    1.1801836773e+01   -8.5633230006e+00    3.6718084049e+00   -6.5103477975e+00   -3.6418099474e+01    2.0367400323e+04    2.0391953190e+00    9.9898299854e-01
        45   -3.6011362411e+01    1.2974963505e+03   -4.7854892654e+01    1.1843530242e+01   -8.5326142655e+00    3.6214659495e+00   -6.5256448633e+00   -3.6418099474e+01    2.0219690771e+04    2.0329518680e+00    9.9891726720e-01
        46   -3.6030271137e+01    1.2989185184e+03   -4.7709191579e+01    1.1678920442e+01   -8.6001095734e+00    3.8283428520e+00   -6.5193253835e+00   -3.6418099474e+01    2.0316815815e+04    2.0325377350e+00    9.9888535704e-01
        47   -3.6011806339e+01    1.2975707834e+03   -4.7644171546e+01    1.1632365207e+01   -8.6323442666e+00    3.9319253399e+00   -6.5256531450e+00   -3.6418099474e+01    2.0369302696e+04    2.0404558420e+00    9.9887620357e-01
        48   -3.6016657481e+01    1.2979066508e+03   -4.7638164920e+01    1.1621507439e+01   -8.6235109875e+00    3.9080752668e+00   -6.5046297250e+00   -3.6418099474e+01    2.0336092515e+04    2.0419411150e+00    9.9892344330e-01
        49   -3.5992959007e+01    1.2961852624e+03   -4.7815945665e+01    1.1822986658e+01   -8.5686418964e+00    3.6875651001e+00   -6.5167693946e+00   -3.6418099474e+01    2.0307337030e+04    2.0303433640e+00    9.9897316154e-01
        50   -3.5986566992e+01    1.2956978266e+03   -4.7775227912e+01    1.1788660919e+01   -8.5422699634e+00    3.7051463867e+00   -6.5200048610e+00   -3.6418099474e+01    2.0336017807e+04    2.0290209910e+00    9.9885704454e-01
        51   -3.5999339628e+01    1.2966348376e+03   -4.7769127365e+01    1.1769787737e+01   -8.5677311235e+00    3.7234621737e+00   -6.5067589413e+00   -3.6418099474e+01    2.0355226615e+04    2.0377598770e+00    9.9893693909e-01
        52   -3.6004483186e+01    1.2969989343e+03   -4.7745418077e+01    1.1740934892e+01   -8.5351636208e+00    3.7358604246e+00   -6.5280154070e+00   -3.6418099474e+01    2.0202843930e+04    2.1285862190e+00    9.9891464208e-01
        53   -3.5999588334e+01    1.2966416857e+03   -4.7726971086e+01    1.1727382752e+01   -8.5676333981e+00    3.7691403887e+00   -6.5103786024e+00   -3.6418099474e+01    2.0118804425e+04    2.0453242330e+00    9.9897401306e-01
        54   -3.6020682834e+01    1.2981748478e+03   -4.7783355498e+01    1.1762672664e+01   -8.5355256214e+00    3.6823428223e+00   -6.5120732248e+00   -3.6418099474e+01    2.0133171506e+04    2.0252989800e+00    9.9890532964e-01
        55   -3.6033337064e+01    1.2990934150e+03   -4.7754397673e+01    1.1721060609e+01   -8.5345677554e+00    3.7207468914e+00   -6.5224773349e+00   -3.6418099474e+01    2.0338896532e+04    2.0396038690e+00    9.9890933998e-01
        56   -3.6029759729e+01    1.2988520248e+03   -4.7759592799e+01    1.1729833070e+01   -8.5612499926e+00    3.7364981824e+00   -6.5167415148e+00   -3.6418099474e+01    2.0501348713e+04    2.0644456920e+00    9.9895644599e-01
        57   -3.6036647753e+01    1.2993837954e+03   -4.7840194185e+01    1.1803546431e+01   -8.4872054052e+00    3.6071768750e+00   -6.5420661801e+00   -3.6418099474e+01    2.0626557656e+04    2.0672876340e+00    9.9899393939e-01
        58   -3.6031288658e+01    1.2990006107e+03   -4.7870192288e+01    1.1838903631e+01   -8.4707648303e+00    3.5484718135e+00   -6.5297997973e+00   -3.6418099474e+01    2.0725310936e+04    2.0798121550e+00    9.9896782509e-01
        59   -3.6048329834e+01    1.3001828767e+03   -4.7943707783e+01    1.1895377949e+01   -8.5317920333e+00    3.5433690441e+00   -6.5371853193e+00   -3.6418099474e+01    2.0757528126e+04    2.0759280950e+00    9.9895205974e-01
        60   -3.6031306630e+01    1.2989591741e+03   -4.7834523911e+01    1.1803217281e+01   -8.5865212816e+00    3.7050947750e+00   -6.5349979298e+00   -3.6418099474e+01    2.0822350313e+04    2.0816496510e+00    9.9901898908e-01
        61   -3.6036492493e+01    1.2993172358e+03   -4.7870114524e+01    1.1833622031e+01   -8.6195731066e+00    3.6843279587e+00   -6.5167699019e+00   -3.6418099474e+01    2.0801274035e+04    2.0784775120e+00    9.9894584312e-01
        62   -3.6037713496e+01    1.2994379696e+03   -4.7865077658e+01    1.1827364161e+01   -8.6501270468e+00    3.7358375935e+00   -6.5326887301e+00   -3.6418099474e+01    2.0880173701e+04    2.0882983660e+00    9.9894127950e-01
        63   -3.6043032745e+01    1.2997983626e+03   -4.7819209906e+01    1.1776177161e+01   -8.6358042168e+00    3.7483685771e+00   -6.5136747922e+00   -3.6418099474e+01    2.1014685527e+04    2.1053667990e+00    9.9898546686e-01
        64   -3.6027648284e+01    1.2986916514e+03   -4.7899430517e+01    1.1871782233e+01   -8.5862975993e+00    3.6437278761e+00   -6.5387613197e+00   -3.6418099474e+01    2.1129178236e+04    2.1225507650e+00    9.9895062354e-01
        65   -3.6014553357e+01    1.2977648244e+03   -4.7905957111e+01    1.1891403754e+01   -8.5740675491e+00    3.6136040663e+00   -6.5273941537e+00   -3.6418099474e+01    2.1104769530e+04    2.1215019490e+00    9.9890216590e-01
        66   -3.6009672858e+01    1.2974127555e+03   -4.7841296543e+01    1.1831623685e+01   -8.6332987870e+00    3.7300178497e+00   -6.5199161316e+00   -3.6418099474e+01    2.1100756712e+04    2.1201995120e+00    9.9901028626e-01
        67   -3.6017763879e+01    1.2980200436e+03   -4.7891318131e+01    1.1873554252e+01   -8.6302119182e+00    3.6867138269e+00   -6.5297205656e+00   -3.6418099474e+01    2.0989330433e+04    2.0986408270e+00    9.9898109844e-01
        68   -3.6015798564e+01    1.2978376405e+03   -4.7989105971e+01    1.1973307408e+01   -8.5937545514e+00    3.5885580593e+00   -6.5658100050e+00   -3.6418099474e+01    2.0869504838e+04    2.0948529260e+00    9.9899059025e-01
        69   -3.6003815452e+01    1.2969412023e+03   -4.7827129336e+01    1.1823313884e+01   -8.5829673085e+00    3.7378597171e+00   -6.5639222701e+00   -3.6418099474e+01    2.0843267624e+04    2.0933632190e+00    9.9892434073e-01
        70   -3.6003353271e+01    1.2969201046e+03   -4.7759901704e+01    1.1756548434e+01   -8.5811212831e+00    3.7762551793e+00   -6.5369361265e+00   -3.6418099474e+01    2.0765057896e+04    2.0833042950e+00    9.9902684933e-01
        71   -3.5999778323e+01    1.2966489857e+03   -4.7774582112e+01    1.1774803789e+01   -8.5654426770e+00    3.7833157371e+00   -6.5743556983e+00   -3.6418099474e+01    2.0887056148e+04    2.0914259880e+00    9.9901040527e-01
        72   -3.6021444221e+01    1.2981998368e+03   -4.7784370101e+01    1.1762925880e+01   -8.4935487017e+00    3.6973284259e+00   -6.5700503506e+00   -3.6418099474e+01    2.0887279172e+04    2.0895807150e+00    9.9893499904e-01
        73   -3.6042825708e+01    1.2998055066e+03   -4.7810004873e+01    1.1767179166e+01   -8.4832878787e+00    3.6669075352e+00   -6.5755250557e+00   -3.6418099474e+01    2.0878277753e+04    2.0920604380e+00    9.9886414955e-01
        74   -3.6031900002e+01    1.2990332801e+03   -4.7714385113e+01    1.1682485111e+01   -8.4683740655e+00    3.7323648030e+00   -6.5602763763e+00   -3.6418099474e+01    2.1065022579e+04    2.1238356360e+00    9.9902192117e-01
        75   -3.6037447162e+01    1.2994063017e+03   -4.7755615832e+01    1.1718168670e+01   -8.4578217888e+00    3.6794389861e+00   -6.5591335547e+00   -3.6418099474e+01    2.1161050271e+04    2.1425046780e+00    9.9889305120e-01
        76   -3.6039120748e+01    1.2995434707e+03   -4.7798736382e+01    1.1759615633e+01   -8.4790256850e+00    3.6397735941e+00   -6.5413848166e+00   -3.6418099474e+01    2.1057288952e+04    2.1136682090e+00    9.9893671144e-01
        77   -3.6041750767e+01    1.2997378531e+03   -4.7833895127e+01    1.1792144360e+01   -8.5230304674e+00    3.6490536772e+00   -6.5418188628e+00   -3.6418099474e+01    2.0962813568e+04    2.0992611960e+00    9.9893013874e-01
        78   -3.6073220068e+01    1.3020197641e+03   -4.7833703826e+01    1.1760483758e+01   -8.5514932593e+00    3.6800834210e+00   -6.5441945136e+00   -3.6418099474e+01    2.0918531417e+04    2.1023810500e+00    9.9898047011e-01
        79   -3.6052572830e+01    1.3005147079e+03   -4.7755404201e+01    1.1702831371e+01   -8.5542128034e+00    3.7525207586e+00   -6.5356126818e+00   -3.6418099474e+01    2.0910420645e+04    2.1117865280e+00    9.9891536796e-01
        80   -3.6043194601e+01    1.2998435449e+03   -4.7803336218e+01    1.1760141616e+01   -8.4963137422e+00    3.6452579240e+00   -6.5341809252e+00   -3.6418099474e+01    2.0811682877e+04    2.0988569470e+00    9.9904068590e-01
        81   -3.6037392692e+01    1.2994378335e+03   -4.7762834373e+01    1.1725441681e+01   -8.5231794947e+00    3.6954469867e+00   -6.5170023910e+00   -3.6418099474e+01    2.0766591575e+04    2.1301470050e+00    9.9891139101e-01
        82   -3.6038921181e+01    1.2995414471e+03   -4.7704267217e+01    1.1665346036e+01   -8.5491255060e+00    3.7870612108e+00   -6.5241034481e+00   -3.6418099474e+01    2.0738793590e+04    2.1024524460e+00    9.9893403043e-01
        83   -3.6035797287e+01    1.2993260942e+03   -4.7736843637e+01    1.1701046351e+01   -8.5586178795e+00    3.7529703358e+00   -6.5130966194e+00   -3.6418099474e+01    2.0710062071e+04    2.0981174750e+00    9.9897220115e-01
        84   -3.6024952378e+01    1.2985290802e+03   -4.7774638531e+01    1.1749686153e+01   -8.5836901426e+00    3.7350868508e+00   -6.5079357649e+00   -3.6418099474e+01    2.0650942183e+04    2.1039460300e+00    9.9899703260e-01
        85   -3.6037442932e+01    1.2994355750e+03   -4.7688196147e+01    1.1650753214e+01   -8.6122009023e+00    3.8196745547e+00   -6.4775703250e+00   -3.6418099474e+01    2.0585095075e+04    2.0966117140e+00    9.9898152518e-01
        86   -3.6035973667e+01    1.2992658490e+03   -4.7783023971e+01    1.1747050303e+01   -8.6143754626e+00    3.7393557243e+00   -6.4899047581e+00   -3.6418099474e+01    2.0544590730e+04    2.0941752920e+00    9.9894819925e-01
        87   -3.6020618891e+01    1.2981253560e+03   -4.7734184319e+01    1.1713565428e+01   -8.6393757627e+00    3.8256600144e+00   -6.5023690962e+00   -3.6418099474e+01    2.0636633549e+04    2.0884472230e+00    9.9895655244e-01
        88   -3.6019709339e+01    1.2980921736e+03   -4.7765158300e+01    1.1745448961e+01   -8.6016510189e+00    3.7852582846e+00   -6.5306660915e+00   -3.6418099474e+01    2.0626180581e+04    2.0808332560e+00    9.9898201561e-01
        89   -3.6023275281e+01    1.2983768430e+03   -4.7691673429e+01    1.1668398148e+01   -8.5279694346e+00    3.8165384280e+00   -6.5621429484e+00   -3.6418099474e+01    2.0528930686e+04    2.0851087230e+00    9.9895623130e-01
        90   -3.6020430330e+01    1.2982151067e+03   -4.7748362654e+01    1.1727932324e+01   -8.5646552118e+00    3.8151034925e+00   -6.5807114606e+00   -3.6418099474e+01    2.0504930089e+04    2.0693389140e+00    9.9903512561e-01
        91   -3.6034311687e+01    1.2991915663e+03   -4.7749241260e+01    1.1714929573e+01   -8.5428424356e+00    3.7598818265e+00   -6.5481811771e+00   -3.6418099474e+01    2.0494365010e+04    2.0806821210e+00    9.9892820545e-01
        92   -3.6029125903e+01    1.2988343428e+03   -4.7887070763e+01    1.1857944859e+01   -8.5101367739e+00    3.6007531235e+00   -6.5595876380e+00   -3.6418099474e+01    2.0383347561e+04    2.0451701910e+00    9.9899771507e-01
        93   -3.6059382786e+01    1.3010175037e+03   -4.7833079032e+01    1.1773696246e+01   -8.6345445656e+00    3.7531500749e+00   -6.5335850676e+00   -3.6418099474e+01    2.0358115980e+04    2.0343731960e+00    9.9895577396e-01
        94   -3.6052993730e+01    1.3005111559e+03   -4.7818862158e+01    1.1765868428e+01   -8.6749806285e+00    3.8008684328e+00   -6.5266504877e+00   -3.6418099474e+01    2.0386466111e+04    2.0618374870e+00    9.9887669985e-01
        95   -3.6055317486e+01    1.3006767544e+03   -4.7817459686e+01    1.1762142201e+01   -8.5953256241e+00    3.7023025467e+00   -6.5063371348e+00   -3.6418099474e+01    2.0281684935e+04    2.0283321210e+00    9.9893952846e-01
        96   -3.6041311299e+01    1.2996544428e+03   -4.7666143331e+01    1.1624832031e+01   -8.6520672589e+00    3.9005233160e+00   -6.4964999136e+00   -3.6418099474e+01    2.0299106937e+04    2.0262952420e+00    9.9895113264e-01
        97   -3.6028788754e+01    1.2987885839e+03   -4.7689562865e+01    1.1660774111e+01   -8.6019302065e+00    3.8375212392e+00   -6.5070544236e+00   -3.6418099474e+01    2.0304116525e+04    2.0397432370e+00    9.9897617406e-01
        98   -3.6035224984e+01    1.2992361476e+03   -4.7749889418e+01    1.1714664434e+01   -8.5076450559e+00    3.6880301305e+00   -6.5121750185e+00   -3.6418099474e+01    2.0644531957e+04    2.0826190700e+00    9.9894469510e-01
        99   -3.6028625804e+01    1.2987332998e+03   -4.7770611060e+01    1.1741985256e+01   -8.5143377441e+00    3.6634752602e+00   -6.5016491020e+00   -3.6418099474e+01    2.0728654872e+04    2.0875720430e+00    9.9896807404e-01
       100   -3.6036293874e+01    1.2992642870e+03   -4.7779974518e+01    1.1743680644e+01   -8.4677873254e+00    3.6245046934e+00   -6.5185924117e+00   -3.6418099474e+01    2.0815034565e+04    2.0831094570e+00    9.9900145492e-01
       101   -3.6024926923e+01    1.2984638832e+03   -4.7868094961e+01    1.1843168038e+01   -8.4600578556e+00    3.5427956685e+00   -6.5327332994e+00   -3.6418099474e+01    2.0953727854e+04    2.1078088500e+00    9.9897418770e-01
       102   -3.6026419515e+01    1.2986231477e+03   -4.7872090792e+01    1.1845671277e+01   -8.5022438964e+00    3.5607235278e+00   -6.5124709495e+00   -3.6418099474e+01    2.0904878075e+04    2.0913337060e+00    9.9890170330e-01
       103   -3.6038354858e+01    1.2994938517e+03   -4.7822294797e+01    1.1783939940e+01   -8.5826978689e+00    3.6810369722e+00   -6.5025344266e+00   -3.6418099474e+01    2.0960221341e+04    2.0960511170e+00    9.9896586503e-01
       104   -3.6033517197e+01    1.2991012358e+03   -4.7887460614e+01    1.1853943417e+01   -8.5672079015e+00    3.6141662805e+00   -6.5163195190e+00   -3.6418099474e+01    2.0966540763e+04    2.0988899670e+00    9.9898324137e-01
       105   -3.6036077603e+01    1.2992734754e+03   -4.7771914895e+01    1.1735837292e+01   -8.5896650266e+00    3.7667335125e+00   -6.5308839072e+00   -3.6418099474e+01    2.0947415810e+04    2.0952124570e+00    9.9895329015e-01
       106   -3.6022146269e+01    1.2982604678e+03   -4.7811452600e+01    1.1789306331e+01   -8.5551785273e+00    3.7005392559e+00   -6.5387138540e+00   -3.6418099474e+01    2.1004974846e+04    2.1028978260e+00    9.9893763131e-01
       107   -3.6018057170e+01    1.2979395422e+03   -4.7885452946e+01    1.1867395776e+01   -8.5602479874e+00    3.6084122668e+00   -6.5155177516e+00   -3.6418099474e+01    2.0959097477e+04    2.0930170760e+00    9.9896601300e-01
       108   -3.5991744187e+01    1.2960710397e+03   -4.7893496379e+01    1.1901752192e+01   -8.5931021222e+00    3.6339199773e+00   -6.5162147601e+00   -3.6418099474e+01    2.0941915135e+04    2.0998906580e+00    9.9900462237e-01
       109   -3.6005976001e+01    1.2970940220e+03   -4.7746394182e+01    1.1740418181e+01   -8.6303174782e+00    3.8051238084e+00   -6.5031010377e+00   -3.6418099474e+01    2.0768613546e+04    2.0881157060e+00    9.9891014357e-01
       110   -3.6027618814e+01    1.2986829502e+03   -4.7743310740e+01    1.1715691927e+01   -8.5941266094e+00    3.7653106116e+00   -6.4963952681e+00   -3.6418099474e+01    2.0822911145e+04    2.0911432930e+00    9.9894534305e-01
       111   -3.6016775640e+01    1.2979016916e+03   -4.7747041020e+01    1.1730265381e+01   -8.5607188556e+00    3.7340546696e+00   -6.5022773602e+00   -3.6418099474e+01    2.0799509958e+04    2.0844408220e+00    9.9891166272e-01
       112   -3.6014809329e+01    1.2977798358e+03   -4.7735801838e+01    1.1720992509e+01   -8.5031342233e+00    3.7020328151e+00   -6.5166009557e+00   -3.6418099474e+01    2.0597649872e+04    2.0842977280e+00    9.9899796820e-01
       113   -3.6018383627e+01    1.2980285547e+03   -4.7741229173e+01    1.1722845546e+01   -8.4542363128e+00    3.6194097261e+00   -6.4883031123e+00   -3.6418099474e+01    2.0680294752e+04    2.0921214250e+00    9.9891392933e-01
       114   -3.6020479380e+01    1.2981765762e+03   -4.7809005212e+01    1.1788525832e+01   -8.5595565458e+00    3.7034570372e+00   -6.5348062288e+00   -3.6418099474e+01    2.0574329806e+04    2.0761055610e+00    9.9896902922e-01
       115   -3.6022553753e+01    1.2983395401e+03   -4.7850907396e+01    1.1828353643e+01   -8.5828617091e+00    3.6843506345e+00   -6.5342968474e+00   -3.6418099474e+01    2.0342638530e+04    2.0335748820e+00    9.9901856820e-01
       116   -3.6023397418e+01    1.2983896584e+03   -4.7840151965e+01    1.1816754547e+01   -8.5250746469e+00    3.6263025321e+00   -6.5232803761e+00   -3.6418099474e+01    2.0344854295e+04    2.0360241210e+00    9.9896599910e-01
       117   -3.6034540556e+01    1.2991869683e+03   -4.7855129043e+01    1.1820588487e+01   -8.5334122959e+00    3.6541287327e+00   -6.5577460058e+00   -3.6418099474e+01    2.0471944223e+04    2.0769054910e+00    9.9893746947e-01
       118   -3.6015170027e+01    1.2977791731e+03   -4.7823282212e+01    1.1808112186e+01   -8.5916472135e+00    3.7668241153e+00   -6.5803596401e+00   -3.6418099474e+01    2.0521367812e+04    2.0733581190e+00    9.9894896567e-01
       119   -3.6026869367e+01    1.2986675039e+03   -4.7857739535e+01    1.1830870168e+01   -8.5975344521e+00    3.7307694418e+00   -6.5728750503e+00   -3.6418099474e+01    2.0632835912e+04    2.0883503380e+00    9.9890091250e-01
       120   -3.6012489036e+01    1.2976462376e+03   -4.7822530525e+01    1.1810041489e+01   -8.6285210315e+00    3.7849185403e+00   -6.5608285600e+00   -3.6418099474e+01    2.0586835401e+04    2.0919163250e+00    9.9899401264e-01
       121   -3.6030715034e+01    1.2989464285e+03   -4.7863224571e+01    1.1832509537e+01   -8.6765617231e+00    3.7855666922e+00   -6.5541300656e+00   -3.6418099474e+01    2.0557036291e+04    2.0788247400e+00    9.9890721965e-01
       122   -3.6028512290e+01    1.2987701486e+03   -4.7845900520e+01    1.1817388230e+01   -8.6311242336e+00    3.7334065411e+00   -6.5300833536e+00   -3.6418099474e+01    2.0536720551e+04    2.0800376720e+00    9.9895310902e-01
       123   -3.6019899911e+01    1.2981997996e+03   -4.7840060145e+01    1.1820160234e+01   -8.5677497936e+00    3.6679409223e+00   -6.5221517991e+00   -3.6418099474e+01    2.0488666915e+04    2.0640934720e+00    9.9892456250e-01
       124   -3.6038974322e+01    1.2995980859e+03   -4.7825024469e+01    1.1786050146e+01   -8.5606599518e+00    3.6735425095e+00   -6.5198075524e+00   -3.6418099474e+01    2.0580531580e+04    2.0723683570e+00    9.9898821961e-01
       125   -3.6023199599e+01    1.2983971831e+03   -4.7798905123e+01    1.1775705525e+01   -8.5289403907e+00    3.6702541408e+00   -6.5221193991e+00   -3.6418099474e+01    2.0388285499e+04    2.0346659840e+00    9.9898749965e-01
       126   -3.6026058098e+01    1.2985742328e+03   -4.7823129951e+01    1.1797071853e+01   -8.4997900865e+00    3.5946251665e+00   -6.4998655569e+00   -3.6418099474e+01    2.0164633049e+04    2.0177473260e+00    9.9895312256e-01
       127   -3.6035526520e+01    1.2992849425e+03   -4.7781753364e+01    1.1746226844e+01   -8.5074660198e+00    3.6391568349e+00   -6.4953447049e+00   -3.6418099474e+01    2.0198857877e+04    2.0136704240e+00    9.9890526182e-01
       128   -3.6037442548e+01    1.2994053690e+03   -4.7762813503e+01    1.1725370956e+01   -8.5346019265e+00    3.6789245753e+00   -6.4890366779e+00   -3.6418099474e+01    2.0209987752e+04    2.0272389480e+00    9.9890939301e-01
       129   -3.6032856037e+01    1.2990724888e+03   -4.7774136739e+01    1.1741280703e+01   -8.5776610568e+00    3.7314115362e+00   -6.5097877447e+00   -3.6418099474e+01    2.0193319362e+04    2.0166288650e+00    9.9902174451e-01
       130   -3.6029917878e+01    1.2988391063e+03   -4.7762650172e+01    1.1732732294e+01   -8.6161828714e+00    3.7612106200e+00   -6.4895784465e+00   -3.6418099474e+01    2.0338281930e+04    2.0323407110e+00    9.9900949758e-01
       131   -3.6030638659e+01    1.2989228575e+03   -4.7779629541e+01    1.1748990882e+01   -8.6282376591e+00    3.7550340799e+00   -6.4883264872e+00   -3.6418099474e+01    2.0312300132e+04    2.0336897800e+00    9.9894140817e-01
       132   -3.6008134726e+01    1.2972578378e+03   -4.7847277180e+01    1.1839142454e+01   -8.5839694652e+00    3.6331620715e+00   -6.4783703124e+00   -3.6418099474e+01    2.0379471434e+04    2.0334451600e+00    9.9900297181e-01
       133   -3.6040889999e+01    1.2996565645e+03   -4.7814538140e+01    1.1773648142e+01   -8.5243175535e+00    3.6099508943e+00   -6.4820720068e+00   -3.6418099474e+01    2.0391497656e+04    2.0338170630e+00    9.9891567869e-01
       134   -3.6017887128e+01    1.2979906582e+03   -4.7747517559e+01    1.1729630431e+01   -8.5150867411e+00    3.6992945100e+00   -6.5136258535e+00   -3.6418099474e+01    2.0452625171e+04    2.0458474640e+00    9.9899251282e-01
       135   -3.6008369972e+01    1.2973140810e+03   -4.7800222528e+01    1.1791852555e+01   -8.5748219461e+00    3.7113513386e+00   -6.5186524460e+00   -3.6418099474e+01    2.0420302669e+04    2.0383300720e+00    9.9891578822e-01
       136   -3.6014249445e+01    1.2977491555e+03   -4.7805586745e+01    1.1791337300e+01   -8.5370354156e+00    3.6768089562e+00   -6.5272608109e+00   -3.6418099474e+01    2.0422871112e+04    2.0428951200e+00    9.9899807659e-01
       137   -3.6029414344e+01    1.2988489578e+03   -4.7800801973e+01    1.1771387629e+01   -8.4900566904e+00    3.6666231495e+00   -6.5592689583e+00   -3.6418099474e+01    2.0502650362e+04    2.0727598440e+00    9.9900880750e-01
       138   -3.6043211489e+01    1.2998297877e+03   -4.7770808089e+01    1.1727596599e+01   -8.5299326191e+00    3.7277835615e+00   -6.5505595571e+00   -3.6418099474e+01    2.0707207412e+04    2.1144264660e+00    9.9897717708e-01
       139   -3.6044284858e+01    1.2998956027e+03   -4.7794358323e+01    1.1750073465e+01   -8.5137959682e+00    3.7119471577e+00   -6.5744100383e+00   -3.6418099474e+01    2.0696512122e+04    2.1372976090e+00    9.9885755704e-01
       140   -3.6032060120e+01    1.2990205777e+03   -4.7813827976e+01    1.1781767856e+01   -8.5211955399e+00    3.7037282342e+00   -6.5782611960e+00   -3.6418099474e+01    2.0767415117e+04    2.0896492690e+00    9.9898371887e-01
       141   -3.6039727318e+01    1.2995522590e+03   -4.7787054132e+01    1.1747326814e+01   -8.4833004878e+00    3.6859920662e+00   -6.5716462358e+00   -3.6418099474e+01    2.0774614286e+04    2.0912180680e+00    9.9888602372e-01
       142   -3.6034658268e+01    1.2991965428e+03   -4.7814560247e+01    1.1779901979e+01   -8.5119849653e+00    3.6733490711e+00   -6.5578248787e+00   -3.6418099474e+01    2.0766986456e+04    2.0933844090e+00    9.9901290447e-01
       143   -3.6034890259e+01    1.2992123273e+03   -4.7722694397e+01    1.1687804138e+01   -8.5820601022e+00    3.8416331332e+00   -6.5641679542e+00   -3.6418099474e+01    2.0799735310e+04    2.0905788780e+00    9.9903850776e-01
       144   -3.6044658797e+01    1.2998832171e+03   -4.7809417085e+01    1.1764758288e+01   -8.5646232290e+00    3.7196699795e+00   -6.5463643608e+00   -3.6418099474e+01    2.1006623040e+04    2.1110447270e+00    9.9887797846e-01
       145   -3.6034955540e+01    1.2992027657e+03   -4.7817856050e+01    1.1782900510e+01   -8.5530687087e+00    3.7031743023e+00   -6.5498621695e+00   -3.6418099474e+01    2.0831930597e+04    2.0877231420e+00    9.9897146148e-01
       146   -3.6054880956e+01    1.3007005701e+03   -4.7772164461e+01    1.1717283505e+01   -8.5424119770e+00    3.7395179604e+00   -6.5511709699e+00   -3.6418099474e+01    2.0674917964e+04    2.0813972000e+00    9.9893748618e-01
       147   -3.6065301235e+01    1.3014394554e+03   -4.7827727613e+01    1.1762426378e+01   -8.4784441828e+00    3.6092116452e+00   -6.5403956013e+00   -3.6418099474e+01    2.0644409304e+04    2.0877122170e+00    9.9897899852e-01
       148   -3.6049521531e+01    1.3003126897e+03   -4.7677260559e+01    1.1627739028e+01   -8.5271236568e+00    3.8086029326e+00   -6.5406403609e+00   -3.6418099474e+01    2.0758149384e+04    2.0835316600e+00    9.9901405446e-01
       149   -3.6043750350e+01    1.2999266710e+03   -4.7742387047e+01    1.1698636697e+01   -8.5701888283e+00    3.7771065734e+00   -6.5312053183e+00   -3.6418099474e+01    2.0826496054e+04    2.0852925970e+00    9.9891452716e-01
       150   -3.6052318579e+01    1.3005196458e+03   -4.7793224649e+01    1.1740906070e+01   -8.5484137632e+00    3.7117374472e+00   -6.5384488590e+00   -3.6418099474e+01    2.0899898429e+04    2.0856673540e+00    9.9895928035e-01
       151   -3.6057507915e+01    1.3008170588e+03   -4.7759399010e+01    1.1701891095e+01   -8.4976002087e+00    3.6676144986e+00   -6.5113138258e+00   -3.6418099474e+01    2.0919897069e+04    2.0905162880e+00    9.9896022564e-01
       152   -3.6048872050e+01    1.3001918049e+03   -4.7749965415e+01    1.1701093365e+01   -8.4637395814e+00    3.6465092165e+00   -6.5146355757e+00   -3.6418099474e+01    2.0972653578e+04    2.0967677460e+00    9.9894932941e-01
       153   -3.6039526802e+01    1.2995984917e+03   -4.7838278535e+01    1.1798751733e+01   -8.4073208646e+00    3.5069249419e+00   -6.5197831387e+00   -3.6418099474e+01    2.1095104813e+04    2.1124939250e+00    9.9901484837e-01
       154   -3.6053762015e+01    1.3006314841e+03   -4.7789481897e+01    1.1735719882e+01   -8.4932559080e+00    3.6493160000e+00   -6.5274425149e+00   -3.6418099474e+01    2.0935324134e+04    2.0944347590e+00    9.9891159712e-01
       155   -3.6046968546e+01    1.3001783735e+03   -4.7848133198e+01    1.1801164653e+01   -8.4624668808e+00    3.5940966785e+00   -6.5616635220e+00   -3.6418099474e+01    2.0993100511e+04    2.0919215340e+00    9.9903033520e-01
       156   -3.6046288742e+01    1.3000661380e+03   -4.7763890043e+01    1.1717601301e+01   -8.4847073562e+00    3.7163438825e+00   -6.5774270951e+00   -3.6418099474e+01    2.0950193534e+04    2.1002552630e+00    9.9897550066e-01
       157   -3.6033599783e+01    1.2991052231e+03   -4.7788091060e+01    1.1754491278e+01   -8.5099172922e+00    3.7015093961e+00   -6.5615836900e+00   -3.6418099474e+01    2.0828502099e+04    2.0890582490e+00    9.9892673694e-01
       158   -3.6024604943e+01    1.2984560789e+03   -4.7835810144e+01    1.1811205200e+01   -8.4842372873e+00    3.6269348943e+00   -6.5604082766e+00   -3.6418099474e+01    2.0831742916e+04    2.0796132100e+00    9.9902641033e-01
       159   -3.6007071133e+01    1.2971890679e+03   -4.7678632008e+01    1.1671560875e+01   -8.4879315080e+00    3.7766249916e+00   -6.5492260176e+00   -3.6418099474e+01    2.0845804570e+04    2.0823647940e+00    9.9902040033e-01
       160   -3.6006922113e+01    1.2971844704e+03   -4.7674946973e+01    1.1668024860e+01   -8.4575622935e+00    3.7601203823e+00   -6.5594055875e+00   -3.6418099474e+01    2.0922586024e+04    2.0945741060e+00    9.9889773883e-01
       161   -3.6011202085e+01    1.2975125521e+03   -4.7711831552e+01    1.1700629468e+01   -8.4106094878e+00    3.6712912267e+00   -6.5544138170e+00   -3.6418099474e+01    2.0984974375e+04    2.0977350700e+00    9.9894697805e-01
       162   -3.6014459472e+01    1.2977301205e+03   -4.7763282389e+01    1.1748822917e+01   -8.3892863740e+00    3.5912536989e+00   -6.5471502400e+00   -3.6418099474e+01    2.1025607303e+04    2.1037029890e+00    9.9892011573e-01
       163   -3.6028653697e+01    1.2987483206e+03   -4.7790131380e+01    1.1761477683e+01   -8.4219379943e+00    3.5969147168e+00   -6.5470086281e+00   -3.6418099474e+01    2.0955382326e+04    2.0937613220e+00    9.9893845420e-01
       164   -3.6019958773e+01    1.2981106425e+03   -4.7796630868e+01    1.1776672096e+01   -8.5274104573e+00    3.6993699737e+00   -6.5504909103e+00   -3.6418099474e+01    2.0794744421e+04    2.0784277980e+00    9.9894574176e-01
       165   -3.6041291977e+01    1.2996541709e+03   -4.7750228243e+01    1.1708936266e+01   -8.5656354987e+00    3.7749638004e+00   -6.5414570709e+00   -3.6418099474e+01    2.0732049632e+04    2.0759265020e+00    9.9898879579e-01
       166   -3.6026331941e+01    1.2986125546e+03   -4.7709995218e+01    1.1683663277e+01   -8.5181827466e+00    3.7645617215e+00   -6.5382747190e+00   -3.6418099474e+01    2.0797723592e+04    2.0815336190e+00    9.9901447046e-01
       167   -3.6041579983e+01    1.2996766183e+03   -4.7718716682e+01    1.1677136698e+01   -8.4701701932e+00    3.7143343383e+00   -6.5447813527e+00   -3.6418099474e+01    2.0680585114e+04    2.0993144320e+00    9.9896207516e-01
       168   -3.6022183107e+01    1.2982703910e+03   -4.7718227108e+01    1.1696044001e+01   -8.5086841176e+00    3.7605117050e+00   -6.5519552210e+00   -3.6418099474e+01    2.0598708601e+04    2.0888419160e+00    9.9902223886e-01
       169   -3.6030068894e+01    1.2988527920e+03   -4.7797477910e+01    1.1767409015e+01   -8.5811748890e+00    3.7423130871e+00   -6.5405166339e+00   -3.6418099474e+01    2.0564285402e+04    2.0754189920e+00    9.9896495433e-01
       170   -3.6022655789e+01    1.2983291696e+03   -4.7832017327e+01    1.1809361538e+01   -8.5924115421e+00    3.7307615615e+00   -6.5522678718e+00   -3.6418099474e+01    2.0448085159e+04    2.0522117630e+00    9.9900274551e-01
       171   -3.6045776578e+01    1.2999915587e+03   -4.7838681181e+01    1.1792904603e+01   -8.5842954015e+00    3.7365216046e+00   -6.5728079099e+00   -3.6418099474e+01    2.0347812273e+04    2.0352959840e+00    9.9896945948e-01
       172   -3.6041734768e+01    1.2997250747e+03   -4.7832872305e+01    1.1791137537e+01   -8.5586686985e+00    3.7126320201e+00   -6.5687361524e+00   -3.6418099474e+01    2.0324365563e+04    2.0352251190e+00    9.9892083802e-01
       173   -3.6025619266e+01    1.2985387323e+03   -4.7840686398e+01    1.1815067132e+01   -8.5182115537e+00    3.6464544389e+00   -6.5508298092e+00   -3.6418099474e+01    2.0315825893e+04    2.0261798300e+00    9.9897858725e-01
       174   -3.6027083039e+01    1.2986396387e+03   -4.7929998881e+01    1.1902915842e+01   -8.5472766349e+00    3.5520863268e+00   -6.5167090982e+00   -3.6418099474e+01    2.0269011861e+04    2.0253576840e+00    9.9904313134e-01
       175   -3.6024770549e+01    1.2984767954e+03   -4.7900738927e+01    1.1875968378e+01   -8.5613031324e+00    3.5763750120e+00   -6.4977113325e+00   -3.6418099474e+01    2.0238714220e+04    2.0230105400e+00    9.9895700238e-01
       176   -3.6036025195e+01    1.2992944975e+03   -4.7868824325e+01    1.1832799130e+01   -8.5876010527e+00    3.6486219071e+00   -6.5117457054e+00   -3.6418099474e+01    2.0218128271e+04    2.0174318140e+00    9.9900351948e-01
       177   -3.6038200242e+01    1.2995449735e+03   -4.7857385536e+01    1.1819185293e+01   -8.5748220343e+00    3.6584409418e+00   -6.5229049689e+00   -3.6418099474e+01    2.0332987765e+04    2.0337927900e+00    9.9897231396e-01
       178   -3.6032298571e+01    1.2990599714e+03   -4.7987128114e+01    1.1954829543e+01   -8.5381191414e+00    3.5392136543e+00   -6.5701231529e+00   -3.6418099474e+01    2.0370807294e+04    2.0573279420e+00    9.9894973454e-01
       179   -3.6021481779e+01    1.2982738057e+03   -4.7850425581e+01    1.1828943801e+01   -8.4969542426e+00    3.6268989360e+00   -6.5622708001e+00   -3.6418099474e+01    2.0450538956e+04    2.0569092430e+00    9.9909369674e-01
       180   -3.6035270241e+01    1.2992350914e+03   -4.7913053613e+01    1.1877783373e+01   -8.4728582686e+00    3.5466845267e+00   -6.5687803971e+00   -3.6418099474e+01    2.0455807284e+04    2.0425486380e+00    9.9898029027e-01
       181   -3.6011897988e+01    1.2975442920e+03   -4.7782086764e+01    1.1770188776e+01   -8.5665499841e+00    3.7401599438e+00   -6.5375972495e+00   -3.6418099474e+01    2.0575805848e+04    2.0790080520e+00    9.9904206581e-01
       182   -3.6018645892e+01    1.2980787599e+03   -4.7705422124e+01    1.1686776232e+01   -8.5935510358e+00    3.8404227403e+00   -6.5341943543e+00   -3.6418099474e+01    2.0508366875e+04    2.0683666860e+00    9.9901446611e-01
       183   -3.6038216214e+01    1.2994918549e+03   -4.7803881771e+01    1.1765665557e+01   -8.5527198439e+00    3.6852911663e+00   -6.5183536190e+00   -3.6418099474e+01    2.0434307270e+04    2.0438554050e+00    9.9886207909e-01
       184   -3.6042552237e+01    1.2997934516e+03   -4.7841382794e+01    1.1798830557e+01   -8.6072050493e+00    3.7154682687e+00   -6.5315465392e+00   -3.6418099474e+01    2.0374985835e+04    2.0386872910e+00    9.9894808446e-01
       185   -3.6042263137e+01    1.2997472345e+03   -4.7892401317e+01    1.1850138180e+01   -8.6060899138e+00    3.6620252422e+00   -6.5302371715e+00   -3.6418099474e+01    2.0348113405e+04    2.0378996790e+00    9.9897477670e-01
       186   -3.6041301201e+01    1.2996946638e+03   -4.7834231905e+01    1.1792930704e+01   -8.6397714503e+00    3.7903281097e+00   -6.5666890906e+00   -3.6418099474e+01    2.0432472653e+04    2.0506510080e+00    9.9895456739e-01
       187   -3.6037930926e+01    1.2994522186e+03   -4.7793727147e+01    1.1755796222e+01   -8.5781616576e+00    3.7653072351e+00   -6.5627732506e+00   -3.6418099474e+01    2.0659157712e+04    2.0801895030e+00    9.9899040888e-01
       188   -3.6065381806e+01    1.3013812251e+03   -4.7804671806e+01    1.1739290000e+01   -8.5386371396e+00    3.7318704652e+00   -6.5798056570e+00   -3.6418099474e+01    2.0716992872e+04    2.0799467710e+00    9.9899644099e-01
       189   -3.6035028825e+01    1.2992092140e+03   -4.7758730378e+01    1.1723701553e+01   -8.5059882297e+00    3.7596162585e+00   -6.5942589324e+00   -3.6418099474e+01    2.0670752281e+04    2.0752052360e+00    9.9894434577e-01
       190   -3.6009903365e+01    1.2973837476e+03   -4.7927779191e+01    1.1917875826e+01   -8.4923587304e+00    3.5810239250e+00   -6.5983449111e+00   -3.6418099474e+01    2.0445438088e+04    2.0495080690e+00    9.9896606890e-01
       191   -3.6013538736e+01    1.2976353218e+03   -4.7873216326e+01    1.1859677590e+01   -8.4464664739e+00    3.5840086415e+00   -6.5926590190e+00   -3.6418099474e+01    2.0470709542e+04    2.0566484330e+00    9.9896209827e-01
       192   -3.6019666679e+01    1.2980957636e+03   -4.7803265641e+01    1.1783598962e+01   -8.4237828828e+00    3.6024487751e+00   -6.5638320595e+00   -3.6418099474e+01    2.0262166354e+04    2.0415639380e+00    9.9897062764e-01
       193   -3.6016427069e+01    1.2979185888e+03   -4.7761993400e+01    1.1745566331e+01   -8.4645192501e+00    3.6835671612e+00   -6.5629418368e+00   -3.6418099474e+01    2.0120178014e+04    2.0124359150e+00    9.9902899178e-01
       194   -3.6013284639e+01    1.2976860139e+03   -4.7732718572e+01    1.1719433933e+01   -8.4931252520e+00    3.7351215330e+00   -6.5566153792e+00   -3.6418099474e+01    2.0053927652e+04    2.0184725130e+00    9.9894208918e-01
       195   -3.6002384224e+01    1.2968398034e+03   -4.7799227110e+01    1.1796842886e+01   -8.5373926784e+00    3.7064977140e+00   -6.5502326714e+00   -3.6418099474e+01    2.0053282137e+04    2.0199620120e+00    9.9897776005e-01
       196   -3.6021960524e+01    1.2982587601e+03   -4.7922627789e+01    1.1900667265e+01   -8.5679332534e+00    3.5941878563e+00   -6.5307829177e+00   -3.6418099474e+01    2.0067316970e+04    2.0178027800e+00    9.9886974476e-01
       197   -3.6043157185e+01    1.2998204239e+03   -4.7794221346e+01    1.1751064162e+01   -8.6138325703e+00    3.7519461775e+00   -6.5142354794e+00   -3.6418099474e+01    2.0069306229e+04    2.0991159670e+00    9.9901377159e-01
       198   -3.6023138315e+01    1.2983877768e+03   -4.7778547402e+01    1.1755409088e+01   -8.6281029692e+00    3.7573471719e+00   -6.4896921310e+00   -3.6418099474e+01    1.9988460087e+04    2.0166789910e+00    9.9891347082e-01
       199   -3.6034582727e+01    1.2991728943e+03   -4.7757735391e+01    1.1723152664e+01   -8.6663513896e+00    3.8064408090e+00   -6.4797253362e+00   -3.6418099474e+01    1.9906823211e+04    2.0138865940e+00    9.9904702082e-01
